,time,year,month,day,hour,wind_direction,wind_speed,pm10,pm25,humidity,dew,visibility,temperature,lost
0,20010100,2020,1,1,0,76.0,1.0,5.0,4.0,66.0,-14.0,30.0,-8.8,False
1,20010101,2020,1,1,1,95.0,2.0,5.0,5.0,61.0,-14.1,30.0,-7.9,False
2,20010102,2020,1,1,2,80.0,2.0,6.0,4.0,66.0,-12.2,30.0,-6.9,False
3,20010103,2020,1,1,3,143.0,0.0,6.0,5.0,70.0,-13.4,30.0,-8.9,False
4,20010104,2020,1,1,4,155.0,1.0,7.0,6.0,68.0,-14.2,30.0,-9.4,False
5,20010105,2020,1,1,5,89.0,2.0,8.0,7.0,67.0,-12.3,30.0,-7.2,False
6,20010106,2020,1,1,6,82.0,1.0,10.0,8.0,71.0,-12.3,30.0,-8.0,False
7,20010107,2020,1,1,7,82.0,2.0,9.0,6.0,68.0,-11.7,30.0,-6.8,False
8,20010108,2020,1,1,8,95.0,2.0,6.0,4.0,65.0,-10.7,30.0,-5.2,False
9,20010109,2020,1,1,9,298.0,0.0,3.0,2.0,60.0,-12.8,30.0,-6.3,False
10,20010110,2020,1,1,10,134.0,2.0,228.0,181.0,74.0,-14.1,30.0,-10.4,False
11,20010111,2020,1,1,11,164.0,1.0,228.0,169.0,72.0,-14.1,30.0,-10.0,False
12,20010112,2020,1,1,12,179.0,0.0,6.0,4.0,65.0,-12.0,30.0,-6.5,False
13,20010113,2020,1,1,13,98.0,1.0,2.0,2.0,65.0,-13.3,30.0,-7.9,False
14,20010114,2020,1,1,14,333.0,1.0,259.0,175.0,66.0,-11.5,30.0,-6.2,False
15,20010115,2020,1,1,15,132.0,1.0,214.0,142.0,68.0,-11.3,30.0,-6.4,False
16,20010116,2020,1,1,16,190.0,0.0,166.0,116.0,72.0,-9.6,30.0,-5.4,False
17,20010117,2020,1,1,17,14.0,2.0,144.0,117.0,67.0,-11.6,30.0,-6.5,False
18,20010118,2020,1,1,18,359.0,1.0,157.0,137.0,69.0,-10.5,30.0,-5.7,False
19,20010119,2020,1,1,19,95.0,2.0,177.0,159.0,72.0,-9.9,30.0,-5.7,False
20,20010120,2020,1,1,20,268.0,1.0,181.0,144.0,60.0,-12.0,30.0,-5.5,False
21,20010121,2020,1,1,21,158.0,2.0,14.0,3.0,65.0,-12.9,30.0,-7.5,False
22,20010122,2020,1,1,22,77.0,2.0,15.0,5.0,63.0,-11.6,30.0,-5.7,False
23,20010123,2020,1,1,23,97.0,1.0,14.0,7.0,69.0,-11.4,30.0,-6.7,False
24,20010200,2020,1,2,0,121.0,1.0,11.0,8.0,67.0,-13.0,30.0,-8.0,False
25,20010201,2020,1,2,1,102.0,1.0,8.0,8.0,63.0,-12.8,30.0,-6.9,False
26,20010202,2020,1,2,2,103.0,3.0,173.0,155.0,59.0,-11.9,30.0,-5.1,False
27,20010203,2020,1,2,3,96.0,2.0,191.0,152.0,57.0,-13.1,30.0,-6.0,False
28,20010204,2020,1,2,4,87.0,3.0,4.0,4.0,57.0,-12.5,30.0,-5.3,False
29,20010205,2020,1,2,5,144.0,1.0,189.0,153.0,62.0,-12.8,30.0,-6.7,False
30,20010206,2020,1,2,6,179.0,1.0,181.0,163.0,67.0,-13.8,30.0,-8.8,False
31,20010207,2020,1,2,7,153.0,3.0,5.0,4.0,68.0,-13.7,30.0,-8.9,False
32,20010208,2020,1,2,8,96.0,2.0,6.0,3.0,61.0,-12.8,30.0,-6.5,False
33,20010209,2020,1,2,9,46.0,0.0,7.0,2.0,63.0,-15.2,30.0,-9.5,False
34,20010210,2020,1,2,10,52.0,0.0,4.0,3.0,69.0,-13.5,30.0,-8.9,False
35,20010211,2020,1,2,11,96.0,1.0,9.0,6.0,70.0,-13.9,30.0,-9.5,False
36,20010212,2020,1,2,12,88.0,2.0,12.0,5.0,65.0,-13.3,30.0,-7.9,False
37,20010213,2020,1,2,13,137.0,0.0,9.0,4.0,67.0,-12.9,30.0,-7.8,False
38,20010214,2020,1,2,14,155.0,2.0,5.0,3.0,71.0,-11.5,30.0,-7.1,False
39,20010215,2020,1,2,15,292.0,1.0,3.0,2.0,62.0,-11.2,30.0,-5.1,False
40,20010216,2020,1,2,16,183.0,2.0,2.0,2.0,67.0,-11.3,30.0,-6.2,False
41,20010217,2020,1,2,17,144.0,3.0,8.0,4.0,71.0,-12.2,4.2,-7.9,False
42,20010218,2020,1,2,18,0.0,0.0,16.0,6.0,72.0,-12.8,23.2,-8.7,False
43,20010219,2020,1,2,19,153.0,0.0,15.0,4.0,76.0,-13.3,30.0,-9.9,False
44,20010220,2020,1,2,20,154.0,1.0,11.0,2.0,79.0,-12.0,30.0,-9.0,False
45,20010221,2020,1,2,21,79.0,2.0,9.0,4.0,74.0,-12.5,30.0,-8.7,False
46,20010222,2020,1,2,22,82.0,2.0,9.0,5.0,70.0,-12.3,30.0,-7.8,False
47,20010223,2020,1,2,23,139.0,1.0,8.0,5.0,73.0,-13.7,30.0,-9.8,False
48,20010300,2020,1,3,0,192.0,1.0,6.0,4.0,76.0,-13.1,30.0,-9.7,False
49,20010301,2020,1,3,1,85.0,2.0,4.0,2.0,69.0,-13.3,30.0,-8.6,False
50,20010302,2020,1,3,2,88.0,2.0,131.0,99.0,64.0,-13.1,30.0,-7.5,False
51,20010303,2020,1,3,3,91.0,2.0,151.0,109.0,59.0,-14.0,30.0,-7.4,False
52,20010304,2020,1,3,4,124.0,1.0,150.0,93.0,61.0,-15.7,30.0,-9.6,False
53,20010305,2020,1,3,5,83.0,0.0,168.0,124.0,61.0,-14.7,30.0,-8.5,False
54,20010306,2020,1,3,6,87.0,0.0,150.0,122.0,64.0,-15.2,30.0,-9.7,False
55,20010307,2020,1,3,7,155.0,2.0,154.0,118.0,64.0,-16.8,30.0,-11.3,False
56,20010308,2020,1,3,8,164.0,2.0,135.0,98.0,65.0,-15.8,30.0,-10.5,False
57,20010309,2020,1,3,9,151.0,2.0,96.0,77.0,61.0,-15.4,30.0,-9.3,False
58,20010310,2020,1,3,10,78.0,2.0,112.0,110.0,59.0,-14.4,30.0,-7.8,False
59,20010311,2020,1,3,11,57.0,2.0,91.0,81.0,54.0,-14.5,30.0,-6.7,False
60,20010312,2020,1,3,12,120.0,0.0,98.0,85.0,52.0,-14.5,30.0,-6.3,False
61,20010313,2020,1,3,13,140.0,2.0,106.0,83.0,55.0,-12.5,30.0,-4.9,False
62,20010314,2020,1,3,14,171.0,1.0,106.0,82.0,57.0,-11.6,30.0,-4.4,False
63,20010315,2020,1,3,15,71.0,0.0,110.0,83.0,46.0,-12.9,30.0,-2.9,False
64,20010316,2020,1,3,16,308.0,1.0,118.0,82.0,46.0,-13.9,30.0,-4.0,False
65,20010317,2020,1,3,17,15.0,0.0,5.0,3.0,47.0,-13.5,30.0,-3.8,False
66,20010318,2020,1,3,18,61.0,1.0,113.0,89.0,50.0,-14.3,30.0,-5.5,False
67,20010319,2020,1,3,19,47.0,1.0,131.0,90.0,57.0,-14.5,30.0,-7.5,False
68,20010320,2020,1,3,20,59.0,1.0,122.0,86.0,57.0,-15.0,30.0,-8.0,False
69,20010321,2020,1,3,21,59.0,2.0,5.0,1.0,57.0,-15.2,30.0,-8.2,False
70,20010322,2020,1,3,22,60.0,2.0,3.0,3.0,54.0,-16.0,30.0,-8.3,False
71,20010323,2020,1,3,23,100.0,2.0,130.0,97.0,54.0,-15.6,30.0,-7.9,False
72,20010400,2020,1,4,0,92.0,3.0,149.0,102.0,51.0,-15.5,30.0,-7.1,False
73,20010401,2020,1,4,1,118.0,1.0,171.0,98.0,59.0,-18.1,30.0,-11.7,False
74,20010402,2020,1,4,2,158.0,2.0,139.0,86.0,58.0,-16.2,30.0,-9.5,False
75,20010403,2020,1,4,3,171.0,0.0,131.0,92.0,61.0,-17.6,30.0,-11.6,False
76,20010404,2020,1,4,4,158.0,3.0,121.0,91.0,63.0,-16.8,30.0,-11.2,False
77,20010405,2020,1,4,5,171.0,4.0,111.0,90.0,59.0,-17.3,30.0,-10.9,False
78,20010406,2020,1,4,6,151.0,3.0,115.0,96.0,60.0,-16.6,30.0,-10.3,False
79,20010407,2020,1,4,7,151.0,3.0,115.0,96.0,60.0,-16.6,30.0,-10.3,False
80,20010408,2020,1,4,8,193.0,1.0,117.0,102.0,57.0,-17.4,30.0,-10.5,False
81,20010409,2020,1,4,9,133.0,2.0,130.0,105.0,65.0,-17.0,30.0,-11.7,False
82,20010410,2020,1,4,10,92.0,2.0,126.0,102.0,59.0,-16.2,21.3,-9.7,False
83,20010411,2020,1,4,11,59.0,1.0,127.0,107.0,55.0,-15.9,30.0,-8.5,False
84,20010412,2020,1,4,12,29.0,1.0,119.0,100.0,52.0,-15.6,30.0,-7.4,False
85,20010413,2020,1,4,13,26.0,2.0,107.0,78.0,51.0,-15.3,30.0,-6.9,False
86,20010414,2020,1,4,14,13.0,1.0,171.0,114.0,47.0,-15.1,28.8,-5.6,False
87,20010415,2020,1,4,15,12.0,2.0,172.0,113.0,47.0,-14.9,30.0,-5.4,False
88,20010416,2020,1,4,16,12.0,1.0,4.0,2.0,48.0,-14.9,30.0,-5.6,False
89,20010417,2020,1,4,17,14.0,1.0,8.0,3.0,50.0,-15.5,30.0,-6.8,False
90,20010418,2020,1,4,18,44.0,1.0,15.0,5.0,54.0,-15.7,30.0,-8.0,False
91,20010419,2020,1,4,19,54.0,1.0,13.0,5.0,57.0,-15.6,30.0,-8.6,False
92,20010420,2020,1,4,20,94.0,2.0,8.0,4.0,58.0,-16.6,30.0,-9.9,False
93,20010421,2020,1,4,21,114.0,2.0,9.0,7.0,58.0,-16.8,30.0,-10.1,False
94,20010422,2020,1,4,22,123.0,1.0,9.0,7.0,59.0,-16.3,30.0,-9.8,False
95,20010423,2020,1,4,23,159.0,3.0,8.0,5.0,63.0,-18.2,30.0,-12.6,False
96,20010500,2020,1,5,0,131.0,2.0,6.0,3.0,60.0,-17.2,30.0,-11.0,False
97,20010501,2020,1,5,1,97.0,1.0,6.0,4.0,59.0,-18.0,30.0,-11.6,False
98,20010502,2020,1,5,2,195.0,2.0,7.0,6.0,59.0,-19.0,30.0,-12.6,False
99,20010503,2020,1,5,3,113.0,3.0,4.0,4.0,58.0,-17.5,30.0,-10.9,False
100,20010504,2020,1,5,4,78.0,0.0,3.0,1.0,58.0,-18.1,30.0,-11.5,False
101,20010505,2020,1,5,5,141.0,3.0,4.0,3.0,59.0,-18.2,30.0,-11.8,False
102,20010506,2020,1,5,6,94.0,1.0,5.0,2.0,60.0,-18.1,30.0,-11.9,False
103,20010507,2020,1,5,7,94.0,1.0,5.0,2.0,60.0,-18.1,30.0,-11.9,False
104,20010508,2020,1,5,8,118.0,1.0,262.0,158.0,55.0,-17.6,30.0,-10.3,False
105,20010509,2020,1,5,9,58.0,0.0,233.0,159.0,59.0,-16.2,30.0,-9.7,False
106,20010510,2020,1,5,10,140.0,2.0,237.0,163.0,62.0,-18.9,30.0,-13.2,False
107,20010511,2020,1,5,11,131.0,1.0,266.0,221.0,52.0,-17.8,28.8,-9.8,False
108,20010512,2020,1,5,12,126.0,1.0,306.0,201.0,50.0,-16.3,30.0,-7.7,False
109,20010513,2020,1,5,13,143.0,0.0,277.0,208.0,49.0,-15.4,30.0,-6.5,False
110,20010514,2020,1,5,14,95.0,1.0,263.0,202.0,47.0,-14.4,30.0,-4.8,False
111,20010515,2020,1,5,15,91.0,0.0,359.0,330.0,48.0,-13.3,30.0,-3.9,False
112,20010516,2020,1,5,16,207.0,0.0,533.0,385.0,49.0,-12.2,30.0,-3.0,False
113,20010517,2020,1,5,17,141.0,0.0,494.0,318.0,51.0,-13.7,30.0,-5.1,False
114,20010518,2020,1,5,18,170.0,1.0,380.0,235.0,58.0,-15.2,30.0,-8.4,False
115,20010519,2020,1,5,19,89.0,2.0,294.0,239.0,62.0,-14.6,30.0,-8.6,False
116,20010520,2020,1,5,20,159.0,3.0,347.0,262.0,61.0,-15.7,30.0,-9.6,False
117,20010521,2020,1,5,21,95.0,3.0,318.0,230.0,53.0,-16.9,30.0,-9.1,False
118,20010522,2020,1,5,22,79.0,1.0,267.0,220.0,54.0,-16.4,30.0,-8.8,False
119,20010523,2020,1,5,23,77.0,3.0,262.0,198.0,54.0,-16.7,30.0,-9.1,False
120,20010600,2020,1,6,0,99.0,1.0,261.0,202.0,55.0,-17.0,30.0,-9.7,False
121,20010601,2020,1,6,1,96.0,0.0,292.0,186.0,50.0,-18.1,30.0,-9.6,False
122,20010602,2020,1,6,2,86.0,2.0,4.0,1.0,48.0,-17.6,30.0,-8.6,False
123,20010603,2020,1,6,3,129.0,2.0,199.0,167.0,53.0,-18.4,30.0,-10.7,False
124,20010604,2020,1,6,4,93.0,2.0,195.0,148.0,46.0,-18.6,30.0,-9.1,False
125,20010605,2020,1,6,5,77.0,2.0,205.0,202.0,48.0,-18.0,30.0,-9.0,False
126,20010606,2020,1,6,6,77.0,2.0,205.0,202.0,48.0,-18.0,30.0,-9.0,False
127,20010607,2020,1,6,7,77.0,2.0,205.0,202.0,48.0,-18.0,30.0,-9.0,False
128,20010608,2020,1,6,8,62.0,1.0,183.0,146.0,47.0,-18.2,30.0,-8.9,False
129,20010609,2020,1,6,9,112.0,1.0,3.0,1.0,44.0,-18.9,30.0,-8.9,False
130,20010610,2020,1,6,10,159.0,3.0,150.0,125.0,46.0,-18.6,30.0,-9.1,False
131,20010611,2020,1,6,11,72.0,2.0,7.0,7.0,44.0,-17.0,30.0,-6.8,False
132,20010612,2020,1,6,12,115.0,1.0,2.0,2.0,37.0,-16.8,30.0,-4.3,False
133,20010613,2020,1,6,13,128.0,6.0,140.0,121.0,33.0,-14.7,30.0,-0.4,False
134,20010614,2020,1,6,14,157.0,8.0,142.0,118.0,38.0,-14.5,30.0,-2.1,False
135,20010615,2020,1,6,15,157.0,8.0,142.0,118.0,38.0,-14.5,30.0,-2.1,False
136,20010616,2020,1,6,16,160.0,8.0,150.0,139.0,42.0,-14.3,30.0,-3.2,False
137,20010617,2020,1,6,17,166.0,10.0,184.0,138.0,41.0,-14.5,30.0,-3.1,False
138,20010618,2020,1,6,18,166.0,7.0,187.0,136.0,42.0,-14.5,30.0,-3.4,False
139,20010619,2020,1,6,19,154.0,7.0,159.0,135.0,49.0,-13.9,30.0,-4.8,False
140,20010620,2020,1,6,20,150.0,5.0,175.0,137.0,47.0,-14.6,30.0,-5.0,False
141,20010621,2020,1,6,21,37.0,2.0,175.0,136.0,57.0,-15.6,30.0,-8.6,False
142,20010622,2020,1,6,22,34.0,1.0,190.0,141.0,53.0,-16.3,30.0,-8.4,False
143,20010623,2020,1,6,23,68.0,1.0,206.0,145.0,58.0,-16.9,30.0,-10.2,False
144,20010700,2020,1,7,0,339.0,0.0,195.0,144.0,50.0,-18.5,30.0,-10.0,False
145,20010701,2020,1,7,1,46.0,1.0,213.0,144.0,60.0,-17.3,30.0,-11.1,False
146,20010702,2020,1,7,2,0.0,0.0,218.0,144.0,59.0,-17.3,30.0,-10.9,False
147,20010703,2020,1,7,3,37.0,1.0,214.0,146.0,60.0,-18.6,30.0,-12.4,False
148,20010704,2020,1,7,4,72.0,3.0,205.0,151.0,53.0,-18.4,30.0,-10.7,False
149,20010705,2020,1,7,5,86.0,2.0,215.0,159.0,51.0,-17.9,30.0,-9.7,False
150,20010706,2020,1,7,6,138.0,1.0,229.0,170.0,55.0,-19.9,30.0,-12.7,False
151,20010707,2020,1,7,7,173.0,1.0,4.0,4.0,57.0,-19.5,30.0,-12.8,False
152,20010708,2020,1,7,8,158.0,1.0,266.0,180.0,54.0,-19.0,30.0,-11.5,False
153,20010709,2020,1,7,9,122.0,1.0,339.0,192.0,51.0,-19.6,30.0,-11.5,False
154,20010710,2020,1,7,10,154.0,1.0,282.0,191.0,56.0,-18.6,30.0,-11.6,False
155,20010711,2020,1,7,11,168.0,0.0,304.0,208.0,53.0,-18.0,30.0,-10.3,False
156,20010712,2020,1,7,12,225.0,1.0,380.0,259.0,46.0,-17.1,5.5,-7.5,False
157,20010713,2020,1,7,13,176.0,2.0,552.0,315.0,53.0,-15.8,30.0,-7.9,False
158,20010714,2020,1,7,14,193.0,0.0,512.0,340.0,43.0,-15.6,30.0,-5.0,False
159,20010715,2020,1,7,15,172.0,0.0,477.0,404.0,48.0,-14.5,30.0,-5.2,False
160,20010716,2020,1,7,16,182.0,0.0,549.0,391.0,41.0,-15.7,30.0,-4.4,False
161,20010717,2020,1,7,17,194.0,1.0,466.0,360.0,51.0,-14.9,18.7,-6.4,False
162,20010718,2020,1,7,18,212.0,1.0,462.0,348.0,58.0,-16.4,30.0,-9.7,False
163,20010719,2020,1,7,19,79.0,2.0,13.0,11.0,58.0,-17.2,30.0,-10.5,False
164,20010720,2020,1,7,20,90.0,1.0,9.0,4.0,56.0,-17.3,30.0,-10.2,False
165,20010721,2020,1,7,21,74.0,1.0,6.0,2.0,56.0,-17.3,30.0,-10.2,False
166,20010722,2020,1,7,22,90.0,1.0,5.0,3.0,53.0,-18.9,30.0,-11.2,False
167,20010723,2020,1,7,23,145.0,1.0,6.0,6.0,51.0,-19.9,30.0,-11.8,False
168,20010800,2020,1,8,0,47.0,1.0,6.0,5.0,54.0,-18.5,30.0,-11.0,False
169,20010801,2020,1,8,1,51.0,1.0,5.0,5.0,51.0,-18.1,30.0,-9.9,False
170,20010802,2020,1,8,2,99.0,1.0,5.0,4.0,54.0,-20.1,30.0,-12.7,False
171,20010803,2020,1,8,3,96.0,0.0,415.0,285.0,54.0,-20.4,30.0,-13.0,False
172,20010804,2020,1,8,4,89.0,1.0,387.0,283.0,53.0,-20.0,30.0,-12.4,False
173,20010805,2020,1,8,5,183.0,0.0,375.0,285.0,56.0,-20.6,30.0,-13.7,False
174,20010806,2020,1,8,6,89.0,2.0,427.0,292.0,55.0,-18.8,30.0,-11.6,False
175,20010807,2020,1,8,7,97.0,2.0,414.0,292.0,48.0,-19.9,30.0,-11.0,False
176,20010808,2020,1,8,8,120.0,0.0,427.0,348.0,50.0,-22.0,30.0,-13.8,False
177,20010809,2020,1,8,9,148.0,3.0,587.0,396.0,59.0,-19.5,30.0,-13.2,False
178,20010810,2020,1,8,10,99.0,1.0,7.0,3.0,61.0,-18.6,30.0,-12.6,False
179,20010811,2020,1,8,11,97.0,1.0,553.0,343.0,49.0,-19.3,30.0,-10.7,False
180,20010812,2020,1,8,12,60.0,1.0,3.0,1.0,50.0,-17.2,30.0,-8.7,False
181,20010813,2020,1,8,13,41.0,1.0,480.0,355.0,48.0,-16.2,30.0,-7.0,False
182,20010814,2020,1,8,14,330.0,0.0,567.0,375.0,43.0,-15.3,30.0,-4.6,False
183,20010815,2020,1,8,15,191.0,1.0,508.0,380.0,52.0,-14.1,30.0,-5.8,False
184,20010816,2020,1,8,16,32.0,1.0,464.0,340.0,43.0,-15.9,30.0,-5.3,False
185,20010817,2020,1,8,17,1.0,2.0,442.0,345.0,42.0,-16.2,30.0,-5.3,False
186,20010818,2020,1,8,18,93.0,1.0,471.0,325.0,49.0,-16.5,30.0,-7.6,False
187,20010819,2020,1,8,19,91.0,1.0,428.0,299.0,51.0,-17.8,30.0,-9.6,False
188,20010820,2020,1,8,20,79.0,1.0,421.0,326.0,39.0,-22.0,30.0,-10.7,False
189,20010821,2020,1,8,21,96.0,0.0,458.0,341.0,53.0,-19.1,30.0,-11.4,False
190,20010822,2020,1,8,22,172.0,2.0,12.0,4.0,40.0,-22.4,30.0,-11.5,False
191,20010823,2020,1,8,23,169.0,2.0,8.0,4.0,50.0,-20.7,21.5,-12.4,False
192,20010900,2020,1,9,0,95.0,2.0,6.0,6.0,44.0,-20.0,30.0,-10.1,False
193,20010901,2020,1,9,1,119.0,1.0,435.0,319.0,51.0,-20.2,30.0,-12.1,False
194,20010902,2020,1,9,2,86.0,2.0,459.0,319.0,48.0,-19.6,30.0,-10.7,False
195,20010903,2020,1,9,3,79.0,1.0,443.0,310.0,47.0,-20.0,30.0,-10.9,False
196,20010904,2020,1,9,4,106.0,1.0,449.0,298.0,52.0,-20.5,30.0,-12.7,False
197,20010905,2020,1,9,5,152.0,3.0,7.0,6.0,51.0,-19.5,30.0,-11.4,False
198,20010906,2020,1,9,6,159.0,4.0,7.0,7.0,47.0,-19.5,30.0,-10.4,False
199,20010907,2020,1,9,7,165.0,3.0,10.0,6.0,55.0,-19.3,30.0,-12.1,False
200,20010908,2020,1,9,8,93.0,2.0,11.0,6.0,51.0,-19.2,30.0,-11.1,False
201,20010909,2020,1,9,9,84.0,1.0,11.0,8.0,46.0,-20.2,30.0,-10.8,False
202,20010910,2020,1,9,10,203.0,0.0,13.0,10.0,56.0,-19.8,30.0,-12.9,False
203,20010911,2020,1,9,11,0.0,0.0,10.0,10.0,56.0,-17.8,28.9,-10.7,False
204,20010912,2020,1,9,12,198.0,0.0,562.0,284.0,51.0,-16.8,30.0,-8.5,False
205,20010913,2020,1,9,13,164.0,1.0,542.0,373.0,56.0,-15.9,30.0,-8.7,False
206,20010914,2020,1,9,14,225.0,1.0,5.0,3.0,51.0,-16.4,30.0,-8.0,False
207,20010915,2020,1,9,15,270.0,1.0,8.0,4.0,50.0,-16.3,30.0,-7.7,False
208,20010916,2020,1,9,16,212.0,0.0,8.0,7.0,63.0,-14.7,23.0,-8.9,False
209,20010917,2020,1,9,17,0.0,0.0,8.0,7.0,58.0,-15.7,23.7,-8.9,False
210,20010918,2020,1,9,18,222.0,0.0,9.0,6.0,68.0,-15.0,19.0,-10.2,False
211,20010919,2020,1,9,19,42.0,1.0,15.0,8.0,70.0,-15.4,23.4,-11.0,False
212,20010920,2020,1,9,20,330.0,0.0,19.0,11.0,67.0,-15.8,30.0,-10.9,False
213,20010921,2020,1,9,21,56.0,0.0,18.0,11.0,62.0,-16.4,30.0,-10.5,False
214,20010922,2020,1,9,22,250.0,0.0,17.0,10.0,64.0,-16.4,30.0,-10.9,False
215,20010923,2020,1,9,23,167.0,1.0,13.0,8.0,68.0,-15.9,30.0,-11.2,False
216,20011000,2020,1,10,0,212.0,0.0,11.0,6.0,66.0,-16.0,24.5,-10.9,False
217,20011001,2020,1,10,1,237.0,0.0,8.0,3.0,71.0,-15.9,24.5,-11.7,False
218,20011002,2020,1,10,2,128.0,0.0,8.0,1.0,71.0,-15.5,25.2,-11.3,False
219,20011003,2020,1,10,3,352.0,1.0,6.0,2.0,71.0,-15.8,21.6,-11.6,False
220,20011004,2020,1,10,4,329.0,1.0,6.0,4.0,67.0,-16.6,30.0,-11.7,False
221,20011005,2020,1,10,5,344.0,1.0,6.0,4.0,64.0,-16.6,30.0,-11.1,False
222,20011006,2020,1,10,6,67.0,0.0,6.0,2.0,79.0,-15.2,9.4,-12.3,False
223,20011007,2020,1,10,7,52.0,1.0,531.0,336.0,74.0,-15.9,20.3,-12.2,False
224,20011008,2020,1,10,8,143.0,2.0,395.0,321.0,82.0,-16.6,27.4,-14.2,False
225,20011009,2020,1,10,9,172.0,1.0,432.0,356.0,77.0,-17.9,30.0,-14.8,False
226,20011010,2020,1,10,10,143.0,2.0,478.0,370.0,79.0,-16.8,17.7,-14.0,False
227,20011011,2020,1,10,11,83.0,1.0,456.0,339.0,73.0,-15.1,30.0,-11.2,False
228,20011012,2020,1,10,12,309.0,0.0,435.0,322.0,64.0,-15.2,30.0,-9.7,False
229,20011013,2020,1,10,13,66.0,0.0,373.0,296.0,61.0,-14.9,30.0,-8.7,False
230,20011014,2020,1,10,14,337.0,0.0,409.0,358.0,55.0,-15.2,30.0,-7.7,False
231,20011015,2020,1,10,15,309.0,1.0,459.0,344.0,55.0,-15.2,30.0,-7.7,False
232,20011016,2020,1,10,16,309.0,0.0,11.0,6.0,54.0,-14.7,30.0,-7.0,False
233,20011017,2020,1,10,17,24.0,0.0,15.0,8.0,57.0,-14.5,30.0,-7.4,False
234,20011018,2020,1,10,18,0.0,0.0,28.0,16.0,64.0,-16.2,30.0,-10.7,False
235,20011019,2020,1,10,19,87.0,1.0,39.0,27.0,75.0,-15.1,30.0,-11.6,False
236,20011020,2020,1,10,20,78.0,0.0,46.0,33.0,74.0,-15.9,30.0,-12.2,False
237,20011021,2020,1,10,21,86.0,1.0,74.0,49.0,75.0,-17.1,30.0,-13.6,False
238,20011022,2020,1,10,22,150.0,3.0,104.0,68.0,76.0,-15.9,24.5,-12.5,False
239,20011023,2020,1,10,23,182.0,1.0,110.0,76.0,81.0,-17.1,20.8,-14.6,False
240,20011100,2020,1,11,0,88.0,1.0,108.0,79.0,77.0,-16.5,30.0,-13.3,False
241,20011101,2020,1,11,1,195.0,2.0,106.0,76.0,84.0,-17.0,20.3,-14.9,False
242,20011102,2020,1,11,2,133.0,1.0,102.0,74.0,89.0,-14.4,5.2,-13.0,False
243,20011103,2020,1,11,3,225.0,1.0,86.0,65.0,88.0,-15.3,3.5,-13.7,False
244,20011104,2020,1,11,4,126.0,1.0,65.0,49.0,86.0,-15.4,4.5,-13.6,False
245,20011105,2020,1,11,5,335.0,0.0,45.0,34.0,87.0,-14.9,3.6,-13.2,False
246,20011106,2020,1,11,6,352.0,0.0,30.0,21.0,86.0,-15.1,3.6,-13.3,False
247,20011107,2020,1,11,7,352.0,0.0,30.0,21.0,86.0,-15.1,3.6,-13.3,False
248,20011108,2020,1,11,8,111.0,2.0,14.0,10.0,83.0,-19.1,2.0,-16.9,False
249,20011109,2020,1,11,9,1.0,1.0,12.0,7.0,84.0,-17.1,1.3,-15.0,False
250,20011110,2020,1,11,10,203.0,0.0,10.0,8.0,85.0,-19.1,3.7,-17.2,False
251,20011111,2020,1,11,11,117.0,1.0,9.0,9.0,83.0,-18.1,14.0,-15.9,False
252,20011112,2020,1,11,12,75.0,1.0,326.0,236.0,75.0,-16.8,20.1,-13.3,False
253,20011113,2020,1,11,13,349.0,1.0,358.0,254.0,74.0,-16.3,21.0,-12.6,False
254,20011114,2020,1,11,14,18.0,1.0,336.0,263.0,74.0,-16.5,18.5,-12.8,False
255,20011115,2020,1,11,15,29.0,1.0,331.0,249.0,77.0,-16.1,16.8,-12.9,False
256,20011116,2020,1,11,16,311.0,1.0,287.0,227.0,79.0,-16.5,17.3,-13.6,False
257,20011117,2020,1,11,17,28.0,1.0,301.0,216.0,76.0,-16.5,20.7,-13.2,False
258,20011118,2020,1,11,18,346.0,2.0,318.0,238.0,78.0,-17.4,21.6,-14.4,False
259,20011119,2020,1,11,19,149.0,2.0,303.0,228.0,86.0,-20.8,11.4,-19.0,False
260,20011120,2020,1,11,20,98.0,0.0,6.0,3.0,76.0,-21.2,20.2,-18.0,False
261,20011121,2020,1,11,21,96.0,2.0,7.0,6.0,64.0,-20.9,30.0,-15.6,False
262,20011122,2020,1,11,22,126.0,2.0,6.0,5.0,68.0,-20.1,30.0,-15.5,False
263,20011123,2020,1,11,23,141.0,3.0,4.0,2.0,63.0,-20.8,22.9,-15.4,False
264,20011200,2020,1,12,0,139.0,3.0,445.0,341.0,62.0,-21.8,30.0,-16.2,False
265,20011201,2020,1,12,1,117.0,3.0,440.0,329.0,53.0,-22.2,30.0,-14.7,False
266,20011202,2020,1,12,2,86.0,2.0,444.0,321.0,55.0,-20.9,30.0,-13.8,False
267,20011203,2020,1,12,3,90.0,2.0,433.0,309.0,53.0,-21.9,30.0,-14.4,False
268,20011204,2020,1,12,4,109.0,2.0,402.0,282.0,49.0,-22.5,30.0,-14.1,False
269,20011205,2020,1,12,5,110.0,1.0,4.0,1.0,49.0,-22.8,30.0,-14.4,False
270,20011206,2020,1,12,6,134.0,2.0,5.0,3.0,46.0,-22.9,30.0,-13.8,False
271,20011207,2020,1,12,7,134.0,2.0,5.0,3.0,46.0,-22.9,30.0,-13.8,False
272,20011208,2020,1,12,8,101.0,2.0,5.0,2.0,41.0,-24.0,30.0,-13.5,False
273,20011209,2020,1,12,9,88.0,2.0,4.0,2.0,40.0,-23.8,30.0,-13.0,False
274,20011210,2020,1,12,10,130.0,3.0,8.0,2.0,45.0,-23.6,30.0,-14.2,False
275,20011211,2020,1,12,11,113.0,1.0,9.0,3.0,37.0,-23.5,30.0,-11.7,False
276,20011212,2020,1,12,12,130.0,2.0,5.0,3.0,39.0,-21.4,30.0,-10.1,False
277,20011213,2020,1,12,13,137.0,0.0,217.0,170.0,35.0,-19.6,30.0,-6.7,False
278,20011214,2020,1,12,14,43.0,0.0,187.0,172.0,23.0,-22.7,30.0,-4.7,False
279,20011215,2020,1,12,15,158.0,0.0,239.0,193.0,26.0,-21.8,30.0,-5.3,False
280,20011216,2020,1,12,16,141.0,0.0,256.0,188.0,32.0,-20.0,30.0,-6.0,False
281,20011217,2020,1,12,17,20.0,0.0,252.0,194.0,31.0,-20.9,30.0,-6.6,False
282,20011218,2020,1,12,18,77.0,0.0,247.0,188.0,33.0,-20.7,30.0,-7.1,False
283,20011219,2020,1,12,19,113.0,1.0,248.0,181.0,43.0,-20.5,22.1,-10.3,False
284,20011220,2020,1,12,20,173.0,2.0,205.0,140.0,40.0,-21.8,30.0,-10.8,False
285,20011221,2020,1,12,21,149.0,3.0,13.0,7.0,37.0,-21.6,30.0,-9.6,False
286,20011222,2020,1,12,22,74.0,3.0,12.0,8.0,49.0,-18.3,30.0,-9.6,False
287,20011223,2020,1,12,23,86.0,2.0,11.0,8.0,43.0,-18.8,30.0,-8.4,False
288,20011300,2020,1,13,0,68.0,1.0,8.0,5.0,42.0,-18.9,30.0,-8.3,False
289,20011301,2020,1,13,1,223.0,0.0,5.0,4.0,45.0,-19.3,30.0,-9.6,False
290,20011302,2020,1,13,2,170.0,1.0,190.0,143.0,50.0,-19.7,30.0,-11.3,False
291,20011303,2020,1,13,3,82.0,2.0,203.0,148.0,53.0,-18.3,30.0,-10.6,False
292,20011304,2020,1,13,4,48.0,1.0,214.0,155.0,52.0,-17.9,30.0,-9.9,False
293,20011305,2020,1,13,5,152.0,1.0,192.0,153.0,48.0,-21.8,30.0,-13.1,False
294,20011306,2020,1,13,6,108.0,0.0,2.0,2.0,47.0,-20.3,30.0,-11.2,False
295,20011307,2020,1,13,7,108.0,0.0,2.0,2.0,47.0,-20.3,30.0,-11.2,False
296,20011308,2020,1,13,8,174.0,2.0,3.0,1.0,45.0,-21.6,30.0,-12.1,False
297,20011309,2020,1,13,9,183.0,1.0,243.0,176.0,45.0,-21.9,30.0,-12.4,False
298,20011310,2020,1,13,10,147.0,0.0,243.0,176.0,40.0,-23.8,30.0,-13.0,False
299,20011311,2020,1,13,11,91.0,2.0,288.0,235.0,39.0,-19.7,30.0,-8.2,False
300,20011312,2020,1,13,12,36.0,1.0,380.0,240.0,36.0,-18.2,30.0,-5.5,False
301,20011313,2020,1,13,13,324.0,0.0,331.0,223.0,32.0,-17.6,30.0,-3.2,False
302,20011314,2020,1,13,14,152.0,3.0,342.0,241.0,48.0,-14.5,30.0,-5.2,False
303,20011315,2020,1,13,15,208.0,3.0,330.0,276.0,57.0,-13.6,30.0,-6.5,False
304,20011316,2020,1,13,16,35.0,2.0,366.0,307.0,52.0,-14.2,30.0,-5.9,False
305,20011317,2020,1,13,17,309.0,1.0,350.0,301.0,48.0,-15.5,30.0,-6.3,False
306,20011318,2020,1,13,18,160.0,1.0,384.0,306.0,52.0,-15.4,30.0,-7.2,False
307,20011319,2020,1,13,19,231.0,0.0,29.0,26.0,56.0,-16.4,30.0,-9.2,False
308,20011320,2020,1,13,20,181.0,1.0,38.0,37.0,61.0,-16.5,30.0,-10.4,False
309,20011321,2020,1,13,21,61.0,2.0,35.0,29.0,56.0,-15.9,30.0,-8.7,False
310,20011322,2020,1,13,22,68.0,1.0,25.0,19.0,53.0,-16.4,30.0,-8.5,False
311,20011323,2020,1,13,23,47.0,1.0,19.0,12.0,58.0,-16.4,30.0,-9.7,False
312,20011400,2020,1,14,0,150.0,0.0,14.0,9.0,67.0,-16.9,30.0,-12.0,False
313,20011401,2020,1,14,1,131.0,0.0,11.0,6.0,62.0,-17.3,30.0,-11.5,False
314,20011402,2020,1,14,2,200.0,1.0,6.0,3.0,60.0,-18.6,30.0,-12.4,False
315,20011403,2020,1,14,3,173.0,3.0,473.0,365.0,68.0,-18.7,30.0,-14.1,False
316,20011404,2020,1,14,4,138.0,3.0,4.0,2.0,64.0,-16.2,30.0,-10.7,False
317,20011405,2020,1,14,5,189.0,3.0,5.0,3.0,64.0,-15.5,30.0,-10.0,False
318,20011406,2020,1,14,6,251.0,2.0,7.0,5.0,62.0,-16.7,30.0,-10.8,False
319,20011407,2020,1,14,7,251.0,2.0,7.0,5.0,62.0,-16.7,30.0,-10.8,False
320,20011408,2020,1,14,8,140.0,3.0,13.0,10.0,59.0,-16.8,30.0,-10.3,False
321,20011409,2020,1,14,9,199.0,2.0,417.0,310.0,64.0,-15.8,30.0,-10.3,False
322,20011410,2020,1,14,10,170.0,2.0,19.0,18.0,61.0,-16.9,30.0,-10.9,False
323,20011411,2020,1,14,11,213.0,1.0,434.0,346.0,51.0,-17.8,30.0,-9.6,False
324,20011412,2020,1,14,12,262.0,0.0,450.0,341.0,55.0,-17.7,30.0,-10.4,False
325,20011413,2020,1,14,13,190.0,1.0,450.0,363.0,55.0,-17.0,30.0,-9.6,False
326,20011414,2020,1,14,14,281.0,1.0,21.0,19.0,58.0,-16.5,30.0,-9.8,False
327,20011415,2020,1,14,15,181.0,0.0,20.0,16.0,60.0,-15.7,30.0,-9.4,False
328,20011416,2020,1,14,16,310.0,2.0,18.0,14.0,58.0,-15.6,29.4,-8.8,False
329,20011417,2020,1,14,17,22.0,0.0,14.0,10.0,64.0,-16.5,30.0,-11.0,False
330,20011418,2020,1,14,18,357.0,1.0,19.0,11.0,64.0,-17.4,30.0,-12.0,False
331,20011419,2020,1,14,19,200.0,0.0,27.0,20.0,70.0,-17.3,30.0,-13.0,False
332,20011420,2020,1,14,20,216.0,0.0,28.0,22.0,71.0,-17.1,30.0,-13.0,False
333,20011421,2020,1,14,21,174.0,1.0,25.0,24.0,72.0,-17.4,30.0,-13.4,False
334,20011422,2020,1,14,22,85.0,0.0,27.0,25.0,66.0,-17.0,30.0,-11.9,False
335,20011423,2020,1,14,23,359.0,0.0,29.0,24.0,64.0,-16.9,30.0,-11.5,False
336,20011500,2020,1,15,0,161.0,0.0,27.0,21.0,70.0,-16.6,30.0,-12.3,False
337,20011501,2020,1,15,1,74.0,0.0,25.0,19.0,65.0,-17.0,30.0,-11.8,False
338,20011502,2020,1,15,2,51.0,2.0,21.0,17.0,61.0,-16.6,30.0,-10.5,False
339,20011503,2020,1,15,3,5.0,0.0,18.0,17.0,65.0,-16.9,30.0,-11.6,False
340,20011504,2020,1,15,4,324.0,0.0,16.0,12.0,63.0,-17.4,30.0,-11.8,False
341,20011505,2020,1,15,5,0.0,0.0,12.0,10.0,71.0,-16.1,30.0,-11.9,False
342,20011506,2020,1,15,6,0.0,0.0,14.0,12.0,75.0,-15.1,30.0,-11.6,False
343,20011507,2020,1,15,7,78.0,0.0,14.0,13.0,68.0,-15.6,30.0,-10.9,False
344,20011508,2020,1,15,8,304.0,0.0,14.0,10.0,63.0,-16.5,30.0,-10.8,False
345,20011509,2020,1,15,9,0.0,0.0,12.0,9.0,69.0,-15.3,30.0,-10.7,False
346,20011510,2020,1,15,10,100.0,0.0,16.0,10.0,73.0,-14.1,30.0,-10.2,False
347,20011511,2020,1,15,11,0.0,0.0,16.0,11.0,73.0,-13.7,30.0,-9.8,False
348,20011512,2020,1,15,12,0.0,0.0,12.0,8.0,67.0,-13.9,30.0,-8.9,False
349,20011513,2020,1,15,13,311.0,0.0,212.0,186.0,65.0,-13.3,30.0,-7.9,False
350,20011514,2020,1,15,14,254.0,0.0,222.0,188.0,66.0,-13.7,30.0,-8.5,False
351,20011515,2020,1,15,15,23.0,1.0,7.0,6.0,51.0,-15.9,30.0,-7.5,False
352,20011516,2020,1,15,16,346.0,2.0,6.0,5.0,58.0,-14.8,30.0,-8.0,False
353,20011517,2020,1,15,17,354.0,2.0,218.0,182.0,64.0,-13.6,30.0,-8.0,False
354,20011518,2020,1,15,18,0.0,0.0,251.0,208.0,64.0,-14.5,22.6,-8.9,False
355,20011519,2020,1,15,19,54.0,0.0,246.0,201.0,82.0,-12.7,20.4,-10.2,False
356,20011520,2020,1,15,20,358.0,1.0,11.0,5.0,82.0,-12.3,9.8,-9.8,False
357,20011521,2020,1,15,21,113.0,0.0,9.0,8.0,88.0,-12.5,8.4,-10.9,False
358,20011522,2020,1,15,22,0.0,0.0,13.0,8.0,89.0,-11.7,3.4,-10.2,False
359,20011523,2020,1,15,23,110.0,0.0,15.0,10.0,90.0,-13.4,20.8,-12.1,False
360,20011600,2020,1,16,0,25.0,1.0,14.0,10.0,90.0,-12.3,30.0,-11.0,False
361,20011601,2020,1,16,1,83.0,0.0,14.0,9.0,89.0,-12.7,30.0,-11.3,False
362,20011602,2020,1,16,2,71.0,1.0,12.0,7.0,90.0,-13.4,30.0,-12.1,False
363,20011603,2020,1,16,3,62.0,1.0,10.0,4.0,86.0,-13.5,30.0,-11.6,False
364,20011604,2020,1,16,4,69.0,1.0,8.0,4.0,83.0,-13.8,30.0,-11.5,False
365,20011605,2020,1,16,5,61.0,1.0,7.0,4.0,85.0,-13.7,30.0,-11.7,False
366,20011606,2020,1,16,6,59.0,2.0,6.0,4.0,79.0,-14.4,30.0,-11.5,False
367,20011607,2020,1,16,7,59.0,2.0,6.0,4.0,79.0,-14.4,30.0,-11.5,False
368,20011608,2020,1,16,8,86.0,1.0,5.0,3.0,78.0,-15.2,30.0,-12.2,False
369,20011609,2020,1,16,9,334.0,1.0,8.0,3.0,73.0,-16.1,30.0,-12.3,False
370,20011610,2020,1,16,10,57.0,1.0,8.0,3.0,86.0,-14.0,30.0,-12.1,False
371,20011611,2020,1,16,11,65.0,1.0,348.0,210.0,83.0,-14.0,30.0,-11.7,False
372,20011612,2020,1,16,12,127.0,0.0,277.0,220.0,74.0,-13.7,30.0,-10.0,False
373,20011613,2020,1,16,13,83.0,0.0,333.0,253.0,69.0,-12.1,20.1,-7.4,False
374,20011614,2020,1,16,14,293.0,1.0,403.0,266.0,67.0,-11.8,30.0,-6.7,False
375,20011615,2020,1,16,15,166.0,0.0,391.0,296.0,72.0,-12.0,30.0,-7.8,False
376,20011616,2020,1,16,16,302.0,0.0,401.0,259.0,77.0,-11.9,30.0,-8.6,False
377,20011617,2020,1,16,17,324.0,0.0,420.0,263.0,78.0,-12.0,22.9,-8.9,False
378,20011618,2020,1,16,18,0.0,0.0,417.0,294.0,80.0,-12.3,29.4,-9.5,False
379,20011619,2020,1,16,19,117.0,0.0,15.0,5.0,86.0,-14.5,7.1,-12.6,False
380,20011620,2020,1,16,20,53.0,0.0,14.0,14.0,89.0,-14.6,0.4,-13.2,False
381,20011621,2020,1,16,21,66.0,1.0,11.0,11.0,89.0,-12.5,10.6,-11.0,False
382,20011622,2020,1,16,22,292.0,0.0,10.0,9.0,85.0,-14.3,30.0,-12.3,False
383,20011623,2020,1,16,23,82.0,0.0,11.0,10.0,91.0,-12.5,30.0,-11.3,False
384,20011700,2020,1,17,0,35.0,0.0,11.0,10.0,90.0,-12.0,24.0,-10.7,False
385,20011701,2020,1,17,1,296.0,0.0,10.0,5.0,89.0,-12.4,30.0,-10.9,False
386,20011702,2020,1,17,2,306.0,0.0,4.0,2.0,88.0,-12.4,7.5,-10.8,False
387,20011703,2020,1,17,3,332.0,0.0,301.0,209.0,89.0,-12.7,2.0,-11.3,False
388,20011704,2020,1,17,4,341.0,1.0,10.0,6.0,89.0,-13.7,2.3,-12.3,False
389,20011705,2020,1,17,5,39.0,1.0,13.0,2.0,87.0,-15.0,10.0,-13.3,False
390,20011706,2020,1,17,6,354.0,0.0,11.0,5.0,89.0,-16.4,17.6,-15.0,False
391,20011707,2020,1,17,7,72.0,1.0,14.0,9.0,88.0,-15.0,30.0,-13.4,False
392,20011708,2020,1,17,8,23.0,1.0,18.0,12.0,84.0,-15.1,30.0,-13.0,False
393,20011709,2020,1,17,9,37.0,1.0,21.0,16.0,86.0,-15.6,23.3,-13.8,False
394,20011710,2020,1,17,10,346.0,0.0,30.0,25.0,85.0,-14.4,26.5,-12.4,False
395,20011711,2020,1,17,11,88.0,1.0,31.0,27.0,87.0,-14.0,18.3,-12.3,False
396,20011712,2020,1,17,12,114.0,0.0,28.0,23.0,86.0,-16.5,2.3,-14.7,False
397,20011713,2020,1,17,13,155.0,1.0,28.0,22.0,83.0,-15.5,11.0,-13.2,False
398,20011714,2020,1,17,14,227.0,2.0,25.0,21.0,75.0,-15.8,30.0,-12.3,False
399,20011715,2020,1,17,15,228.0,3.0,24.0,19.0,80.0,-15.3,4.8,-12.6,False
400,20011716,2020,1,17,16,209.0,2.0,19.0,15.0,83.0,-16.0,3.7,-13.7,False
401,20011717,2020,1,17,17,218.0,1.0,15.0,11.0,79.0,-16.3,22.0,-13.4,False
402,20011718,2020,1,17,18,153.0,2.0,9.0,6.0,79.0,-18.6,30.0,-15.8,False
403,20011719,2020,1,17,19,154.0,1.0,265.0,220.0,78.0,-20.1,30.0,-17.2,False
404,20011720,2020,1,17,20,148.0,1.0,312.0,222.0,69.0,-22.5,30.0,-18.2,False
405,20011721,2020,1,17,21,155.0,2.0,10.0,7.0,65.0,-23.7,30.0,-18.8,False
406,20011722,2020,1,17,22,138.0,2.0,9.0,4.0,63.0,-24.2,30.0,-18.9,False
407,20011723,2020,1,17,23,150.0,2.0,7.0,3.0,61.0,-23.9,30.0,-18.2,False
408,20011800,2020,1,18,0,162.0,2.0,237.0,162.0,58.0,-24.9,30.0,-18.7,False
409,20011801,2020,1,18,1,164.0,3.0,296.0,200.0,58.0,-24.6,30.0,-18.4,False
410,20011802,2020,1,18,2,164.0,4.0,257.0,148.0,59.0,-24.2,30.0,-18.1,False
411,20011803,2020,1,18,3,165.0,3.0,174.0,113.0,60.0,-24.0,30.0,-18.1,False
412,20011804,2020,1,18,4,161.0,2.0,148.0,120.0,61.0,-23.4,30.0,-17.7,False
413,20011805,2020,1,18,5,127.0,0.0,140.0,133.0,53.0,-23.1,30.0,-15.7,False
414,20011806,2020,1,18,6,158.0,1.0,158.0,133.0,54.0,-24.5,30.0,-17.4,False
415,20011807,2020,1,18,7,189.0,1.0,149.0,110.0,56.0,-23.4,30.0,-16.7,False
416,20011808,2020,1,18,8,165.0,2.0,123.0,104.0,61.0,-21.8,30.0,-16.0,False
417,20011809,2020,1,18,9,143.0,1.0,124.0,110.0,55.0,-20.2,30.0,-13.1,False
418,20011810,2020,1,18,10,168.0,2.0,127.0,113.0,41.0,-21.7,30.0,-11.0,False
419,20011811,2020,1,18,11,181.0,4.0,244.0,149.0,43.0,-20.4,30.0,-10.2,False
420,20011812,2020,1,18,12,182.0,3.0,178.0,91.0,42.0,-20.1,30.0,-9.6,False
421,20011813,2020,1,18,13,185.0,3.0,108.0,96.0,41.0,-19.8,30.0,-8.9,False
422,20011814,2020,1,18,14,175.0,3.0,128.0,104.0,40.0,-19.4,30.0,-8.2,False
423,20011815,2020,1,18,15,213.0,2.0,127.0,104.0,44.0,-18.6,30.0,-8.5,False
424,20011816,2020,1,18,16,253.0,1.0,121.0,104.0,39.0,-19.6,30.0,-8.1,False
425,20011817,2020,1,18,17,279.0,1.0,125.0,110.0,31.0,-22.1,30.0,-7.9,False
426,20011818,2020,1,18,18,48.0,1.0,150.0,112.0,38.0,-20.1,30.0,-8.3,False
427,20011819,2020,1,18,19,32.0,1.0,141.0,108.0,42.0,-19.1,30.0,-8.5,False
428,20011820,2020,1,18,20,175.0,0.0,138.0,107.0,50.0,-17.7,30.0,-9.2,False
429,20011821,2020,1,18,21,37.0,1.0,145.0,110.0,56.0,-16.6,30.0,-9.5,False
430,20011822,2020,1,18,22,106.0,0.0,152.0,116.0,67.0,-15.4,30.0,-10.5,False
431,20011823,2020,1,18,23,131.0,1.0,156.0,111.0,68.0,-17.1,30.0,-12.4,False
432,20011900,2020,1,19,0,102.0,1.0,149.0,108.0,68.0,-17.3,30.0,-12.6,False
433,20011901,2020,1,19,1,63.0,1.0,3.0,1.0,69.0,-15.9,30.0,-11.4,False
434,20011902,2020,1,19,2,87.0,2.0,7.0,3.0,70.0,-16.2,30.0,-11.8,False
435,20011903,2020,1,19,3,81.0,2.0,6.0,2.0,69.0,-16.8,30.0,-12.3,False
436,20011904,2020,1,19,4,82.0,3.0,4.0,1.0,64.0,-16.7,30.0,-11.2,False
437,20011905,2020,1,19,5,90.0,4.0,202.0,159.0,62.0,-16.9,30.0,-11.1,False
438,20011906,2020,1,19,6,95.0,3.0,248.0,172.0,57.0,-17.5,30.0,-10.6,False
439,20011907,2020,1,19,7,95.0,3.0,248.0,172.0,57.0,-17.5,30.0,-10.6,False
440,20011908,2020,1,19,8,99.0,2.0,255.0,177.0,57.0,-17.8,30.0,-10.9,False
441,20011909,2020,1,19,9,91.0,2.0,259.0,166.0,57.0,-17.6,30.0,-10.7,False
442,20011910,2020,1,19,10,95.0,2.0,7.0,1.0,54.0,-17.7,30.0,-10.2,False
443,20011911,2020,1,19,11,116.0,1.0,1.0,1.0,54.0,-16.9,30.0,-9.3,False
444,20011912,2020,1,19,12,147.0,4.0,321.0,226.0,55.0,-15.5,30.0,-8.0,False
445,20011913,2020,1,19,13,148.0,3.0,328.0,216.0,52.0,-14.9,30.0,-6.7,False
446,20011914,2020,1,19,14,165.0,1.0,300.0,225.0,50.0,-14.0,30.0,-5.2,False
447,20011915,2020,1,19,15,230.0,1.0,241.0,152.0,45.0,-15.2,30.0,-5.1,False
448,20011916,2020,1,19,16,281.0,0.0,176.0,133.0,43.0,-15.3,30.0,-4.6,False
449,20011917,2020,1,19,17,137.0,0.0,167.0,128.0,44.0,-15.3,30.0,-4.9,False
450,20011918,2020,1,19,18,51.0,0.0,7.0,6.0,49.0,-15.2,30.0,-6.2,False
451,20011919,2020,1,19,19,76.0,0.0,10.0,3.0,59.0,-16.7,30.0,-10.2,False
452,20011920,2020,1,19,20,98.0,2.0,253.0,179.0,59.0,-15.7,30.0,-9.2,False
453,20011921,2020,1,19,21,189.0,1.0,258.0,179.0,65.0,-17.0,30.0,-11.8,False
454,20011922,2020,1,19,22,131.0,1.0,252.0,173.0,63.0,-16.0,30.0,-10.3,False
455,20011923,2020,1,19,23,86.0,2.0,258.0,182.0,65.0,-16.1,30.0,-10.8,False
456,20012000,2020,1,20,0,82.0,2.0,287.0,196.0,54.0,-16.6,30.0,-9.0,False
457,20012001,2020,1,20,1,8.0,0.0,301.0,186.0,68.0,-16.1,30.0,-11.4,False
458,20012002,2020,1,20,2,197.0,0.0,280.0,172.0,68.0,-18.1,30.0,-13.5,False
459,20012003,2020,1,20,3,263.0,0.0,265.0,183.0,62.0,-16.5,30.0,-10.6,False
460,20012004,2020,1,20,4,110.0,1.0,250.0,155.0,65.0,-16.2,30.0,-10.9,False
461,20012005,2020,1,20,5,311.0,3.0,238.0,144.0,67.0,-15.5,30.0,-10.6,False
462,20012006,2020,1,20,6,0.0,0.0,233.0,146.0,68.0,-17.3,30.0,-12.6,False
463,20012007,2020,1,20,7,0.0,0.0,233.0,146.0,68.0,-17.3,30.0,-12.6,False
464,20012008,2020,1,20,8,87.0,1.0,242.0,144.0,61.0,-16.5,30.0,-10.4,False
465,20012009,2020,1,20,9,97.0,1.0,243.0,152.0,64.0,-16.8,30.0,-11.4,False
466,20012010,2020,1,20,10,126.0,0.0,293.0,184.0,70.0,-16.8,30.0,-12.5,False
467,20012011,2020,1,20,11,43.0,1.0,302.0,175.0,59.0,-17.0,30.0,-10.5,False
468,20012012,2020,1,20,12,40.0,1.0,304.0,224.0,51.0,-16.3,30.0,-7.9,False
469,20012013,2020,1,20,13,299.0,1.0,351.0,270.0,53.0,-16.4,30.0,-8.5,False
470,20012014,2020,1,20,14,4.0,4.0,376.0,244.0,53.0,-15.6,30.0,-7.7,False
471,20012015,2020,1,20,15,300.0,1.0,271.0,171.0,63.0,-15.6,30.0,-9.9,False
472,20012016,2020,1,20,16,318.0,0.0,193.0,136.0,57.0,-16.2,30.0,-9.3,False
473,20012017,2020,1,20,17,3.0,1.0,167.0,135.0,56.0,-16.7,30.0,-9.6,False
474,20012018,2020,1,20,18,359.0,1.0,7.0,7.0,68.0,-15.2,30.0,-10.4,False
475,20012019,2020,1,20,19,7.0,1.0,8.0,6.0,87.0,-13.5,27.9,-11.8,False
476,20012020,2020,1,20,20,6.0,0.0,4.0,2.0,67.0,-15.6,30.0,-10.7,False
477,20012021,2020,1,20,21,80.0,1.0,4.0,2.0,67.0,-15.9,30.0,-11.0,False
478,20012022,2020,1,20,22,97.0,0.0,5.0,4.0,68.0,-16.8,30.0,-12.1,False
479,20012023,2020,1,20,23,316.0,1.0,7.0,4.0,71.0,-15.7,30.0,-11.5,False
480,20012100,2020,1,21,0,16.0,0.0,6.0,4.0,75.0,-15.6,30.0,-12.1,False
481,20012101,2020,1,21,1,81.0,1.0,5.0,4.0,75.0,-14.8,29.9,-11.3,False
482,20012102,2020,1,21,2,0.0,0.0,3.0,3.0,77.0,-15.2,27.4,-12.0,False
483,20012103,2020,1,21,3,140.0,1.0,157.0,119.0,77.0,-15.2,29.9,-12.0,False
484,20012104,2020,1,21,4,165.0,2.0,144.0,123.0,74.0,-15.2,30.0,-11.5,False
485,20012105,2020,1,21,5,194.0,1.0,148.0,126.0,70.0,-15.8,30.0,-11.4,False
486,20012106,2020,1,21,6,170.0,2.0,162.0,133.0,72.0,-16.9,30.0,-12.9,False
487,20012107,2020,1,21,7,170.0,2.0,162.0,133.0,72.0,-16.9,30.0,-12.9,False
488,20012108,2020,1,21,8,188.0,1.0,169.0,128.0,83.0,-14.3,30.0,-12.0,False
489,20012109,2020,1,21,9,176.0,1.0,161.0,135.0,83.0,-13.4,30.0,-11.1,False
490,20012110,2020,1,21,10,176.0,2.0,199.0,166.0,83.0,-14.0,30.0,-11.7,False
491,20012111,2020,1,21,11,166.0,2.0,2.0,1.0,81.0,-13.9,30.0,-11.3,False
492,20012112,2020,1,21,12,176.0,2.0,299.0,235.0,80.0,-11.8,30.0,-9.0,False
493,20012113,2020,1,21,13,216.0,1.0,358.0,272.0,75.0,-11.2,30.0,-7.5,False
494,20012114,2020,1,21,14,200.0,2.0,344.0,277.0,86.0,-10.8,15.0,-8.9,False
495,20012115,2020,1,21,15,227.0,2.0,414.0,288.0,71.0,-12.5,30.0,-8.2,False
496,20012116,2020,1,21,16,193.0,2.0,359.0,267.0,69.0,-12.4,30.0,-7.7,False
497,20012117,2020,1,21,17,216.0,1.0,324.0,225.0,66.0,-13.3,30.0,-8.1,False
498,20012118,2020,1,21,18,179.0,2.0,13.0,6.0,70.0,-14.7,30.0,-10.3,False
499,20012119,2020,1,21,19,156.0,5.0,18.0,6.0,72.0,-16.0,30.0,-12.0,False
500,20012120,2020,1,21,20,172.0,1.0,15.0,6.0,68.0,-15.2,30.0,-10.4,False
501,20012121,2020,1,21,21,115.0,0.0,11.0,6.0,63.0,-16.0,30.0,-10.3,False
502,20012122,2020,1,21,22,122.0,1.0,6.0,6.0,63.0,-17.2,30.0,-11.6,False
503,20012123,2020,1,21,23,138.0,1.0,327.0,267.0,63.0,-18.0,30.0,-12.4,False
504,20012200,2020,1,22,0,138.0,1.0,327.0,267.0,63.0,-18.0,30.0,-12.4,False
505,20012201,2020,1,22,1,138.0,1.0,327.0,267.0,63.0,-18.0,30.0,-12.4,False
506,20012202,2020,1,22,2,162.0,2.0,3.0,3.0,71.0,-15.7,30.0,-11.5,False
507,20012203,2020,1,22,3,162.0,2.0,157.0,119.0,71.0,-15.7,30.0,-11.5,False
508,20012204,2020,1,22,4,179.0,1.0,144.0,123.0,74.0,-16.4,30.0,-12.7,False
509,20012205,2020,1,22,5,147.0,1.0,3.0,3.0,77.0,-16.2,30.0,-13.0,False
510,20012206,2020,1,22,6,149.0,1.0,4.0,3.0,77.0,-16.7,30.0,-13.5,False
511,20012207,2020,1,22,7,149.0,1.0,4.0,3.0,77.0,-16.7,30.0,-13.5,False
512,20012208,2020,1,22,8,105.0,2.0,6.0,5.0,76.0,-15.8,30.0,-12.4,False
513,20012209,2020,1,22,9,104.0,2.0,4.0,4.0,78.0,-15.4,30.0,-12.4,False
514,20012210,2020,1,22,10,91.0,1.0,429.0,298.0,75.0,-15.6,30.0,-12.1,False
515,20012211,2020,1,22,11,98.0,1.0,504.0,371.0,70.0,-15.3,30.0,-10.9,False
516,20012212,2020,1,22,12,353.0,0.0,8.0,7.0,66.0,-13.6,30.0,-8.4,False
517,20012213,2020,1,22,13,58.0,1.0,465.0,304.0,60.0,-13.7,30.0,-7.3,False
518,20012214,2020,1,22,14,156.0,0.0,410.0,356.0,58.0,-13.2,30.0,-6.3,False
519,20012215,2020,1,22,15,161.0,0.0,462.0,392.0,54.0,-14.3,30.0,-6.5,False
520,20012216,2020,1,22,16,327.0,1.0,458.0,362.0,55.0,-13.9,30.0,-6.3,False
521,20012217,2020,1,22,17,333.0,1.0,3.0,2.0,69.0,-12.9,30.0,-8.2,False
522,20012218,2020,1,22,18,26.0,1.0,10.0,6.0,72.0,-13.1,11.6,-9.0,False
523,20012219,2020,1,22,19,16.0,0.0,14.0,9.0,69.0,-14.4,30.0,-9.8,False
524,20012220,2020,1,22,20,49.0,1.0,12.0,7.0,66.0,-15.0,30.0,-9.8,False
525,20012221,2020,1,22,21,52.0,1.0,7.0,5.0,66.0,-15.1,30.0,-10.0,False
526,20012222,2020,1,22,22,70.0,2.0,6.0,5.0,69.0,-15.2,30.0,-10.6,False
527,20012223,2020,1,22,23,31.0,1.0,5.0,5.0,71.0,-15.0,30.0,-10.8,False
528,20012300,2020,1,23,0,116.0,1.0,697.0,507.0,83.0,-13.5,30.0,-11.2,False
529,20012301,2020,1,23,1,116.0,2.0,732.0,543.0,73.0,-15.6,30.0,-11.7,False
530,20012302,2020,1,23,2,83.0,2.0,7.0,2.0,77.0,-13.7,30.0,-10.5,False
531,20012303,2020,1,23,3,57.0,2.0,572.0,437.0,79.0,-13.5,30.0,-10.6,False
532,20012304,2020,1,23,4,66.0,2.0,560.0,422.0,81.0,-13.6,30.0,-11.0,False
533,20012305,2020,1,23,5,87.0,3.0,2.0,1.0,79.0,-14.1,30.0,-11.2,False
534,20012306,2020,1,23,6,80.0,3.0,5.0,1.0,76.0,-14.8,30.0,-11.4,False
535,20012307,2020,1,23,7,80.0,3.0,5.0,1.0,76.0,-14.8,30.0,-11.4,False
536,20012308,2020,1,23,8,79.0,3.0,4.0,2.0,69.0,-15.4,30.0,-10.8,False
537,20012309,2020,1,23,9,67.0,2.0,2.0,1.0,69.0,-15.8,30.0,-11.2,False
538,20012310,2020,1,23,10,79.0,3.0,596.0,414.0,72.0,-15.5,30.0,-11.5,False
539,20012311,2020,1,23,11,77.0,4.0,587.0,350.0,67.0,-13.8,30.0,-8.8,False
540,20012312,2020,1,23,12,47.0,3.0,473.0,293.0,63.0,-12.8,30.0,-7.0,False
541,20012313,2020,1,23,13,40.0,2.0,2.0,1.0,60.0,-12.6,30.0,-6.1,False
542,20012314,2020,1,23,14,358.0,1.0,5.0,1.0,53.0,-13.0,30.0,-4.9,False
543,20012315,2020,1,23,15,16.0,2.0,387.0,313.0,53.0,-12.9,30.0,-4.8,False
544,20012316,2020,1,23,16,17.0,2.0,487.0,435.0,56.0,-12.8,30.0,-5.4,False
545,20012317,2020,1,23,17,31.0,1.0,563.0,434.0,58.0,-13.5,30.0,-6.6,False
546,20012318,2020,1,23,18,95.0,1.0,614.0,460.0,57.0,-14.5,30.0,-7.4,False
547,20012319,2020,1,23,19,86.0,2.0,9.0,5.0,47.0,-15.9,30.0,-6.4,False
548,20012320,2020,1,23,20,103.0,1.0,8.0,2.0,53.0,-16.8,30.0,-9.0,False
549,20012321,2020,1,23,21,40.0,1.0,6.0,3.0,50.0,-16.6,30.0,-8.0,False
550,20012322,2020,1,23,22,154.0,0.0,4.0,4.0,55.0,-18.1,30.0,-10.8,False
551,20012323,2020,1,23,23,95.0,2.0,4.0,3.0,52.0,-18.0,30.0,-10.0,False
552,20012400,2020,1,24,0,99.0,2.0,3.0,2.0,53.0,-17.4,30.0,-9.6,False
553,20012401,2020,1,24,1,103.0,3.0,5.0,1.0,51.0,-16.9,30.0,-8.6,False
554,20012402,2020,1,24,2,103.0,3.0,8.0,3.0,45.0,-17.0,30.0,-7.1,False
555,20012403,2020,1,24,3,98.0,3.0,5.0,2.0,53.0,-17.3,30.0,-9.5,False
556,20012404,2020,1,24,4,118.0,4.0,4.0,3.0,46.0,-16.9,30.0,-7.3,False
557,20012405,2020,1,24,5,130.0,3.0,5.0,3.0,50.0,-18.0,30.0,-9.5,False
558,20012406,2020,1,24,6,97.0,3.0,7.0,4.0,47.0,-17.3,30.0,-8.0,False
559,20012407,2020,1,24,7,97.0,3.0,7.0,4.0,47.0,-17.3,30.0,-8.0,False
560,20012408,2020,1,24,8,99.0,2.0,4.0,2.0,51.0,-19.0,30.0,-10.8,False
561,20012409,2020,1,24,9,109.0,3.0,2.0,1.0,44.0,-18.8,30.0,-8.8,False
562,20012410,2020,1,24,10,158.0,1.0,531.0,394.0,49.0,-18.4,30.0,-9.7,False
563,20012411,2020,1,24,11,88.0,1.0,618.0,412.0,48.0,-16.8,30.0,-7.7,False
564,20012412,2020,1,24,12,131.0,2.0,654.0,405.0,48.0,-15.9,30.0,-6.7,False
565,20012413,2020,1,24,13,150.0,2.0,588.0,403.0,50.0,-14.6,30.0,-5.9,False
566,20012414,2020,1,24,14,143.0,1.0,579.0,450.0,49.0,-13.5,30.0,-4.4,False
567,20012415,2020,1,24,15,46.0,0.0,605.0,443.0,38.0,-14.8,30.0,-2.4,False
568,20012416,2020,1,24,16,94.0,1.0,595.0,453.0,38.0,-14.5,30.0,-2.1,False
569,20012417,2020,1,24,17,0.0,0.0,563.0,434.0,58.0,-13.5,30.0,-6.6,False
570,20012418,2020,1,24,18,64.0,1.0,673.0,502.0,35.0,-15.8,30.0,-2.4,False
571,20012419,2020,1,24,19,66.0,1.0,7.0,1.0,41.0,-16.1,30.0,-4.9,False
572,20012420,2020,1,24,20,172.0,1.0,500.0,404.0,47.0,-17.6,30.0,-8.3,False
573,20012421,2020,1,24,21,194.0,1.0,504.0,333.0,39.0,-18.9,30.0,-7.3,False
574,20012422,2020,1,24,22,185.0,2.0,353.0,235.0,50.0,-18.4,30.0,-9.9,False
575,20012423,2020,1,24,23,53.0,2.0,275.0,232.0,43.0,-18.2,30.0,-7.8,False
576,20012500,2020,1,25,0,216.0,0.0,268.0,226.0,52.0,-18.4,30.0,-10.4,False
577,20012501,2020,1,25,1,85.0,2.0,332.0,256.0,43.0,-18.2,30.0,-7.8,False
578,20012502,2020,1,25,2,116.0,1.0,329.0,245.0,44.0,-18.8,30.0,-8.8,False
579,20012503,2020,1,25,3,64.0,2.0,276.0,205.0,47.0,-18.0,30.0,-8.7,False
580,20012504,2020,1,25,4,70.0,3.0,6.0,5.0,45.0,-18.0,30.0,-8.2,False
581,20012505,2020,1,25,5,64.0,1.0,7.0,1.0,52.0,-17.7,30.0,-9.7,False
582,20012506,2020,1,25,6,260.0,0.0,5.0,1.0,53.0,-18.1,30.0,-10.4,False
583,20012507,2020,1,25,7,103.0,1.0,293.0,230.0,69.0,-18.3,30.0,-13.8,False
584,20012508,2020,1,25,8,360.0,2.0,2.0,1.0,64.0,-17.6,30.0,-12.2,False
585,20012509,2020,1,25,9,168.0,1.0,3.0,2.0,69.0,-19.6,30.0,-15.2,False
586,20012510,2020,1,25,10,74.0,1.0,297.0,239.0,78.0,-16.8,30.0,-13.8,False
587,20012511,2020,1,25,11,65.0,1.0,340.0,260.0,61.0,-15.9,30.0,-9.8,False
588,20012512,2020,1,25,12,70.0,1.0,416.0,292.0,56.0,-15.8,30.0,-8.6,False
589,20012513,2020,1,25,13,26.0,2.0,359.0,257.0,58.0,-15.0,30.0,-8.2,False
590,20012514,2020,1,25,14,25.0,2.0,1.0,1.0,55.0,-14.6,30.0,-7.1,False
591,20012515,2020,1,25,15,38.0,3.0,277.0,192.0,51.0,-14.6,30.0,-6.1,False
592,20012516,2020,1,25,16,15.0,3.0,245.0,188.0,50.0,-14.1,30.0,-5.3,False
593,20012517,2020,1,25,17,22.0,2.0,4.0,2.0,50.0,-14.5,30.0,-5.7,False
594,20012518,2020,1,25,18,182.0,0.0,12.0,6.0,59.0,-15.4,30.0,-8.8,False
595,20012519,2020,1,25,19,92.0,1.0,15.0,7.0,63.0,-16.5,30.0,-10.8,False
596,20012520,2020,1,25,20,50.0,3.0,13.0,8.0,66.0,-15.5,30.0,-10.4,False
597,20012521,2020,1,25,21,101.0,2.0,171.0,126.0,60.0,-17.2,30.0,-11.0,False
598,20012522,2020,1,25,22,87.0,2.0,12.0,10.0,58.0,-16.4,30.0,-9.7,False
599,20012523,2020,1,25,23,98.0,2.0,150.0,119.0,58.0,-16.4,30.0,-9.7,False
600,20012600,2020,1,26,0,89.0,2.0,162.0,116.0,56.0,-17.0,30.0,-9.9,False
601,20012601,2020,1,26,1,90.0,2.0,152.0,125.0,54.0,-16.9,30.0,-9.3,False
602,20012602,2020,1,26,2,102.0,2.0,180.0,123.0,50.0,-16.4,30.0,-7.8,False
603,20012603,2020,1,26,3,89.0,2.0,168.0,120.0,55.0,-17.5,30.0,-10.2,False
604,20012604,2020,1,26,4,139.0,3.0,156.0,120.0,50.0,-18.8,30.0,-10.4,False
605,20012605,2020,1,26,5,93.0,2.0,175.0,126.0,48.0,-17.3,30.0,-8.2,False
606,20012606,2020,1,26,6,174.0,1.0,185.0,130.0,52.0,-18.9,30.0,-11.0,False
607,20012607,2020,1,26,7,98.0,2.0,180.0,129.0,46.0,-20.0,30.0,-10.6,False
608,20012608,2020,1,26,8,83.0,2.0,191.0,153.0,46.0,-18.9,30.0,-9.4,False
609,20012609,2020,1,26,9,89.0,2.0,212.0,158.0,45.0,-19.0,30.0,-9.2,False
610,20012610,2020,1,26,10,119.0,1.0,8.0,1.0,44.0,-19.2,30.0,-9.2,False
611,20012611,2020,1,26,11,71.0,1.0,11.0,3.0,46.0,-18.7,30.0,-9.2,False
612,20012612,2020,1,26,12,105.0,0.0,6.0,2.0,40.0,-16.9,30.0,-5.4,False
613,20012613,2020,1,26,13,237.0,1.0,208.0,171.0,35.0,-16.5,30.0,-3.2,False
614,20012614,2020,1,26,14,198.0,1.0,230.0,202.0,43.0,-14.5,30.0,-3.7,False
615,20012615,2020,1,26,15,235.0,1.0,220.0,192.0,46.0,-13.8,30.0,-3.9,False
616,20012616,2020,1,26,16,17.0,0.0,243.0,186.0,39.0,-15.7,30.0,-3.8,False
617,20012617,2020,1,26,17,304.0,0.0,1.0,1.0,41.0,-14.9,30.0,-3.6,False
618,20012618,2020,1,26,18,74.0,0.0,5.0,1.0,47.0,-14.7,30.0,-5.1,False
619,20012619,2020,1,26,19,67.0,1.0,8.0,3.0,53.0,-15.6,30.0,-7.7,False
620,20012620,2020,1,26,20,96.0,1.0,7.0,4.0,60.0,-15.9,30.0,-9.6,False
621,20012621,2020,1,26,21,0.0,0.0,8.0,6.0,61.0,-16.3,30.0,-10.2,False
622,20012622,2020,1,26,22,90.0,1.0,7.0,5.0,61.0,-16.2,8.7,-10.1,False
623,20012623,2020,1,26,23,86.0,0.0,4.0,2.0,58.0,-16.8,30.0,-10.1,False
624,20012700,2020,1,27,0,120.0,1.0,3.0,1.0,55.0,-17.6,30.0,-10.3,False
625,20012701,2020,1,27,1,73.0,1.0,2.0,2.0,52.0,-17.4,30.0,-9.4,False
626,20012702,2020,1,27,2,85.0,2.0,247.0,189.0,52.0,-17.2,30.0,-9.1,False
627,20012703,2020,1,27,3,80.0,2.0,4.0,4.0,53.0,-17.3,30.0,-9.5,False
628,20012704,2020,1,27,4,95.0,2.0,5.0,4.0,55.0,-17.1,30.0,-9.8,False
629,20012705,2020,1,27,5,92.0,2.0,4.0,4.0,55.0,-17.0,30.0,-9.7,False
630,20012706,2020,1,27,6,0.0,0.0,3.0,3.0,57.0,-18.6,30.0,-11.8,False
631,20012707,2020,1,27,7,0.0,0.0,3.0,3.0,57.0,-18.6,30.0,-11.8,False
632,20012708,2020,1,27,8,90.0,2.0,341.0,238.0,49.0,-17.3,30.0,-8.5,False
633,20012709,2020,1,27,9,171.0,3.0,317.0,246.0,57.0,-18.2,30.0,-11.4,False
634,20012710,2020,1,27,10,187.0,1.0,360.0,272.0,54.0,-17.5,30.0,-10.0,False
635,20012711,2020,1,27,11,113.0,1.0,404.0,288.0,49.0,-15.8,30.0,-6.9,False
636,20012712,2020,1,27,12,297.0,0.0,421.0,300.0,40.0,-15.6,30.0,-4.0,False
637,20012713,2020,1,27,13,170.0,1.0,395.0,285.0,47.0,-13.8,30.0,-4.2,False
638,20012714,2020,1,27,14,0.0,0.0,417.0,298.0,38.0,-14.7,30.0,-2.3,False
639,20012715,2020,1,27,15,0.0,0.0,364.0,284.0,32.0,-16.9,30.0,-2.4,False
640,20012716,2020,1,27,16,101.0,1.0,332.0,265.0,43.0,-15.1,30.0,-4.4,False
641,20012717,2020,1,27,17,57.0,0.0,2.0,2.0,31.0,-16.3,30.0,-1.3,False
642,20012718,2020,1,27,18,304.0,0.0,8.0,8.0,33.0,-16.6,6.3,-2.5,False
643,20012719,2020,1,27,19,204.0,1.0,9.0,5.0,56.0,-15.0,30.0,-7.8,False
644,20012720,2020,1,27,20,81.0,1.0,10.0,6.0,57.0,-14.5,30.0,-7.5,False
645,20012721,2020,1,27,21,81.0,2.0,344.0,287.0,53.0,-15.2,30.0,-7.3,False
646,20012722,2020,1,27,22,87.0,1.0,402.0,298.0,58.0,-15.9,30.0,-9.2,False
647,20012723,2020,1,27,23,91.0,2.0,380.0,283.0,54.0,-15.5,22.1,-7.8,False
648,20012800,2020,1,28,0,104.0,2.0,364.0,262.0,49.0,-16.3,30.0,-7.4,False
649,20012801,2020,1,28,1,98.0,2.0,295.0,226.0,49.0,-15.1,30.0,-6.1,False
650,20012802,2020,1,28,2,61.0,3.0,257.0,183.0,47.0,-16.0,30.0,-6.5,False
651,20012803,2020,1,28,3,170.0,0.0,253.0,232.0,52.0,-17.9,30.0,-9.9,False
652,20012804,2020,1,28,4,123.0,0.0,341.0,250.0,55.0,-16.4,30.0,-9.0,False
653,20012805,2020,1,28,5,174.0,1.0,284.0,222.0,54.0,-17.8,30.0,-10.3,False
654,20012806,2020,1,28,6,156.0,2.0,256.0,173.0,55.0,-17.3,30.0,-10.0,False
655,20012807,2020,1,28,7,156.0,2.0,256.0,173.0,55.0,-17.3,30.0,-10.0,False
656,20012808,2020,1,28,8,146.0,1.0,5.0,4.0,57.0,-17.1,30.0,-10.2,False
657,20012809,2020,1,28,9,306.0,0.0,7.0,5.0,54.0,-17.5,30.0,-10.0,False
658,20012810,2020,1,28,10,64.0,0.0,192.0,144.0,56.0,-17.5,30.0,-10.4,False
659,20012811,2020,1,28,11,38.0,1.0,210.0,150.0,49.0,-16.3,30.0,-7.4,False
660,20012812,2020,1,28,12,296.0,0.0,9.0,9.0,47.0,-16.4,30.0,-7.0,False
661,20012813,2020,1,28,13,97.0,1.0,11.0,7.0,50.0,-15.3,30.0,-6.6,False
662,20012814,2020,1,28,14,352.0,2.0,10.0,9.0,48.0,-14.9,30.0,-5.6,False
663,20012815,2020,1,28,15,351.0,2.0,11.0,8.0,50.0,-14.7,30.0,-6.0,False
664,20012816,2020,1,28,16,348.0,4.0,11.0,8.0,56.0,-13.8,30.0,-6.5,False
665,20012817,2020,1,28,17,19.0,4.0,10.0,6.0,57.0,-14.1,30.0,-7.0,False
666,20012818,2020,1,28,18,144.0,2.0,172.0,151.0,69.0,-14.3,30.0,-9.7,False
667,20012819,2020,1,28,19,55.0,3.0,213.0,180.0,62.0,-15.4,5.4,-9.5,False
668,20012820,2020,1,28,20,125.0,1.0,236.0,200.0,59.0,-16.4,30.0,-9.9,False
669,20012821,2020,1,28,21,173.0,1.0,259.0,181.0,64.0,-17.0,30.0,-11.6,False
670,20012822,2020,1,28,22,167.0,3.0,218.0,158.0,69.0,-18.1,26.1,-13.6,False
671,20012823,2020,1,28,23,21.0,1.0,205.0,152.0,71.0,-16.1,21.7,-11.9,False
672,20012900,2020,1,29,0,121.0,3.0,189.0,151.0,68.0,-17.5,16.3,-12.8,False
673,20012901,2020,1,29,1,138.0,1.0,202.0,157.0,64.0,-16.4,21.2,-10.9,False
674,20012902,2020,1,29,2,83.0,1.0,215.0,162.0,58.0,-16.8,30.0,-10.1,False
675,20012903,2020,1,29,3,198.0,2.0,210.0,162.0,60.0,-18.4,30.0,-12.2,False
676,20012904,2020,1,29,4,193.0,2.0,225.0,170.0,61.0,-18.3,30.0,-12.3,False
677,20012905,2020,1,29,5,144.0,3.0,224.0,152.0,58.0,-17.3,30.0,-10.6,False
678,20012906,2020,1,29,6,161.0,0.0,201.0,154.0,58.0,-18.5,30.0,-11.9,False
679,20012907,2020,1,29,7,138.0,2.0,224.0,196.0,61.0,-18.2,30.0,-12.2,False
680,20012908,2020,1,29,8,142.0,2.0,328.0,193.0,59.0,-17.7,30.0,-11.3,False
681,20012909,2020,1,29,9,155.0,1.0,267.0,146.0,59.0,-17.4,14.3,-11.0,False
682,20012910,2020,1,29,10,0.0,0.0,210.0,147.0,63.0,-16.0,30.0,-10.3,False
683,20012911,2020,1,29,11,115.0,1.0,232.0,153.0,53.0,-16.6,30.0,-8.7,False
684,20012912,2020,1,29,12,101.0,0.0,240.0,174.0,44.0,-15.4,30.0,-5.0,False
685,20012913,2020,1,29,13,308.0,0.0,270.0,195.0,43.0,-13.4,30.0,-2.5,False
686,20012914,2020,1,29,14,0.0,0.0,228.0,139.0,42.0,-12.7,30.0,-1.5,False
687,20012915,2020,1,29,15,275.0,2.0,168.0,153.0,58.0,-13.0,30.0,-6.1,False
688,20012916,2020,1,29,16,309.0,1.0,192.0,152.0,51.0,-15.1,30.0,-6.6,False
689,20012917,2020,1,29,17,353.0,1.0,223.0,190.0,54.0,-14.5,29.3,-6.7,False
690,20012918,2020,1,29,18,35.0,1.0,273.0,204.0,58.0,-14.4,30.0,-7.6,False
691,20012919,2020,1,29,19,27.0,2.0,251.0,161.0,64.0,-15.0,30.0,-9.5,False
692,20012920,2020,1,29,20,29.0,5.0,104.0,70.0,71.0,-13.7,30.0,-9.4,False
693,20012921,2020,1,29,21,57.0,2.0,130.0,129.0,71.0,-14.4,30.0,-10.2,False
694,20012922,2020,1,29,22,76.0,2.0,199.0,165.0,69.0,-15.6,30.0,-11.0,False
695,20012923,2020,1,29,23,73.0,2.0,125.0,119.0,71.0,-15.8,30.0,-11.6,False
696,20013000,2020,1,30,0,60.0,2.0,128.0,118.0,70.0,-16.1,30.0,-11.7,False
697,20013001,2020,1,30,1,78.0,2.0,138.0,132.0,68.0,-16.4,30.0,-11.7,False
698,20013002,2020,1,30,2,75.0,2.0,197.0,161.0,71.0,-16.9,30.0,-12.7,False
699,20013003,2020,1,30,3,94.0,2.0,240.0,189.0,74.0,-16.2,30.0,-12.5,False
700,20013004,2020,1,30,4,85.0,2.0,258.0,190.0,75.0,-15.9,30.0,-12.4,False
701,20013005,2020,1,30,5,93.0,1.0,180.0,102.0,78.0,-15.9,30.0,-12.9,False
702,20013006,2020,1,30,6,92.0,1.0,187.0,176.0,78.0,-15.6,30.0,-12.6,False
703,20013007,2020,1,30,7,83.0,2.0,293.0,208.0,78.0,-15.4,30.0,-12.4,False
704,20013008,2020,1,30,8,99.0,1.0,292.0,187.0,77.0,-15.3,30.0,-12.1,False
705,20013009,2020,1,30,9,106.0,1.0,251.0,187.0,78.0,-15.9,30.0,-12.9,False
706,20013010,2020,1,30,10,93.0,2.0,248.0,159.0,78.0,-15.9,30.0,-12.9,False
707,20013011,2020,1,30,11,91.0,2.0,197.0,156.0,69.0,-15.4,30.0,-10.8,False
708,20013012,2020,1,30,12,352.0,0.0,232.0,165.0,64.0,-14.4,30.0,-8.8,False
709,20013013,2020,1,30,13,12.0,1.0,220.0,160.0,57.0,-15.5,30.0,-8.5,False
710,20013014,2020,1,30,14,324.0,0.0,237.0,158.0,55.0,-15.9,30.0,-8.5,False
711,20013015,2020,1,30,15,326.0,0.0,221.0,153.0,53.0,-16.0,30.0,-8.1,False
712,20013016,2020,1,30,16,312.0,0.0,185.0,136.0,54.0,-15.7,30.0,-8.0,False
713,20013017,2020,1,30,17,287.0,1.0,179.0,133.0,54.0,-15.5,30.0,-7.8,False
714,20013018,2020,1,30,18,62.0,1.0,159.0,118.0,66.0,-15.1,30.0,-10.0,False
715,20013019,2020,1,30,19,279.0,1.0,154.0,115.0,71.0,-15.1,30.0,-10.9,False
716,20013020,2020,1,30,20,121.0,0.0,126.0,104.0,70.0,-16.0,30.0,-11.6,False
717,20013021,2020,1,30,21,148.0,2.0,123.0,109.0,65.0,-19.6,24.7,-14.5,False
718,20013022,2020,1,30,22,0.0,0.0,130.0,120.0,49.0,-23.7,30.0,-15.4,False
719,20013023,2020,1,30,23,0.0,0.0,196.0,148.0,55.0,-23.5,5.0,-16.6,False
720,20013100,2020,1,31,0,88.0,1.0,199.0,148.0,51.0,-22.5,30.0,-14.6,False
721,20013101,2020,1,31,1,70.0,2.0,218.0,153.0,39.0,-24.8,30.0,-13.8,False
722,20013102,2020,1,31,2,51.0,1.0,210.0,155.0,40.0,-25.7,30.0,-15.1,False
723,20013103,2020,1,31,3,89.0,1.0,218.0,163.0,34.0,-28.0,30.0,-15.7,False
724,20013104,2020,1,31,4,77.0,2.0,232.0,180.0,26.0,-29.5,30.0,-14.2,False
725,20013105,2020,1,31,5,79.0,2.0,233.0,170.0,24.0,-30.2,30.0,-14.0,False
726,20013106,2020,1,31,6,82.0,2.0,213.0,155.0,22.0,-31.1,30.0,-13.9,False
727,20013107,2020,1,31,7,102.0,2.0,198.0,163.0,21.0,-31.4,30.0,-13.7,False
728,20013108,2020,1,31,8,113.0,2.0,219.0,170.0,32.0,-27.9,30.0,-14.8,False
729,20013109,2020,1,31,9,117.0,1.0,237.0,174.0,53.0,-20.6,30.0,-13.0,False
730,20013110,2020,1,31,10,121.0,2.0,219.0,159.0,63.0,-19.4,30.0,-13.9,False
731,20013111,2020,1,31,11,104.0,1.0,210.0,163.0,57.0,-16.9,30.0,-10.0,False
732,20013112,2020,1,31,12,256.0,1.0,191.0,153.0,50.0,-16.6,30.0,-8.0,False
733,20013113,2020,1,31,13,153.0,1.0,195.0,169.0,52.0,-15.8,30.0,-7.7,False
734,20013114,2020,1,31,14,170.0,1.0,221.0,170.0,51.0,-14.1,30.0,-5.6,False
735,20013115,2020,1,31,15,271.0,1.0,224.0,142.0,24.0,-25.8,30.0,-8.9,False
736,20013116,2020,1,31,16,143.0,0.0,152.0,117.0,45.0,-17.6,30.0,-7.7,False
737,20013117,2020,1,31,17,270.0,0.0,142.0,114.0,33.0,-22.6,30.0,-9.3,False
738,20013118,2020,1,31,18,178.0,0.0,174.0,139.0,42.0,-20.3,30.0,-9.8,False
739,20013119,2020,1,31,19,185.0,1.0,190.0,146.0,67.0,-17.9,30.0,-13.1,False
740,20013120,2020,1,31,20,141.0,1.0,203.0,146.0,76.0,-18.0,20.0,-14.7,False
741,20013121,2020,1,31,21,185.0,1.0,198.0,148.0,77.0,-18.2,30.0,-15.1,False
742,20013122,2020,1,31,22,172.0,2.0,214.0,152.0,77.0,-18.4,30.0,-15.3,False
743,20013123,2020,1,31,23,172.0,3.0,232.0,155.0,65.0,-20.2,30.0,-15.1,False
744,20020100,2020,2,1,0,159.0,3.0,234.0,168.0,73.0,-17.8,30.0,-14.0,False
745,20020101,2020,2,1,1,178.0,1.0,262.0,168.0,61.0,-20.9,30.0,-15.1,False
746,20020102,2020,2,1,2,169.0,1.0,258.0,168.0,60.0,-21.3,30.0,-15.3,False
747,20020103,2020,2,1,3,99.0,1.0,251.0,191.0,48.0,-23.8,30.0,-15.2,False
748,20020104,2020,2,1,4,112.0,1.0,305.0,197.0,28.0,-28.1,30.0,-13.5,False
749,20020105,2020,2,1,5,126.0,1.0,263.0,172.0,32.0,-27.9,30.0,-14.9,False
750,20020106,2020,2,1,6,107.0,2.0,237.0,180.0,25.0,-28.6,30.0,-12.6,False
751,20020107,2020,2,1,7,107.0,2.0,237.0,180.0,25.0,-28.6,30.0,-12.6,False
752,20020108,2020,2,1,8,105.0,2.0,215.0,189.0,28.0,-27.1,30.0,-12.3,False
753,20020109,2020,2,1,9,92.0,2.0,336.0,240.0,27.0,-27.0,30.0,-11.8,False
754,20020110,2020,2,1,10,107.0,3.0,299.0,199.0,35.0,-24.3,30.0,-11.9,False
755,20020111,2020,2,1,11,104.0,1.0,284.0,197.0,37.0,-21.6,30.0,-9.6,False
756,20020112,2020,2,1,12,110.0,0.0,302.0,201.0,28.0,-21.5,30.0,-5.9,False
757,20020113,2020,2,1,13,217.0,1.0,303.0,249.0,21.0,-23.6,30.0,-4.6,False
758,20020114,2020,2,1,14,252.0,0.0,406.0,306.0,16.0,-26.8,30.0,-4.8,False
759,20020115,2020,2,1,15,312.0,1.0,395.0,278.0,14.0,-28.5,30.0,-5.1,False
760,20020116,2020,2,1,16,321.0,1.0,352.0,196.0,26.0,-21.8,30.0,-5.3,False
761,20020117,2020,2,1,17,349.0,1.0,229.0,146.0,38.0,-16.9,30.0,-4.8,False
762,20020118,2020,2,1,18,151.0,2.0,171.0,143.0,43.0,-18.2,30.0,-7.8,False
763,20020119,2020,2,1,19,143.0,2.0,180.0,168.0,47.0,-18.6,7.9,-9.4,False
764,20020120,2020,2,1,20,152.0,3.0,235.0,186.0,50.0,-18.9,30.0,-10.5,False
765,20020121,2020,2,1,21,102.0,2.0,225.0,184.0,49.0,-18.9,30.0,-10.2,False
766,20020122,2020,2,1,22,92.0,3.0,217.0,181.0,46.0,-19.3,30.0,-9.9,False
767,20020123,2020,2,1,23,108.0,2.0,271.0,219.0,51.0,-21.2,30.0,-13.2,False
768,20020200,2020,2,2,0,133.0,2.0,366.0,217.0,47.0,-21.3,30.0,-12.3,False
769,20020201,2020,2,2,1,105.0,3.0,302.0,176.0,37.0,-21.6,30.0,-9.6,False
770,20020202,2020,2,2,2,103.0,3.0,296.0,191.0,39.0,-21.2,30.0,-9.8,False
771,20020203,2020,2,2,3,97.0,3.0,305.0,185.0,38.0,-22.0,30.0,-10.4,False
772,20020204,2020,2,2,4,93.0,3.0,306.0,178.0,35.0,-22.5,30.0,-9.9,False
773,20020205,2020,2,2,5,88.0,3.0,297.0,176.0,35.0,-23.3,30.0,-10.8,False
774,20020206,2020,2,2,6,141.0,3.0,289.0,179.0,32.0,-25.7,30.0,-12.4,False
775,20020207,2020,2,2,7,141.0,3.0,289.0,179.0,32.0,-25.7,30.0,-12.4,False
776,20020208,2020,2,2,8,146.0,1.0,269.0,118.0,36.0,-25.2,30.0,-13.3,False
777,20020209,2020,2,2,9,83.0,2.0,197.0,129.0,32.0,-25.0,30.0,-11.6,False
778,20020210,2020,2,2,10,83.0,1.0,245.0,136.0,28.0,-25.4,6.8,-10.4,False
779,20020211,2020,2,2,11,149.0,1.0,216.0,116.0,39.0,-21.3,30.0,-10.0,False
780,20020212,2020,2,2,12,53.0,1.0,206.0,161.0,28.0,-21.5,30.0,-5.9,False
781,20020213,2020,2,2,13,239.0,0.0,279.0,218.0,32.0,-20.1,30.0,-6.1,False
782,20020214,2020,2,2,14,84.0,2.0,294.0,206.0,29.0,-20.2,30.0,-4.9,False
783,20020215,2020,2,2,15,7.0,1.0,263.0,201.0,30.0,-19.9,30.0,-5.0,False
784,20020216,2020,2,2,16,332.0,1.0,226.0,163.0,29.0,-19.7,30.0,-4.3,False
785,20020217,2020,2,2,17,134.0,0.0,179.0,142.0,39.0,-16.9,30.0,-5.1,False
786,20020218,2020,2,2,18,0.0,0.0,194.0,143.0,37.0,-18.2,30.0,-5.8,False
787,20020219,2020,2,2,19,213.0,1.0,181.0,132.0,42.0,-18.8,30.0,-8.2,False
788,20020220,2020,2,2,20,149.0,1.0,172.0,135.0,44.0,-19.6,30.0,-9.6,False
789,20020221,2020,2,2,21,117.0,1.0,174.0,137.0,41.0,-20.4,30.0,-9.6,False
790,20020222,2020,2,2,22,166.0,0.0,186.0,139.0,49.0,-20.1,17.8,-11.5,False
791,20020223,2020,2,2,23,95.0,2.0,171.0,122.0,49.0,-19.7,30.0,-11.1,False
792,20020300,2020,2,3,0,150.0,0.0,147.0,124.0,47.0,-20.6,30.0,-11.5,False
793,20020301,2020,2,3,1,89.0,2.0,173.0,127.0,44.0,-19.5,30.0,-9.5,False
794,20020302,2020,2,3,2,88.0,2.0,184.0,131.0,44.0,-19.8,30.0,-9.8,False
795,20020303,2020,2,3,3,89.0,2.0,165.0,143.0,43.0,-20.1,30.0,-9.9,False
796,20020304,2020,2,3,4,130.0,2.0,209.0,141.0,50.0,-20.5,30.0,-12.2,False
797,20020305,2020,2,3,5,138.0,2.0,219.0,175.0,50.0,-21.2,30.0,-13.0,False
798,20020306,2020,2,3,6,129.0,2.0,291.0,219.0,47.0,-22.1,30.0,-13.2,False
799,20020307,2020,2,3,7,165.0,2.0,352.0,200.0,47.0,-21.6,30.0,-12.6,False
800,20020308,2020,2,3,8,162.0,2.0,249.0,194.0,50.0,-20.7,30.0,-12.4,False
801,20020309,2020,2,3,9,132.0,3.0,274.0,201.0,52.0,-20.6,30.0,-12.8,False
802,20020310,2020,2,3,10,95.0,2.0,317.0,217.0,38.0,-21.8,30.0,-10.2,False
803,20020311,2020,2,3,11,64.0,1.0,308.0,213.0,38.0,-19.6,30.0,-7.7,False
804,20020312,2020,2,3,12,0.0,0.0,355.0,248.0,38.0,-18.1,30.0,-6.1,False
805,20020313,2020,2,3,13,156.0,1.0,477.0,268.0,45.0,-16.4,30.0,-6.4,False
806,20020314,2020,2,3,14,299.0,0.0,381.0,253.0,35.0,-18.1,30.0,-5.0,False
807,20020315,2020,2,3,15,56.0,0.0,305.0,239.0,34.0,-17.6,30.0,-4.0,False
808,20020316,2020,2,3,16,0.0,0.0,283.0,201.0,32.0,-16.4,30.0,-1.9,False
809,20020317,2020,2,3,17,192.0,0.0,231.0,171.0,35.0,-15.4,30.0,-2.0,False
810,20020318,2020,2,3,18,313.0,0.0,215.0,162.0,36.0,-15.8,30.0,-2.8,False
811,20020319,2020,2,3,19,86.0,2.0,210.0,156.0,47.0,-16.2,30.0,-6.8,False
812,20020320,2020,2,3,20,69.0,2.0,204.0,154.0,49.0,-16.7,30.0,-7.9,False
813,20020321,2020,2,3,21,57.0,0.0,197.0,158.0,54.0,-19.3,30.0,-11.9,False
814,20020322,2020,2,3,22,100.0,1.0,204.0,159.0,45.0,-19.6,30.0,-9.9,False
815,20020323,2020,2,3,23,99.0,2.0,226.0,159.0,44.0,-18.4,16.5,-8.3,False
816,20020400,2020,2,4,0,86.0,2.0,226.0,161.0,40.0,-19.6,30.0,-8.4,False
817,20020401,2020,2,4,1,66.0,1.0,229.0,161.0,40.0,-20.3,30.0,-9.2,False
818,20020402,2020,2,4,2,82.0,2.0,228.0,158.0,37.0,-20.6,30.0,-8.5,False
819,20020403,2020,2,4,3,191.0,0.0,238.0,166.0,47.0,-21.3,30.0,-12.3,False
820,20020404,2020,2,4,4,141.0,3.0,250.0,184.0,42.0,-21.0,30.0,-10.6,False
821,20020405,2020,2,4,5,92.0,1.0,284.0,196.0,39.0,-21.1,30.0,-9.7,False
822,20020406,2020,2,4,6,100.0,1.0,274.0,204.0,39.0,-21.1,30.0,-9.7,False
823,20020407,2020,2,4,7,100.0,1.0,274.0,204.0,39.0,-21.1,30.0,-9.7,False
824,20020408,2020,2,4,8,105.0,1.0,303.0,194.0,37.0,-21.9,30.0,-10.0,False
825,20020409,2020,2,4,9,141.0,1.0,306.0,194.0,38.0,-20.9,30.0,-9.2,False
826,20020410,2020,2,4,10,145.0,1.0,314.0,186.0,46.0,-18.0,30.0,-8.4,False
827,20020411,2020,2,4,11,147.0,2.0,332.0,186.0,43.0,-18.3,30.0,-7.9,False
828,20020412,2020,2,4,12,175.0,0.0,377.0,182.0,36.0,-16.2,30.0,-3.3,False
829,20020413,2020,2,4,13,302.0,0.0,309.0,202.0,31.0,-18.6,30.0,-3.9,False
830,20020414,2020,2,4,14,0.0,0.0,301.0,248.0,35.0,-15.8,30.0,-2.4,False
831,20020415,2020,2,4,15,122.0,2.0,341.0,287.0,39.0,-14.8,30.0,-2.8,False
832,20020416,2020,2,4,16,0.0,0.0,369.0,249.0,22.0,-20.0,30.0,-1.0,False
833,20020417,2020,2,4,17,152.0,0.0,313.0,213.0,21.0,-19.5,30.0,0.3,False
834,20020418,2020,2,4,18,183.0,2.0,285.0,193.0,52.0,-13.0,30.0,-4.6,False
835,20020419,2020,2,4,19,123.0,2.0,280.0,233.0,50.0,-14.7,30.0,-6.0,False
836,20020420,2020,2,4,20,85.0,2.0,327.0,231.0,40.0,-16.9,30.0,-5.4,False
837,20020421,2020,2,4,21,93.0,3.0,302.0,221.0,38.0,-17.4,30.0,-5.3,False
838,20020422,2020,2,4,22,79.0,2.0,292.0,200.0,34.0,-18.8,30.0,-5.4,False
839,20020423,2020,2,4,23,72.0,0.0,253.0,181.0,38.0,-18.9,30.0,-7.0,False
840,20020500,2020,2,5,0,91.0,1.0,220.0,169.0,34.0,-19.3,30.0,-6.0,False
841,20020501,2020,2,5,1,106.0,2.0,235.0,186.0,39.0,-17.5,30.0,-5.8,False
842,20020502,2020,2,5,2,89.0,3.0,284.0,209.0,43.0,-16.2,30.0,-5.6,False
843,20020503,2020,2,5,3,107.0,2.0,303.0,224.0,43.0,-16.1,30.0,-5.5,False
844,20020504,2020,2,5,4,105.0,1.0,317.0,220.0,47.0,-15.8,30.0,-6.3,False
845,20020505,2020,2,5,5,104.0,1.0,304.0,228.0,48.0,-16.3,30.0,-7.1,False
846,20020506,2020,2,5,6,88.0,2.0,320.0,250.0,46.0,-16.2,30.0,-6.5,False
847,20020507,2020,2,5,7,81.0,3.0,385.0,271.0,46.0,-15.7,30.0,-5.9,False
848,20020508,2020,2,5,8,88.0,3.0,410.0,282.0,49.0,-14.4,30.0,-5.4,False
849,20020509,2020,2,5,9,143.0,1.0,412.0,282.0,60.0,-13.9,30.0,-7.5,False
850,20020510,2020,2,5,10,117.0,1.0,401.0,262.0,60.0,-12.0,29.1,-5.5,False
851,20020511,2020,2,5,11,219.0,1.0,368.0,241.0,59.0,-11.2,30.0,-4.4,False
852,20020512,2020,2,5,12,175.0,1.0,344.0,249.0,55.0,-9.9,30.0,-2.1,False
853,20020513,2020,2,5,13,319.0,0.0,350.0,305.0,35.0,-14.2,30.0,-0.6,False
854,20020514,2020,2,5,14,312.0,1.0,372.0,254.0,37.0,-13.7,30.0,-0.8,False
855,20020515,2020,2,5,15,33.0,0.0,305.0,228.0,34.0,-13.8,30.0,0.2,False
856,20020516,2020,2,5,16,328.0,0.0,278.0,203.0,36.0,-12.7,30.0,0.7,False
857,20020517,2020,2,5,17,0.0,0.0,253.0,201.0,43.0,-11.1,30.0,0.0,False
858,20020518,2020,2,5,18,151.0,0.0,245.0,187.0,47.0,-11.8,6.3,-2.0,False
859,20020519,2020,2,5,19,151.0,1.0,255.0,178.0,56.0,-11.9,30.0,-4.5,False
860,20020520,2020,2,5,20,172.0,2.0,252.0,183.0,54.0,-13.1,30.0,-5.2,False
861,20020521,2020,2,5,21,92.0,2.0,233.0,182.0,44.0,-14.0,30.0,-3.5,False
862,20020522,2020,2,5,22,81.0,4.0,240.0,182.0,50.0,-12.8,30.0,-3.9,False
863,20020523,2020,2,5,23,150.0,2.0,234.0,177.0,54.0,-14.4,30.0,-6.6,False
864,20020600,2020,2,6,0,162.0,2.0,232.0,173.0,55.0,-14.2,30.0,-6.7,False
865,20020601,2020,2,6,1,141.0,2.0,258.0,182.0,56.0,-14.8,30.0,-7.5,False
866,20020602,2020,2,6,2,101.0,1.0,265.0,192.0,51.0,-15.1,30.0,-6.6,False
867,20020603,2020,2,6,3,175.0,0.0,285.0,198.0,56.0,-15.9,30.0,-8.7,False
868,20020604,2020,2,6,4,167.0,4.0,256.0,192.0,58.0,-15.4,30.0,-8.6,False
869,20020605,2020,2,6,5,149.0,4.0,300.0,211.0,51.0,-15.3,30.0,-6.9,False
870,20020606,2020,2,6,6,148.0,3.0,285.0,227.0,54.0,-14.8,30.0,-7.1,False
871,20020607,2020,2,6,7,148.0,3.0,285.0,227.0,54.0,-14.8,30.0,-7.1,False
872,20020608,2020,2,6,8,22.0,1.0,397.0,307.0,50.0,-16.1,30.0,-7.5,False
873,20020609,2020,2,6,9,56.0,1.0,418.0,298.0,57.0,-17.5,30.0,-10.6,False
874,20020610,2020,2,6,10,56.0,2.0,436.0,307.0,54.0,-15.8,30.0,-8.1,False
875,20020611,2020,2,6,11,323.0,0.0,398.0,268.0,41.0,-16.8,30.0,-5.6,False
876,20020612,2020,2,6,12,47.0,1.0,397.0,279.0,34.0,-17.5,30.0,-3.9,False
877,20020613,2020,2,6,13,325.0,2.0,386.0,263.0,44.0,-15.8,30.0,-5.5,False
878,20020614,2020,2,6,14,138.0,1.0,321.0,260.0,39.0,-16.1,30.0,-4.2,False
879,20020615,2020,2,6,15,356.0,2.0,341.0,261.0,37.0,-15.7,30.0,-3.1,False
880,20020616,2020,2,6,16,27.0,2.0,309.0,253.0,40.0,-15.7,30.0,-4.1,False
881,20020617,2020,2,6,17,22.0,2.0,308.0,251.0,44.0,-14.9,30.0,-4.5,False
882,20020618,2020,2,6,18,349.0,2.0,288.0,218.0,41.0,-15.7,30.0,-4.4,False
883,20020619,2020,2,6,19,328.0,2.0,273.0,180.0,45.0,-15.9,30.0,-5.9,False
884,20020620,2020,2,6,20,70.0,1.0,235.0,191.0,50.0,-16.4,30.0,-7.8,False
885,20020621,2020,2,6,21,78.0,2.0,255.0,205.0,52.0,-16.3,30.0,-8.2,False
886,20020622,2020,2,6,22,93.0,1.0,248.0,184.0,60.0,-16.4,30.0,-10.1,False
887,20020623,2020,2,6,23,97.0,1.0,223.0,186.0,51.0,-16.5,30.0,-8.2,False
888,20020700,2020,2,7,0,88.0,2.0,231.0,198.0,54.0,-15.5,30.0,-7.8,False
889,20020701,2020,2,7,1,79.0,1.0,255.0,206.0,55.0,-16.0,30.0,-8.6,False
890,20020702,2020,2,7,2,86.0,2.0,282.0,216.0,52.0,-16.4,30.0,-8.3,False
891,20020703,2020,2,7,3,98.0,1.0,282.0,212.0,52.0,-16.4,30.0,-8.3,False
892,20020704,2020,2,7,4,110.0,1.0,297.0,230.0,54.0,-17.3,30.0,-9.7,False
893,20020705,2020,2,7,5,94.0,1.0,321.0,231.0,58.0,-16.3,30.0,-9.6,False
894,20020706,2020,2,7,6,91.0,1.0,317.0,205.0,61.0,-16.1,30.0,-10.0,False
895,20020707,2020,2,7,7,97.0,0.0,292.0,213.0,75.0,-13.8,30.0,-10.2,False
896,20020708,2020,2,7,8,103.0,2.0,303.0,226.0,75.0,-11.6,30.0,-8.0,False
897,20020709,2020,2,7,9,120.0,4.0,300.0,222.0,63.0,-14.2,30.0,-8.4,False
898,20020710,2020,2,7,10,105.0,2.0,288.0,220.0,52.0,-15.0,30.0,-6.8,False
899,20020711,2020,2,7,11,90.0,1.0,286.0,188.0,42.0,-14.7,30.0,-3.7,False
900,20020712,2020,2,7,12,97.0,1.0,254.0,206.0,28.0,-17.5,30.0,-1.3,False
901,20020713,2020,2,7,13,85.0,0.0,282.0,217.0,29.0,-15.2,30.0,0.8,False
902,20020714,2020,2,7,14,317.0,1.0,261.0,213.0,31.0,-14.8,30.0,0.4,False
903,20020715,2020,2,7,15,296.0,0.0,264.0,212.0,37.0,-12.2,30.0,0.8,False
904,20020716,2020,2,7,16,268.0,0.0,267.0,236.0,36.0,-12.7,30.0,0.7,False
905,20020717,2020,2,7,17,279.0,0.0,329.0,247.0,33.0,-13.5,30.0,1.0,False
906,20020718,2020,2,7,18,0.0,0.0,298.0,201.0,48.0,-10.3,30.0,-0.7,False
907,20020719,2020,2,7,19,75.0,1.0,238.0,166.0,58.0,-9.9,30.0,-2.8,False
908,20020720,2020,2,7,20,124.0,1.0,220.0,155.0,61.0,-11.2,30.0,-4.8,False
909,20020721,2020,2,7,21,119.0,3.0,193.0,163.0,63.0,-10.6,30.0,-4.6,False
910,20020722,2020,2,7,22,96.0,2.0,234.0,217.0,57.0,-11.0,30.0,-3.7,False
911,20020723,2020,2,7,23,98.0,2.0,292.0,234.0,51.0,-11.7,30.0,-3.0,False
912,20020800,2020,2,8,0,90.0,2.0,293.0,235.0,51.0,-12.5,30.0,-3.9,False
913,20020801,2020,2,8,1,109.0,3.0,310.0,246.0,50.0,-13.4,19.7,-4.6,False
914,20020802,2020,2,8,2,101.0,3.0,319.0,258.0,48.0,-13.8,30.0,-4.4,False
915,20020803,2020,2,8,3,93.0,2.0,330.0,262.0,48.0,-13.4,30.0,-4.0,False
916,20020804,2020,2,8,4,108.0,4.0,329.0,266.0,55.0,-12.3,30.0,-4.6,False
917,20020805,2020,2,8,5,95.0,3.0,349.0,267.0,48.0,-12.5,30.0,-3.0,False
918,20020806,2020,2,8,6,107.0,3.0,376.0,270.0,46.0,-12.9,30.0,-2.9,False
919,20020807,2020,2,8,7,107.0,3.0,376.0,270.0,46.0,-12.9,30.0,-2.9,False
920,20020808,2020,2,8,8,113.0,4.0,379.0,295.0,50.0,-12.9,30.0,-4.0,False
921,20020809,2020,2,8,9,112.0,4.0,329.0,275.0,49.0,-13.2,30.0,-4.1,False
922,20020810,2020,2,8,10,104.0,3.0,301.0,299.0,42.0,-13.5,30.0,-2.3,False
923,20020811,2020,2,8,11,143.0,3.0,295.0,293.0,44.0,-11.9,30.0,-1.2,False
924,20020812,2020,2,8,12,124.0,1.0,313.0,280.0,42.0,-10.6,30.0,0.9,False
925,20020813,2020,2,8,13,332.0,1.0,343.0,272.0,30.0,-12.3,30.0,3.7,False
926,20020814,2020,2,8,14,195.0,1.0,335.0,288.0,41.0,-8.8,30.0,3.2,False
927,20020815,2020,2,8,15,180.0,1.0,325.0,304.0,40.0,-8.6,30.0,3.8,False
928,20020816,2020,2,8,16,226.0,0.0,178.0,119.0,37.0,-9.0,30.0,4.4,False
929,20020817,2020,2,8,17,39.0,0.0,164.0,112.0,30.0,-11.3,30.0,4.8,False
930,20020818,2020,2,8,18,73.0,1.0,150.0,109.0,44.0,-10.0,30.0,0.9,False
931,20020819,2020,2,8,19,138.0,1.0,254.0,232.0,53.0,-9.6,30.0,-1.3,False
932,20020820,2020,2,8,20,197.0,0.0,392.0,232.0,56.0,-10.4,30.0,-2.8,False
933,20020821,2020,2,8,21,155.0,3.0,302.0,271.0,47.0,-11.7,30.0,-1.9,False
934,20020822,2020,2,8,22,68.0,1.0,279.0,252.0,47.0,-13.5,30.0,-3.8,False
935,20020823,2020,2,8,23,85.0,2.0,325.0,246.0,37.0,-14.9,30.0,-2.2,False
936,20020900,2020,2,9,0,132.0,1.0,309.0,271.0,37.0,-16.7,30.0,-4.2,False
937,20020901,2020,2,9,1,77.0,0.0,323.0,275.0,37.0,-16.5,30.0,-3.9,False
938,20020902,2020,2,9,2,149.0,1.0,220.0,148.0,35.0,-17.7,30.0,-4.6,False
939,20020903,2020,2,9,3,121.0,0.0,290.0,268.0,34.0,-18.5,30.0,-5.1,False
940,20020904,2020,2,9,4,20.0,0.0,303.0,260.0,37.0,-18.2,30.0,-5.8,False
941,20020905,2020,2,9,5,234.0,0.0,333.0,264.0,32.0,-19.4,30.0,-5.3,False
942,20020906,2020,2,9,6,162.0,3.0,311.0,286.0,37.0,-18.5,30.0,-6.2,False
943,20020907,2020,2,9,7,162.0,3.0,311.0,286.0,37.0,-18.5,30.0,-6.2,False
944,20020908,2020,2,9,8,160.0,2.0,109.0,86.0,36.0,-19.2,30.0,-6.6,False
945,20020909,2020,2,9,9,119.0,1.0,112.0,98.0,33.0,-18.4,30.0,-4.6,False
946,20020910,2020,2,9,10,109.0,1.0,143.0,112.0,28.0,-18.9,30.0,-2.9,False
947,20020911,2020,2,9,11,0.0,0.0,102.0,76.0,23.0,-18.1,30.0,0.7,False
948,20020912,2020,2,9,12,235.0,1.0,300.0,178.0,23.0,-16.1,30.0,3.0,False
949,20020913,2020,2,9,13,182.0,1.0,264.0,233.0,35.0,-12.5,30.0,1.3,False
950,20020914,2020,2,9,14,358.0,0.0,308.0,250.0,14.0,-20.6,30.0,4.6,False
951,20020915,2020,2,9,15,322.0,1.0,73.0,55.0,22.0,-17.6,30.0,1.9,False
952,20020916,2020,2,9,16,0.0,0.0,88.0,86.0,25.0,-13.5,30.0,4.9,False
953,20020917,2020,2,9,17,278.0,0.0,161.0,128.0,29.0,-12.8,30.0,3.6,False
954,20020918,2020,2,9,18,92.0,0.0,159.0,130.0,45.0,-9.2,30.0,1.4,False
955,20020919,2020,2,9,19,130.0,1.0,69.0,60.0,42.0,-12.3,30.0,-1.0,False
956,20020920,2020,2,9,20,149.0,1.0,54.0,35.0,52.0,-11.8,30.0,-3.4,False
957,20020921,2020,2,9,21,176.0,1.0,114.0,92.0,53.0,-12.9,30.0,-4.8,False
958,20020922,2020,2,9,22,169.0,2.0,116.0,103.0,51.0,-13.6,30.0,-5.0,False
959,20020923,2020,2,9,23,340.0,0.0,122.0,114.0,52.0,-14.8,28.2,-6.6,False
960,20021000,2020,2,10,0,92.0,1.0,121.0,116.0,50.0,-15.7,30.0,-7.0,False
961,20021001,2020,2,10,1,356.0,0.0,176.0,113.0,55.0,-14.3,30.0,-6.8,False
962,20021002,2020,2,10,2,75.0,2.0,153.0,94.0,43.0,-16.2,30.0,-5.6,False
963,20021003,2020,2,10,3,62.0,2.0,128.0,92.0,40.0,-16.6,30.0,-5.1,False
964,20021004,2020,2,10,4,94.0,3.0,133.0,96.0,39.0,-16.0,30.0,-4.1,False
965,20021005,2020,2,10,5,90.0,2.0,139.0,94.0,39.0,-16.2,30.0,-4.3,False
966,20021006,2020,2,10,6,146.0,2.0,144.0,102.0,43.0,-17.2,30.0,-6.7,False
967,20021007,2020,2,10,7,150.0,3.0,149.0,97.0,40.0,-16.2,30.0,-4.6,False
968,20021008,2020,2,10,8,88.0,1.0,142.0,99.0,35.0,-17.3,30.0,-4.1,False
969,20021009,2020,2,10,9,131.0,1.0,147.0,99.0,41.0,-16.3,30.0,-5.1,False
970,20021010,2020,2,10,10,25.0,1.0,150.0,104.0,32.0,-17.3,29.4,-2.9,False
971,20021011,2020,2,10,11,75.0,3.0,173.0,127.0,39.0,-14.6,30.0,-2.5,False
972,20021012,2020,2,10,12,341.0,2.0,196.0,126.0,26.0,-15.8,30.0,1.6,False
973,20021013,2020,2,10,13,204.0,1.0,171.0,142.0,40.0,-10.4,30.0,1.8,False
974,20021014,2020,2,10,14,331.0,2.0,179.0,147.0,30.0,-13.6,30.0,2.2,False
975,20021015,2020,2,10,15,219.0,0.0,178.0,133.0,36.0,-10.4,30.0,3.2,False
976,20021016,2020,2,10,16,350.0,0.0,166.0,139.0,25.0,-15.2,30.0,2.9,False
977,20021017,2020,2,10,17,331.0,1.0,186.0,154.0,29.0,-13.9,30.0,2.3,False
978,20021018,2020,2,10,18,331.0,0.0,205.0,150.0,31.0,-12.4,30.0,3.1,False
979,20021019,2020,2,10,19,156.0,2.0,169.0,127.0,52.0,-10.1,30.0,-1.5,False
980,20021020,2020,2,10,20,121.0,3.0,168.0,147.0,53.0,-11.5,30.0,-3.3,False
981,20021021,2020,2,10,21,105.0,1.0,174.0,151.0,44.0,-13.1,30.0,-2.5,False
982,20021022,2020,2,10,22,127.0,1.0,196.0,154.0,51.0,-13.0,30.0,-4.4,False
983,20021023,2020,2,10,23,152.0,3.0,192.0,162.0,48.0,-13.2,30.0,-3.8,False
984,20021100,2020,2,11,0,0.0,0.0,26.0,20.0,44.0,-14.2,30.0,-3.7,False
985,20021101,2020,2,11,1,83.0,2.0,175.0,152.0,42.0,-13.9,30.0,-2.8,False
986,20021102,2020,2,11,2,59.0,2.0,196.0,159.0,43.0,-13.2,30.0,-2.3,False
987,20021103,2020,2,11,3,67.0,0.0,199.0,147.0,58.0,-10.6,30.0,-3.5,False
988,20021104,2020,2,11,4,100.0,4.0,133.0,111.0,59.0,-9.0,30.0,-2.1,False
989,20021105,2020,2,11,5,124.0,4.0,114.0,107.0,56.0,-9.5,30.0,-1.9,False
990,20021106,2020,2,11,6,39.0,1.0,130.0,126.0,52.0,-10.5,30.0,-2.0,False
991,20021107,2020,2,11,7,79.0,3.0,157.0,132.0,48.0,-10.9,30.0,-1.3,False
992,20021108,2020,2,11,8,84.0,0.0,152.0,140.0,56.0,-10.9,30.0,-3.4,False
993,20021109,2020,2,11,9,81.0,3.0,150.0,144.0,54.0,-10.5,30.0,-2.5,False
994,20021110,2020,2,11,10,154.0,4.0,166.0,165.0,60.0,-11.0,30.0,-4.4,False
995,20021111,2020,2,11,11,113.0,1.0,206.0,194.0,49.0,-9.4,30.0,0.0,False
996,20021112,2020,2,11,12,155.0,3.0,225.0,213.0,60.0,-7.0,30.0,-0.2,False
997,20021113,2020,2,11,13,211.0,2.0,212.0,195.0,44.0,-8.7,30.0,2.3,False
998,20021114,2020,2,11,14,212.0,4.0,192.0,149.0,49.0,-8.6,30.0,0.9,False
999,20021115,2020,2,11,15,240.0,4.0,190.0,123.0,59.0,-8.1,30.0,-1.1,False
1000,20021116,2020,2,11,16,230.0,3.0,168.0,126.0,56.0,-8.4,30.0,-0.7,False
1001,20021117,2020,2,11,17,259.0,2.0,144.0,144.0,69.0,-7.9,30.0,-3.0,False
1002,20021118,2020,2,11,18,167.0,2.0,150.0,143.0,65.0,-8.2,21.6,-2.5,False
1003,20021119,2020,2,11,19,219.0,2.0,179.0,144.0,74.0,-9.8,23.3,-5.9,False
1004,20021120,2020,2,11,20,186.0,3.0,166.0,144.0,68.0,-10.1,17.3,-5.1,False
1005,20021121,2020,2,11,21,181.0,3.0,153.0,142.0,61.0,-10.3,26.9,-3.9,False
1006,20021122,2020,2,11,22,249.0,3.0,142.0,139.0,95.0,-7.4,0.3,-6.7,False
1007,20021123,2020,2,11,23,273.0,1.0,145.0,127.0,95.0,-8.6,0.1,-7.9,False
1008,20021200,2020,2,12,0,295.0,2.0,129.0,107.0,93.0,-10.5,0.1,-9.6,False
1009,20021201,2020,2,12,1,308.0,2.0,91.0,70.0,89.0,-12.7,1.7,-11.3,False
1010,20021202,2020,2,12,2,221.0,1.0,84.0,68.0,89.0,-12.5,3.0,-11.0,False
1011,20021203,2020,2,12,3,257.0,0.0,77.0,65.0,88.0,-14.5,2.5,-12.9,False
1012,20021204,2020,2,12,4,235.0,1.0,66.0,58.0,84.0,-15.7,23.8,-13.6,False
1013,20021205,2020,2,12,5,323.0,0.0,41.0,21.0,76.0,-18.4,30.0,-15.1,False
1014,20021206,2020,2,12,6,210.0,1.0,18.0,16.0,57.0,-20.7,30.0,-14.0,False
1015,20021207,2020,2,12,7,1.0,0.0,123.0,97.0,37.0,-23.9,30.0,-12.2,False
1016,20021208,2020,2,12,8,334.0,1.0,18.0,15.0,41.0,-22.8,30.0,-12.2,False
1017,20021209,2020,2,12,9,109.0,1.0,131.0,99.0,62.0,-21.8,30.0,-16.2,False
1018,20021210,2020,2,12,10,357.0,0.0,120.0,102.0,50.0,-23.0,30.0,-14.9,False
1019,20021211,2020,2,12,11,308.0,1.0,6.0,3.0,46.0,-22.9,30.0,-13.8,False
1020,20021212,2020,2,12,12,280.0,1.0,15.0,14.0,49.0,-22.2,30.0,-13.8,False
1021,20021213,2020,2,12,13,234.0,1.0,173.0,109.0,53.0,-21.6,30.0,-14.1,False
1022,20021214,2020,2,12,14,257.0,1.0,10.0,9.0,53.0,-21.3,30.0,-13.8,False
1023,20021215,2020,2,12,15,317.0,2.0,201.0,151.0,53.0,-21.1,30.0,-13.6,False
1024,20021216,2020,2,12,16,213.0,1.0,17.0,13.0,56.0,-20.6,30.0,-13.7,False
1025,20021217,2020,2,12,17,286.0,1.0,14.0,14.0,46.0,-22.5,30.0,-13.3,False
1026,20021218,2020,2,12,18,9.0,2.0,17.0,15.0,46.0,-22.8,30.0,-13.7,False
1027,20021219,2020,2,12,19,22.0,4.0,156.0,117.0,51.0,-22.6,30.0,-14.7,False
1028,20021220,2020,2,12,20,55.0,4.0,24.0,13.0,39.0,-24.0,30.0,-12.9,False
1029,20021221,2020,2,12,21,76.0,4.0,19.0,13.0,36.0,-24.3,30.0,-12.3,False
1030,20021222,2020,2,12,22,81.0,3.0,19.0,13.0,39.0,-24.0,30.0,-12.9,False
1031,20021223,2020,2,12,23,101.0,3.0,12.0,12.0,42.0,-23.0,30.0,-12.7,False
1032,20021300,2020,2,13,0,306.0,0.0,219.0,144.0,43.0,-24.6,30.0,-14.8,False
1033,20021301,2020,2,13,1,96.0,2.0,28.0,15.0,47.0,-22.5,30.0,-13.6,False
1034,20021302,2020,2,13,2,81.0,3.0,28.0,16.0,43.0,-21.9,30.0,-11.8,False
1035,20021303,2020,2,13,3,72.0,3.0,24.0,18.0,44.0,-21.2,30.0,-11.4,False
1036,20021304,2020,2,13,4,71.0,3.0,27.0,21.0,42.0,-21.6,30.0,-11.2,False
1037,20021305,2020,2,13,5,76.0,5.0,31.0,23.0,40.0,-21.2,30.0,-10.2,False
1038,20021306,2020,2,13,6,75.0,5.0,33.0,26.0,36.0,-21.9,30.0,-9.6,False
1039,20021307,2020,2,13,7,90.0,4.0,44.0,31.0,36.0,-22.3,30.0,-10.1,False
1040,20021308,2020,2,13,8,88.0,4.0,45.0,31.0,33.0,-22.7,30.0,-9.4,False
1041,20021309,2020,2,13,9,92.0,4.0,39.0,30.0,35.0,-23.4,30.0,-10.9,False
1042,20021310,2020,2,13,10,112.0,3.0,47.0,32.0,33.0,-23.0,30.0,-9.7,False
1043,20021311,2020,2,13,11,125.0,2.0,39.0,38.0,36.0,-20.9,30.0,-8.5,False
1044,20021312,2020,2,13,12,131.0,1.0,96.0,73.0,29.0,-20.2,30.0,-4.9,False
1045,20021313,2020,2,13,13,16.0,2.0,25.0,9.0,24.0,-20.9,30.0,-3.2,False
1046,20021314,2020,2,13,14,329.0,1.0,122.0,71.0,31.0,-17.8,30.0,-3.0,False
1047,20021315,2020,2,13,15,247.0,2.0,89.0,67.0,41.0,-15.8,30.0,-4.5,False
1048,20021316,2020,2,13,16,187.0,1.0,90.0,75.0,28.0,-18.7,30.0,-2.7,False
1049,20021317,2020,2,13,17,200.0,0.0,107.0,72.0,23.0,-20.7,30.0,-2.4,False
1050,20021318,2020,2,13,18,261.0,0.0,58.0,46.0,17.0,-24.1,30.0,-2.3,False
1051,20021319,2020,2,13,19,216.0,0.0,57.0,32.0,32.0,-19.1,30.0,-4.9,False
1052,20021320,2020,2,13,20,154.0,4.0,32.0,26.0,42.0,-18.9,30.0,-8.3,False
1053,20021321,2020,2,13,21,151.0,4.0,28.0,28.0,42.0,-19.3,30.0,-8.7,False
1054,20021322,2020,2,13,22,113.0,2.0,25.0,21.0,43.0,-19.4,30.0,-9.1,False
1055,20021323,2020,2,13,23,45.0,2.0,25.0,18.0,37.0,-20.3,30.0,-8.2,False
1056,20021400,2020,2,14,0,79.0,2.0,21.0,20.0,38.0,-20.6,30.0,-8.9,False
1057,20021401,2020,2,14,1,157.0,1.0,44.0,29.0,41.0,-20.8,30.0,-10.0,False
1058,20021402,2020,2,14,2,92.0,2.0,33.0,32.0,42.0,-20.1,30.0,-9.6,False
1059,20021403,2020,2,14,3,80.0,2.0,46.0,37.0,41.0,-20.5,30.0,-9.7,False
1060,20021404,2020,2,14,4,224.0,1.0,45.0,41.0,49.0,-21.0,30.0,-12.5,False
1061,20021405,2020,2,14,5,79.0,3.0,58.0,46.0,47.0,-20.5,30.0,-11.4,False
1062,20021406,2020,2,14,6,160.0,2.0,56.0,46.0,51.0,-21.3,30.0,-13.3,False
1063,20021407,2020,2,14,7,57.0,0.0,66.0,48.0,49.0,-21.3,30.0,-12.8,False
1064,20021408,2020,2,14,8,103.0,1.0,65.0,49.0,52.0,-21.5,30.0,-13.8,False
1065,20021409,2020,2,14,9,43.0,0.0,67.0,50.0,52.0,-20.4,30.0,-12.6,False
1066,20021410,2020,2,14,10,120.0,1.0,73.0,52.0,52.0,-20.5,29.8,-12.7,False
1067,20021411,2020,2,14,11,154.0,1.0,64.0,50.0,46.0,-19.1,30.0,-9.6,False
1068,20021412,2020,2,14,12,127.0,0.0,63.0,63.0,38.0,-19.0,30.0,-7.1,False
1069,20021413,2020,2,14,13,301.0,1.0,76.0,66.0,44.0,-19.7,30.0,-9.7,False
1070,20021414,2020,2,14,14,195.0,0.0,75.0,53.0,44.0,-18.3,30.0,-8.2,False
1071,20021415,2020,2,14,15,259.0,0.0,57.0,44.0,41.0,-17.9,30.0,-6.9,False
1072,20021416,2020,2,14,16,334.0,1.0,56.0,52.0,44.0,-16.8,30.0,-6.6,False
1073,20021417,2020,2,14,17,199.0,1.0,65.0,52.0,51.0,-14.6,30.0,-6.1,False
1074,20021418,2020,2,14,18,135.0,0.0,56.0,50.0,40.0,-18.1,30.0,-6.7,False
1075,20021419,2020,2,14,19,239.0,0.0,62.0,50.0,38.0,-18.7,30.0,-6.7,False
1076,20021420,2020,2,14,20,31.0,1.0,74.0,51.0,51.0,-18.7,30.0,-10.5,False
1077,20021421,2020,2,14,21,117.0,0.0,65.0,51.0,56.0,-19.2,30.0,-12.2,False
1078,20021422,2020,2,14,22,91.0,2.0,48.0,47.0,54.0,-19.3,30.0,-11.9,False
1079,20021423,2020,2,14,23,93.0,2.0,68.0,49.0,49.0,-19.2,30.0,-10.5,False
1080,20021500,2020,2,15,0,231.0,3.0,53.0,47.0,48.0,-21.8,30.0,-13.1,False
1081,20021501,2020,2,15,1,141.0,3.0,134.0,82.0,59.0,-20.8,30.0,-14.6,False
1082,20021502,2020,2,15,2,83.0,3.0,58.0,51.0,47.0,-21.2,30.0,-12.2,False
1083,20021503,2020,2,15,3,162.0,1.0,72.0,53.0,51.0,-22.0,30.0,-14.1,False
1084,20021504,2020,2,15,4,104.0,2.0,74.0,62.0,43.0,-22.8,30.0,-12.8,False
1085,20021505,2020,2,15,5,153.0,0.0,79.0,73.0,46.0,-24.2,30.0,-15.2,False
1086,20021506,2020,2,15,6,91.0,2.0,91.0,74.0,44.0,-23.9,30.0,-14.3,False
1087,20021507,2020,2,15,7,91.0,2.0,91.0,74.0,44.0,-23.9,30.0,-14.3,False
1088,20021508,2020,2,15,8,102.0,1.0,107.0,94.0,42.0,-24.9,30.0,-14.8,False
1089,20021509,2020,2,15,9,92.0,3.0,106.0,95.0,37.0,-25.0,30.0,-13.4,False
1090,20021510,2020,2,15,10,174.0,1.0,118.0,98.0,45.0,-24.7,30.0,-15.4,False
1091,20021511,2020,2,15,11,124.0,0.0,104.0,102.0,37.0,-22.2,30.0,-10.3,False
1092,20021512,2020,2,15,12,15.0,2.0,105.0,105.0,27.0,-24.1,30.0,-8.4,False
1093,20021513,2020,2,15,13,342.0,1.0,121.0,114.0,27.0,-23.2,30.0,-7.4,False
1094,20021514,2020,2,15,14,34.0,1.0,91.0,80.0,30.0,-20.8,30.0,-6.0,False
1095,20021515,2020,2,15,15,294.0,1.0,65.0,46.0,33.0,-19.8,30.0,-6.1,False
1096,20021516,2020,2,15,16,217.0,1.0,134.0,70.0,45.0,-16.8,30.0,-6.9,False
1097,20021517,2020,2,15,17,355.0,1.0,43.0,43.0,29.0,-19.2,30.0,-3.7,False
1098,20021518,2020,2,15,18,58.0,2.0,143.0,77.0,29.0,-19.2,30.0,-3.7,False
1099,20021519,2020,2,15,19,169.0,1.0,55.0,50.0,50.0,-16.2,30.0,-7.6,False
1100,20021520,2020,2,15,20,97.0,1.0,188.0,97.0,38.0,-20.1,29.0,-8.3,False
1101,20021521,2020,2,15,21,126.0,1.0,80.0,56.0,41.0,-20.9,30.0,-10.1,False
1102,20021522,2020,2,15,22,87.0,2.0,66.0,48.0,34.0,-22.0,30.0,-9.0,False
1103,20021523,2020,2,15,23,85.0,2.0,62.0,50.0,31.0,-23.1,30.0,-9.0,False
1104,20021600,2020,2,16,0,93.0,2.0,74.0,59.0,30.0,-23.4,27.2,-9.0,False
1105,20021601,2020,2,16,1,102.0,1.0,88.0,64.0,31.0,-24.4,30.0,-10.5,False
1106,20021602,2020,2,16,2,101.0,3.0,89.0,64.0,26.0,-25.0,30.0,-9.0,False
1107,20021603,2020,2,16,3,280.0,0.0,91.0,84.0,32.0,-24.3,30.0,-10.8,False
1108,20021604,2020,2,16,4,174.0,1.0,106.0,97.0,33.0,-24.6,30.0,-11.5,False
1109,20021605,2020,2,16,5,148.0,1.0,96.0,84.0,32.0,-24.7,30.0,-11.3,False
1110,20021606,2020,2,16,6,166.0,1.0,142.0,128.0,33.0,-24.8,30.0,-11.8,False
1111,20021607,2020,2,16,7,166.0,1.0,142.0,128.0,33.0,-24.8,30.0,-11.8,False
1112,20021608,2020,2,16,8,93.0,1.0,123.0,106.0,29.0,-25.7,30.0,-11.2,False
1113,20021609,2020,2,16,9,73.0,2.0,114.0,109.0,28.0,-25.7,30.0,-10.7,False
1114,20021610,2020,2,16,10,129.0,3.0,120.0,111.0,33.0,-23.5,30.0,-10.3,False
1115,20021611,2020,2,16,11,38.0,1.0,115.0,100.0,25.0,-24.0,30.0,-7.3,False
1116,20021612,2020,2,16,12,56.0,2.0,185.0,162.0,23.0,-22.6,30.0,-4.6,False
1117,20021613,2020,2,16,13,30.0,4.0,187.0,169.0,25.0,-21.1,30.0,-4.0,False
1118,20021614,2020,2,16,14,25.0,4.0,216.0,142.0,32.0,-18.2,30.0,-3.9,False
1119,20021615,2020,2,16,15,356.0,1.0,153.0,102.0,49.0,-13.8,30.0,-4.7,False
1120,20021616,2020,2,16,16,203.0,2.0,99.0,68.0,71.0,-11.6,30.0,-7.2,False
1121,20021617,2020,2,16,17,272.0,1.0,81.0,71.0,45.0,-15.5,30.0,-5.4,False
1122,20021618,2020,2,16,18,359.0,2.0,112.0,105.0,47.0,-15.3,30.0,-5.8,False
1123,20021619,2020,2,16,19,67.0,0.0,114.0,101.0,51.0,-15.9,23.4,-7.5,False
1124,20021620,2020,2,16,20,105.0,1.0,124.0,103.0,51.0,-17.9,30.0,-9.7,False
1125,20021621,2020,2,16,21,172.0,1.0,113.0,104.0,52.0,-18.2,24.7,-10.2,False
1126,20021622,2020,2,16,22,163.0,3.0,126.0,113.0,55.0,-18.3,28.0,-11.0,False
1127,20021623,2020,2,16,23,149.0,1.0,141.0,116.0,43.0,-19.8,28.0,-9.5,False
1128,20021700,2020,2,17,0,61.0,1.0,138.0,86.0,42.0,-19.7,22.1,-9.1,False
1129,20021701,2020,2,17,1,83.0,2.0,151.0,87.0,44.0,-19.8,25.4,-9.8,False
1130,20021702,2020,2,17,2,44.0,1.0,144.0,103.0,42.0,-20.1,24.2,-9.6,False
1131,20021703,2020,2,17,3,0.0,0.0,141.0,114.0,43.0,-21.0,30.0,-10.9,False
1132,20021704,2020,2,17,4,175.0,3.0,149.0,118.0,56.0,-19.8,30.0,-12.9,False
1133,20021705,2020,2,17,5,120.0,2.0,151.0,125.0,49.0,-20.3,30.0,-11.7,False
1134,20021706,2020,2,17,6,47.0,1.0,151.0,116.0,43.0,-21.2,26.0,-11.1,False
1135,20021707,2020,2,17,7,47.0,1.0,151.0,116.0,43.0,-21.2,26.0,-11.1,False
1136,20021708,2020,2,17,8,179.0,0.0,132.0,111.0,57.0,-21.3,29.4,-14.7,False
1137,20021709,2020,2,17,9,145.0,1.0,136.0,119.0,54.0,-21.2,30.0,-13.9,False
1138,20021710,2020,2,17,10,124.0,1.0,139.0,121.0,54.0,-21.2,24.8,-13.9,False
1139,20021711,2020,2,17,11,182.0,0.0,150.0,122.0,44.0,-19.3,22.0,-9.3,False
1140,20021712,2020,2,17,12,175.0,1.0,162.0,123.0,44.0,-18.6,29.0,-8.5,False
1141,20021713,2020,2,17,13,181.0,4.0,146.0,135.0,49.0,-16.6,27.5,-7.7,False
1142,20021714,2020,2,17,14,199.0,4.0,141.0,122.0,51.0,-15.9,30.0,-7.5,False
1143,20021715,2020,2,17,15,216.0,4.0,150.0,117.0,52.0,-15.7,28.0,-7.5,False
1144,20021716,2020,2,17,16,234.0,3.0,139.0,88.0,53.0,-15.2,25.8,-7.3,False
1145,20021717,2020,2,17,17,264.0,0.0,84.0,80.0,48.0,-16.4,30.0,-7.3,False
1146,20021718,2020,2,17,18,198.0,0.0,117.0,87.0,45.0,-16.6,30.0,-6.6,False
1147,20021719,2020,2,17,19,209.0,1.0,108.0,82.0,52.0,-16.8,29.0,-8.7,False
1148,20021720,2020,2,17,20,187.0,2.0,121.0,86.0,63.0,-16.8,30.0,-11.2,False
1149,20021721,2020,2,17,21,159.0,3.0,112.0,82.0,65.0,-17.0,29.3,-11.7,False
1150,20021722,2020,2,17,22,145.0,2.0,98.0,83.0,67.0,-16.7,29.2,-11.8,False
1151,20021723,2020,2,17,23,132.0,2.0,95.0,91.0,66.0,-17.2,28.0,-12.1,False
1152,20021800,2020,2,18,0,94.0,1.0,118.0,92.0,64.0,-16.8,30.0,-11.3,False
1153,20021801,2020,2,18,1,99.0,2.0,130.0,115.0,67.0,-16.4,30.0,-11.5,False
1154,20021802,2020,2,18,2,84.0,1.0,160.0,132.0,67.0,-16.9,30.0,-12.0,False
1155,20021803,2020,2,18,3,95.0,1.0,155.0,118.0,65.0,-17.7,29.9,-12.5,False
1156,20021804,2020,2,18,4,118.0,0.0,134.0,110.0,82.0,-13.8,21.8,-11.3,False
1157,20021805,2020,2,18,5,151.0,0.0,124.0,107.0,84.0,-12.7,16.8,-10.5,False
1158,20021806,2020,2,18,6,191.0,0.0,130.0,125.0,84.0,-15.5,30.0,-13.4,False
1159,20021807,2020,2,18,7,121.0,2.0,150.0,138.0,85.0,-15.7,28.1,-13.7,False
1160,20021808,2020,2,18,8,106.0,1.0,171.0,152.0,82.0,-14.9,30.0,-12.5,False
1161,20021809,2020,2,18,9,116.0,1.0,182.0,153.0,69.0,-17.6,30.0,-13.1,False
1162,20021810,2020,2,18,10,92.0,2.0,182.0,149.0,76.0,-15.3,30.0,-11.9,False
1163,20021811,2020,2,18,11,0.0,0.0,171.0,132.0,70.0,-13.0,30.0,-8.5,False
1164,20021812,2020,2,18,12,143.0,1.0,156.0,123.0,75.0,-11.6,30.0,-8.0,False
1165,20021813,2020,2,18,13,259.0,0.0,144.0,110.0,69.0,-11.8,28.1,-7.1,False
1166,20021814,2020,2,18,14,263.0,0.0,102.0,78.0,67.0,-12.1,30.0,-7.0,False
1167,20021815,2020,2,18,15,306.0,1.0,196.0,70.0,70.0,-11.5,30.0,-7.0,False
1168,20021816,2020,2,18,16,355.0,1.0,134.0,115.0,68.0,-11.4,30.0,-6.5,False
1169,20021817,2020,2,18,17,355.0,1.0,157.0,144.0,66.0,-11.8,30.0,-6.5,False
1170,20021818,2020,2,18,18,19.0,0.0,151.0,123.0,68.0,-11.9,30.0,-7.0,False
1171,20021819,2020,2,18,19,357.0,1.0,140.0,127.0,73.0,-11.6,30.0,-7.6,False
1172,20021820,2020,2,18,20,16.0,1.0,141.0,122.0,78.0,-11.5,30.0,-8.4,False
1173,20021821,2020,2,18,21,12.0,1.0,136.0,106.0,79.0,-12.3,30.0,-9.3,False
1174,20021822,2020,2,18,22,91.0,1.0,113.0,83.0,86.0,-12.3,21.5,-10.4,False
1175,20021823,2020,2,18,23,297.0,1.0,103.0,76.0,87.0,-11.8,20.8,-10.1,False
1176,20021900,2020,2,19,0,157.0,1.0,91.0,84.0,83.0,-13.1,14.9,-10.8,False
1177,20021901,2020,2,19,1,249.0,1.0,98.0,93.0,75.0,-14.8,2.9,-11.3,False
1178,20021902,2020,2,19,2,246.0,1.0,109.0,97.0,85.0,-13.6,5.1,-11.6,False
1179,20021903,2020,2,19,3,185.0,1.0,112.0,92.0,72.0,-15.9,30.0,-11.9,False
1180,20021904,2020,2,19,4,220.0,1.0,106.0,97.0,72.0,-16.6,30.0,-12.6,False
1181,20021905,2020,2,19,5,278.0,1.0,107.0,92.0,76.0,-16.4,30.0,-13.1,False
1182,20021906,2020,2,19,6,230.0,0.0,105.0,95.0,84.0,-16.0,7.8,-13.9,False
1183,20021907,2020,2,19,7,230.0,0.0,105.0,95.0,84.0,-16.0,7.8,-13.9,False
1184,20021908,2020,2,19,8,20.0,1.0,110.0,102.0,82.0,-16.3,8.5,-13.9,False
1185,20021909,2020,2,19,9,79.0,0.0,111.0,103.0,86.0,-16.3,26.5,-14.5,False
1186,20021910,2020,2,19,10,308.0,1.0,104.0,102.0,85.0,-15.7,29.4,-13.7,False
1187,20021911,2020,2,19,11,9.0,2.0,113.0,105.0,79.0,-15.3,4.1,-12.4,False
1188,20021912,2020,2,19,12,344.0,1.0,114.0,111.0,75.0,-14.7,13.3,-11.1,False
1189,20021913,2020,2,19,13,333.0,0.0,94.0,82.0,79.0,-13.9,17.8,-11.0,False
1190,20021914,2020,2,19,14,238.0,1.0,16.0,13.0,79.0,-15.0,8.6,-12.1,False
1191,20021915,2020,2,19,15,184.0,2.0,45.0,37.0,77.0,-14.8,2.5,-11.6,False
1192,20021916,2020,2,19,16,262.0,2.0,117.0,39.0,78.0,-14.2,2.1,-11.1,False
1193,20021917,2020,2,19,17,231.0,2.0,115.0,39.0,80.0,-14.0,3.9,-11.2,False
1194,20021918,2020,2,19,18,183.0,2.0,116.0,39.0,81.0,-13.7,2.6,-11.1,False
1195,20021919,2020,2,19,19,202.0,1.0,32.0,19.0,82.0,-13.6,4.6,-11.1,False
1196,20021920,2020,2,19,20,199.0,3.0,113.0,36.0,86.0,-14.1,3.0,-12.2,False
1197,20021921,2020,2,19,21,167.0,3.0,46.0,40.0,84.0,-14.9,19.7,-12.8,False
1198,20021922,2020,2,19,22,196.0,3.0,79.0,57.0,84.0,-14.0,8.1,-11.8,False
1199,20021923,2020,2,19,23,190.0,4.0,67.0,42.0,88.0,-15.5,12.3,-13.9,False
1200,20022000,2020,2,20,0,184.0,4.0,44.0,38.0,86.0,-15.2,7.1,-13.4,False
1201,20022001,2020,2,20,1,185.0,3.0,56.0,34.0,84.0,-15.4,30.0,-13.3,False
1202,20022002,2020,2,20,2,178.0,3.0,48.0,37.0,86.0,-14.8,30.0,-13.0,False
1203,20022003,2020,2,20,3,196.0,2.0,56.0,41.0,86.0,-14.5,30.0,-12.7,False
1204,20022004,2020,2,20,4,192.0,3.0,55.0,47.0,84.0,-14.7,8.4,-12.6,False
1205,20022005,2020,2,20,5,229.0,3.0,65.0,45.0,85.0,-14.7,5.0,-12.7,False
1206,20022006,2020,2,20,6,199.0,2.0,57.0,44.0,87.0,-14.9,4.6,-13.2,False
1207,20022007,2020,2,20,7,199.0,2.0,57.0,44.0,87.0,-14.9,4.6,-13.2,False
1208,20022008,2020,2,20,8,223.0,1.0,77.0,55.0,87.0,-14.6,2.1,-12.9,False
1209,20022009,2020,2,20,9,205.0,1.0,63.0,55.0,87.0,-14.8,2.1,-13.1,False
1210,20022010,2020,2,20,10,195.0,2.0,66.0,57.0,85.0,-15.1,3.4,-13.1,False
1211,20022011,2020,2,20,11,195.0,1.0,58.0,52.0,84.0,-14.2,2.6,-12.1,False
1212,20022012,2020,2,20,12,224.0,1.0,43.0,39.0,80.0,-14.6,5.3,-11.9,False
1213,20022013,2020,2,20,13,195.0,1.0,103.0,55.0,66.0,-15.0,30.0,-9.9,False
1214,20022014,2020,2,20,14,268.0,0.0,73.0,58.0,66.0,-15.0,30.0,-9.8,False
1215,20022015,2020,2,20,15,178.0,1.0,62.0,52.0,69.0,-14.4,30.0,-9.8,False
1216,20022016,2020,2,20,16,166.0,0.0,38.0,30.0,69.0,-12.3,30.0,-7.6,False
1217,20022017,2020,2,20,17,134.0,1.0,39.0,37.0,76.0,-13.4,17.2,-10.0,False
1218,20022018,2020,2,20,18,181.0,1.0,35.0,17.0,72.0,-13.7,30.0,-9.6,False
1219,20022019,2020,2,20,19,100.0,1.0,42.0,18.0,78.0,-13.5,30.0,-10.4,False
1220,20022020,2020,2,20,20,71.0,1.0,27.0,26.0,78.0,-14.7,30.0,-11.6,False
1221,20022021,2020,2,20,21,29.0,1.0,27.0,27.0,71.0,-15.7,30.0,-11.5,False
1222,20022022,2020,2,20,22,36.0,2.0,26.0,26.0,68.0,-16.3,30.0,-11.6,False
1223,20022023,2020,2,20,23,86.0,2.0,68.0,24.0,67.0,-16.2,30.0,-11.3,False
1224,20022100,2020,2,21,0,91.0,2.0,33.0,29.0,66.0,-16.2,30.0,-11.1,False
1225,20022101,2020,2,21,1,96.0,2.0,44.0,34.0,63.0,-16.5,30.0,-10.8,False
1226,20022102,2020,2,21,2,97.0,2.0,45.0,36.0,61.0,-17.1,30.0,-11.1,False
1227,20022103,2020,2,21,3,87.0,3.0,40.0,31.0,64.0,-16.3,30.0,-10.8,False
1228,20022104,2020,2,21,4,58.0,2.0,34.0,26.0,61.0,-15.9,30.0,-9.8,False
1229,20022105,2020,2,21,5,70.0,3.0,24.0,24.0,61.0,-16.4,30.0,-10.3,False
1230,20022106,2020,2,21,6,44.0,2.0,29.0,26.0,57.0,-16.2,30.0,-9.2,False
1231,20022107,2020,2,21,7,44.0,2.0,29.0,26.0,57.0,-16.2,30.0,-9.2,False
1232,20022108,2020,2,21,8,143.0,3.0,38.0,32.0,59.0,-16.4,30.0,-9.9,False
1233,20022109,2020,2,21,9,155.0,3.0,38.0,34.0,54.0,-15.9,30.0,-8.2,False
1234,20022110,2020,2,21,10,187.0,1.0,50.0,48.0,55.0,-17.0,30.0,-9.7,False
1235,20022111,2020,2,21,11,21.0,1.0,65.0,65.0,49.0,-15.3,30.0,-6.3,False
1236,20022112,2020,2,21,12,339.0,2.0,73.0,61.0,48.0,-14.5,30.0,-5.2,False
1237,20022113,2020,2,21,13,65.0,0.0,65.0,59.0,42.0,-14.0,30.0,-2.9,False
1238,20022114,2020,2,21,14,359.0,0.0,82.0,70.0,40.0,-13.3,30.0,-1.4,False
1239,20022115,2020,2,21,15,345.0,1.0,75.0,71.0,35.0,-14.2,30.0,-0.6,False
1240,20022116,2020,2,21,16,343.0,1.0,67.0,56.0,39.0,-11.6,30.0,0.8,False
1241,20022117,2020,2,21,17,275.0,0.0,71.0,68.0,30.0,-13.1,30.0,2.7,False
1242,20022118,2020,2,21,18,142.0,0.0,79.0,60.0,32.0,-13.5,30.0,1.4,False
1243,20022119,2020,2,21,19,156.0,1.0,58.0,50.0,52.0,-12.4,30.0,-4.0,False
1244,20022120,2020,2,21,20,80.0,2.0,50.0,37.0,48.0,-13.3,30.0,-3.9,False
1245,20022121,2020,2,21,21,83.0,1.0,36.0,35.0,51.0,-13.1,30.0,-4.5,False
1246,20022122,2020,2,21,22,75.0,1.0,131.0,67.0,50.0,-14.6,30.0,-5.9,False
1247,20022123,2020,2,21,23,87.0,2.0,108.0,99.0,50.0,-12.9,30.0,-4.0,False
1248,20022200,2020,2,22,0,82.0,2.0,40.0,36.0,47.0,-12.9,30.0,-3.2,False
1249,20022201,2020,2,22,1,258.0,2.0,110.0,33.0,46.0,-14.4,30.0,-4.5,False
1250,20022202,2020,2,22,2,165.0,1.0,51.0,40.0,52.0,-13.4,30.0,-5.1,False
1251,20022203,2020,2,22,3,28.0,1.0,50.0,42.0,50.0,-13.5,30.0,-4.7,False
1252,20022204,2020,2,22,4,162.0,1.0,54.0,48.0,59.0,-15.0,30.0,-8.4,False
1253,20022205,2020,2,22,5,0.0,0.0,64.0,52.0,50.0,-15.5,30.0,-6.8,False
1254,20022206,2020,2,22,6,51.0,1.0,62.0,54.0,50.0,-14.5,30.0,-5.7,False
1255,20022207,2020,2,22,7,51.0,1.0,62.0,54.0,50.0,-14.5,30.0,-5.7,False
1256,20022208,2020,2,22,8,83.0,2.0,66.0,58.0,46.0,-15.0,30.0,-5.2,False
1257,20022209,2020,2,22,9,124.0,1.0,65.0,58.0,46.0,-15.2,30.0,-5.4,False
1258,20022210,2020,2,22,10,90.0,1.0,66.0,59.0,39.0,-14.6,30.0,-2.5,False
1259,20022211,2020,2,22,11,110.0,0.0,65.0,59.0,43.0,-11.6,30.0,-0.6,False
1260,20022212,2020,2,22,12,152.0,2.0,71.0,61.0,44.0,-10.2,30.0,0.7,False
1261,20022213,2020,2,22,13,196.0,1.0,50.0,15.0,34.0,-11.2,30.0,3.1,False
1262,20022214,2020,2,22,14,152.0,0.0,64.0,52.0,32.0,-10.7,18.8,4.6,False
1263,20022215,2020,2,22,15,8.0,0.0,57.0,27.0,37.0,-9.9,28.7,3.4,False
1264,20022216,2020,2,22,16,343.0,0.0,62.0,29.0,31.0,-11.3,26.1,4.3,False
1265,20022217,2020,2,22,17,320.0,1.0,43.0,43.0,36.0,-10.0,22.6,3.7,False
1266,20022218,2020,2,22,18,0.0,0.0,50.0,39.0,33.0,-11.4,21.3,3.3,False
1267,20022219,2020,2,22,19,211.0,0.0,57.0,38.0,44.0,-10.3,17.4,0.5,False
1268,20022220,2020,2,22,20,63.0,1.0,59.0,43.0,47.0,-10.9,17.6,-1.0,False
1269,20022221,2020,2,22,21,187.0,2.0,55.0,46.0,55.0,-11.4,18.7,-3.7,False
1270,20022222,2020,2,22,22,147.0,1.0,55.0,48.0,56.0,-11.6,20.1,-4.1,False
1271,20022223,2020,2,22,23,151.0,3.0,68.0,68.0,54.0,-11.7,19.7,-3.7,False
1272,20022300,2020,2,23,0,91.0,3.0,121.0,79.0,47.0,-12.5,19.1,-2.8,False
1273,20022301,2020,2,23,1,73.0,3.0,115.0,78.0,46.0,-12.6,23.5,-2.6,False
1274,20022302,2020,2,23,2,86.0,2.0,117.0,81.0,42.0,-12.9,22.3,-1.7,False
1275,20022303,2020,2,23,3,168.0,2.0,120.0,84.0,50.0,-13.3,28.2,-4.5,False
1276,20022304,2020,2,23,4,98.0,1.0,117.0,85.0,49.0,-13.8,24.7,-4.7,False
1277,20022305,2020,2,23,5,47.0,0.0,112.0,85.0,47.0,-13.6,30.0,-4.0,False
1278,20022306,2020,2,23,6,163.0,2.0,97.0,88.0,51.0,-13.8,23.4,-5.3,False
1279,20022307,2020,2,23,7,163.0,2.0,97.0,88.0,51.0,-13.8,23.4,-5.3,False
1280,20022308,2020,2,23,8,101.0,2.0,80.0,74.0,50.0,-14.5,24.6,-5.7,False
1281,20022309,2020,2,23,9,73.0,3.0,84.0,75.0,50.0,-14.0,23.0,-5.2,False
1282,20022310,2020,2,23,10,63.0,1.0,67.0,66.0,46.0,-13.4,25.5,-3.4,False
1283,20022311,2020,2,23,11,57.0,0.0,130.0,86.0,49.0,-12.8,26.8,-3.6,False
1284,20022312,2020,2,23,12,344.0,2.0,134.0,111.0,44.0,-12.5,27.4,-1.9,False
1285,20022313,2020,2,23,13,274.0,1.0,128.0,105.0,56.0,-10.0,18.3,-2.4,False
1286,20022314,2020,2,23,14,118.0,3.0,98.0,84.0,58.0,-8.4,18.9,-1.2,False
1287,20022315,2020,2,23,15,224.0,1.0,83.0,72.0,59.0,-6.9,19.6,0.2,False
1288,20022316,2020,2,23,16,334.0,0.0,96.0,66.0,51.0,-10.4,21.4,-1.6,False
1289,20022317,2020,2,23,17,298.0,1.0,91.0,80.0,51.0,-10.0,19.1,-1.2,False
1290,20022318,2020,2,23,18,329.0,0.0,94.0,69.0,53.0,-9.6,20.0,-1.3,False
1291,20022319,2020,2,23,19,77.0,0.0,90.0,81.0,58.0,-9.6,21.4,-2.5,False
1292,20022320,2020,2,23,20,334.0,1.0,102.0,93.0,56.0,-10.4,21.7,-2.8,False
1293,20022321,2020,2,23,21,202.0,1.0,129.0,111.0,79.0,-7.5,24.9,-4.4,False
1294,20022322,2020,2,23,22,258.0,0.0,129.0,105.0,94.0,-5.0,5.2,-4.2,False
1295,20022323,2020,2,23,23,267.0,1.0,106.0,91.0,96.0,-5.3,1.8,-4.8,False
1296,20022400,2020,2,24,0,232.0,1.0,107.0,94.0,95.0,-5.8,6.1,-5.1,False
1297,20022401,2020,2,24,1,149.0,2.0,140.0,104.0,93.0,-5.7,22.6,-4.7,False
1298,20022402,2020,2,24,2,260.0,3.0,139.0,106.0,91.0,-5.6,30.0,-4.4,False
1299,20022403,2020,2,24,3,215.0,1.0,122.0,104.0,89.0,-6.3,30.0,-4.8,False
1300,20022404,2020,2,24,4,242.0,2.0,119.0,102.0,91.0,-7.2,30.0,-6.0,False
1301,20022405,2020,2,24,5,169.0,2.0,107.0,98.0,77.0,-8.7,30.0,-5.3,False
1302,20022406,2020,2,24,6,259.0,3.0,108.0,99.0,94.0,-9.2,0.3,-8.4,False
1303,20022407,2020,2,24,7,259.0,3.0,108.0,99.0,94.0,-9.2,0.3,-8.4,False
1304,20022408,2020,2,24,8,138.0,2.0,92.0,79.0,94.0,-8.6,21.6,-7.8,False
1305,20022409,2020,2,24,9,71.0,1.0,84.0,74.0,92.0,-10.7,0.3,-9.6,False
1306,20022410,2020,2,24,10,147.0,1.0,89.0,81.0,89.0,-10.1,30.0,-8.6,False
1307,20022411,2020,2,24,11,196.0,1.0,86.0,73.0,77.0,-9.1,30.0,-5.7,False
1308,20022412,2020,2,24,12,148.0,0.0,94.0,71.0,64.0,-9.0,30.0,-3.2,False
1309,20022413,2020,2,24,13,322.0,1.0,103.0,62.0,63.0,-9.6,30.0,-3.6,False
1310,20022414,2020,2,24,14,322.0,1.0,80.0,52.0,62.0,-10.0,30.0,-3.8,False
1311,20022415,2020,2,24,15,20.0,2.0,101.0,44.0,70.0,-8.3,30.0,-3.6,False
1312,20022416,2020,2,24,16,354.0,3.0,121.0,30.0,68.0,-9.0,30.0,-4.0,False
1313,20022417,2020,2,24,17,326.0,2.0,36.0,25.0,68.0,-9.4,30.0,-4.4,False
1314,20022418,2020,2,24,18,285.0,1.0,34.0,27.0,67.0,-9.2,30.0,-4.0,False
1315,20022419,2020,2,24,19,167.0,0.0,46.0,30.0,67.0,-9.8,30.0,-4.6,False
1316,20022420,2020,2,24,20,240.0,1.0,48.0,30.0,68.0,-11.2,30.0,-6.3,False
1317,20022421,2020,2,24,21,248.0,1.0,36.0,30.0,67.0,-11.2,30.0,-6.1,False
1318,20022422,2020,2,24,22,64.0,1.0,46.0,43.0,64.0,-12.0,30.0,-6.3,False
1319,20022423,2020,2,24,23,95.0,0.0,68.0,42.0,66.0,-12.1,30.0,-6.8,False
1320,20022500,2020,2,25,0,315.0,0.0,57.0,41.0,72.0,-12.2,30.0,-8.0,False
1321,20022501,2020,2,25,1,39.0,1.0,57.0,56.0,76.0,-11.9,30.0,-8.4,False
1322,20022502,2020,2,25,2,56.0,1.0,72.0,54.0,72.0,-12.9,30.0,-8.8,False
1323,20022503,2020,2,25,3,73.0,1.0,71.0,51.0,77.0,-12.6,30.0,-9.3,False
1324,20022504,2020,2,25,4,99.0,1.0,50.0,27.0,78.0,-13.3,30.0,-10.2,False
1325,20022505,2020,2,25,5,55.0,3.0,68.0,49.0,79.0,-11.4,30.0,-8.4,False
1326,20022506,2020,2,25,6,78.0,2.0,25.0,23.0,76.0,-12.1,30.0,-8.6,False
1327,20022507,2020,2,25,7,78.0,2.0,25.0,23.0,76.0,-12.1,30.0,-8.6,False
1328,20022508,2020,2,25,8,85.0,3.0,37.0,29.0,67.0,-11.6,30.0,-6.5,False
1329,20022509,2020,2,25,9,114.0,2.0,43.0,31.0,65.0,-12.1,30.0,-6.6,False
1330,20022510,2020,2,25,10,352.0,0.0,66.0,30.0,61.0,-11.4,30.0,-5.0,False
1331,20022511,2020,2,25,11,120.0,1.0,73.0,41.0,58.0,-9.5,30.0,-2.4,False
1332,20022512,2020,2,25,12,2.0,1.0,90.0,39.0,55.0,-8.5,30.0,-0.6,False
1333,20022513,2020,2,25,13,360.0,2.0,83.0,46.0,54.0,-8.5,30.0,-0.3,False
1334,20022514,2020,2,25,14,18.0,1.0,92.0,49.0,53.0,-8.5,30.0,-0.1,False
1335,20022515,2020,2,25,15,98.0,1.0,86.0,51.0,34.0,-12.7,30.0,1.4,False
1336,20022516,2020,2,25,16,197.0,1.0,80.0,52.0,55.0,-8.0,30.0,0.0,False
1337,20022517,2020,2,25,17,123.0,1.0,75.0,53.0,73.0,-5.9,30.0,-1.7,False
1338,20022518,2020,2,25,18,196.0,0.0,82.0,51.0,40.0,-12.1,30.0,-0.1,False
1339,20022519,2020,2,25,19,177.0,0.0,63.0,47.0,60.0,-9.0,30.0,-2.3,False
1340,20022520,2020,2,25,20,359.0,0.0,58.0,45.0,66.0,-9.1,30.0,-3.7,False
1341,20022521,2020,2,25,21,355.0,0.0,56.0,45.0,67.0,-9.6,30.0,-4.4,False
1342,20022522,2020,2,25,22,182.0,1.0,60.0,52.0,60.0,-10.5,30.0,-3.9,False
1343,20022523,2020,2,25,23,290.0,1.0,70.0,54.0,72.0,-9.6,30.0,-5.4,False
1344,20022600,2020,2,26,0,202.0,2.0,61.0,55.0,71.0,-10.6,30.0,-6.2,False
1345,20022601,2020,2,26,1,177.0,3.0,67.0,58.0,74.0,-11.3,30.0,-7.5,False
1346,20022602,2020,2,26,2,173.0,2.0,83.0,58.0,79.0,-10.3,30.0,-7.3,False
1347,20022603,2020,2,26,3,157.0,2.0,87.0,58.0,80.0,-10.3,30.0,-7.4,False
1348,20022604,2020,2,26,4,153.0,1.0,83.0,60.0,84.0,-9.7,30.0,-7.5,False
1349,20022605,2020,2,26,5,132.0,0.0,94.0,62.0,83.0,-10.6,30.0,-8.2,False
1350,20022606,2020,2,26,6,105.0,0.0,92.0,62.0,83.0,-11.7,30.0,-9.4,False
1351,20022607,2020,2,26,7,105.0,0.0,92.0,62.0,83.0,-11.7,30.0,-9.4,False
1352,20022608,2020,2,26,8,145.0,3.0,62.0,55.0,68.0,-11.1,30.0,-6.2,False
1353,20022609,2020,2,26,9,192.0,2.0,65.0,62.0,59.0,-12.8,30.0,-6.1,False
1354,20022610,2020,2,26,10,219.0,1.0,69.0,59.0,58.0,-11.0,30.0,-4.0,False
1355,20022611,2020,2,26,11,0.0,0.0,69.0,65.0,61.0,-8.3,30.0,-1.8,False
1356,20022612,2020,2,26,12,274.0,0.0,73.0,60.0,59.0,-8.3,30.0,-1.3,False
1357,20022613,2020,2,26,13,350.0,0.0,34.0,34.0,56.0,-7.7,30.0,0.0,False
1358,20022614,2020,2,26,14,9.0,2.0,64.0,25.0,53.0,-8.3,30.0,0.1,False
1359,20022615,2020,2,26,15,312.0,0.0,52.0,42.0,53.0,-7.9,30.0,0.6,False
1360,20022616,2020,2,26,16,282.0,1.0,101.0,87.0,53.0,-8.0,30.0,0.5,False
1361,20022617,2020,2,26,17,282.0,0.0,58.0,49.0,51.0,-8.2,30.0,0.8,False
1362,20022618,2020,2,26,18,146.0,0.0,123.0,37.0,44.0,-9.0,30.0,2.0,False
1363,20022619,2020,2,26,19,97.0,0.0,145.0,41.0,45.0,-10.0,30.0,0.6,False
1364,20022620,2020,2,26,20,83.0,1.0,68.0,64.0,51.0,-10.6,30.0,-1.8,False
1365,20022621,2020,2,26,21,95.0,2.0,63.0,63.0,51.0,-11.0,30.0,-2.2,False
1366,20022622,2020,2,26,22,91.0,2.0,104.0,95.0,52.0,-11.2,30.0,-2.7,False
1367,20022623,2020,2,26,23,109.0,3.0,87.0,80.0,51.0,-11.6,30.0,-2.9,False
1368,20022700,2020,2,27,0,102.0,2.0,105.0,86.0,48.0,-12.3,30.0,-2.8,False
1369,20022701,2020,2,27,1,97.0,2.0,125.0,79.0,38.0,-14.6,30.0,-2.2,False
1370,20022702,2020,2,27,2,130.0,3.0,98.0,72.0,49.0,-12.9,30.0,-3.8,False
1371,20022703,2020,2,27,3,132.0,2.0,86.0,69.0,48.0,-13.0,30.0,-3.6,False
1372,20022704,2020,2,27,4,85.0,3.0,75.0,66.0,45.0,-13.4,30.0,-3.1,False
1373,20022705,2020,2,27,5,87.0,2.0,78.0,68.0,43.0,-14.1,30.0,-3.3,False
1374,20022706,2020,2,27,6,109.0,2.0,83.0,68.0,46.0,-13.5,30.0,-3.5,False
1375,20022707,2020,2,27,7,109.0,2.0,83.0,68.0,46.0,-13.5,30.0,-3.5,False
1376,20022708,2020,2,27,8,97.0,3.0,84.0,69.0,35.0,-14.9,30.0,-1.4,False
1377,20022709,2020,2,27,9,101.0,3.0,86.0,69.0,37.0,-14.1,30.0,-1.3,False
1378,20022710,2020,2,27,10,152.0,4.0,92.0,74.0,42.0,-13.0,30.0,-1.8,False
1379,20022711,2020,2,27,11,101.0,1.0,90.0,65.0,32.0,-12.6,24.5,2.4,False
1380,20022712,2020,2,27,12,87.0,1.0,81.0,70.0,32.0,-11.1,30.0,4.1,False
1381,20022713,2020,2,27,13,317.0,2.0,76.0,65.0,26.0,-13.9,30.0,3.8,False
1382,20022714,2020,2,27,14,326.0,2.0,70.0,64.0,35.0,-9.1,30.0,5.1,False
1383,20022715,2020,2,27,15,114.0,1.0,69.0,63.0,32.0,-10.6,30.0,4.7,False
1384,20022716,2020,2,27,16,352.0,1.0,70.0,67.0,30.0,-10.4,30.0,5.8,False
1385,20022717,2020,2,27,17,36.0,2.0,83.0,65.0,38.0,-8.2,30.0,4.9,False
1386,20022718,2020,2,27,18,353.0,1.0,84.0,68.0,38.0,-8.0,30.0,5.1,False
1387,20022719,2020,2,27,19,0.0,0.0,52.0,44.0,61.0,-4.6,30.0,2.1,False
1388,20022720,2020,2,27,20,161.0,1.0,36.0,29.0,55.0,-7.1,30.0,0.9,False
1389,20022721,2020,2,27,21,147.0,1.0,64.0,60.0,55.0,-7.3,30.0,0.7,False
1390,20022722,2020,2,27,22,146.0,1.0,53.0,43.0,55.0,-7.2,30.0,0.8,False
1391,20022723,2020,2,27,23,58.0,1.0,41.0,40.0,51.0,-8.6,30.0,0.3,False
1392,20022800,2020,2,28,0,295.0,2.0,56.0,43.0,46.0,-10.3,30.0,-0.1,False
1393,20022801,2020,2,28,1,118.0,3.0,45.0,44.0,94.0,-5.4,0.6,-4.6,False
1394,20022802,2020,2,28,2,0.0,0.0,63.0,49.0,80.0,-6.4,30.0,-3.5,False
1395,20022803,2020,2,28,3,46.0,0.0,62.0,44.0,96.0,-4.0,0.1,-3.5,False
1396,20022804,2020,2,28,4,271.0,1.0,75.0,66.0,97.0,-3.6,0.7,-3.2,False
1397,20022805,2020,2,28,5,271.0,1.0,78.0,68.0,97.0,-3.6,0.7,-3.2,False
1398,20022806,2020,2,28,6,271.0,1.0,83.0,68.0,97.0,-3.6,0.7,-3.2,False
1399,20022807,2020,2,28,7,146.0,2.0,62.0,51.0,52.0,-16.0,30.0,-7.9,False
1400,20022808,2020,2,28,8,97.0,3.0,84.0,69.0,35.0,-14.9,30.0,-1.4,False
1401,20022809,2020,2,28,9,312.0,2.0,86.0,69.0,93.0,-8.4,0.1,-7.5,False
1402,20022810,2020,2,28,10,319.0,4.0,6.0,5.0,92.0,-9.4,0.2,-8.3,False
1403,20022811,2020,2,28,11,326.0,2.0,7.0,2.0,91.0,-9.6,1.6,-8.4,False
1404,20022812,2020,2,28,12,318.0,4.0,10.0,8.0,89.0,-10.3,30.0,-8.8,False
1405,20022813,2020,2,28,13,337.0,3.0,11.0,7.0,90.0,-9.2,30.0,-7.9,False
1406,20022814,2020,2,28,14,321.0,5.0,273.0,38.0,88.0,-9.3,23.8,-7.7,False
1407,20022815,2020,2,28,15,323.0,6.0,13.0,9.0,88.0,-8.9,21.4,-7.3,False
1408,20022816,2020,2,28,16,325.0,7.0,17.0,17.0,83.0,-9.4,30.0,-7.0,False
1409,20022817,2020,2,28,17,324.0,7.0,17.0,12.0,85.0,-9.5,21.4,-7.4,False
1410,20022818,2020,2,28,18,321.0,7.0,29.0,20.0,93.0,-8.9,3.7,-8.0,False
1411,20022819,2020,2,28,19,343.0,4.0,18.0,10.0,92.0,-9.1,3.3,-8.0,False
1412,20022820,2020,2,28,20,344.0,5.0,21.0,11.0,92.0,-9.5,3.8,-8.4,False
1413,20022821,2020,2,28,21,12.0,4.0,24.0,12.0,92.0,-9.8,8.4,-8.7,False
1414,20022822,2020,2,28,22,332.0,6.0,18.0,14.0,91.0,-10.2,9.7,-9.0,False
1415,20022823,2020,2,28,23,336.0,4.0,24.0,14.0,91.0,-10.5,3.2,-9.3,False
1416,20022900,2020,2,29,0,105.0,2.0,24.0,14.0,52.0,-14.3,30.0,-6.0,False
1417,20022901,2020,2,29,1,122.0,1.0,29.0,28.0,56.0,-14.3,30.0,-7.0,False
1418,20022902,2020,2,29,2,160.0,2.0,31.0,16.0,55.0,-15.0,30.0,-7.5,False
1419,20022903,2020,2,29,3,178.0,2.0,31.0,19.0,55.0,-15.5,30.0,-8.0,False
1420,20022904,2020,2,29,4,124.0,1.0,31.0,23.0,52.0,-15.6,30.0,-7.4,False
1421,20022905,2020,2,29,5,83.0,2.0,44.0,38.0,49.0,-15.1,30.0,-6.1,False
1422,20022906,2020,2,29,6,112.0,3.0,65.0,43.0,45.0,-16.6,30.0,-6.6,False
1423,20022907,2020,2,29,7,146.0,2.0,62.0,51.0,52.0,-16.0,30.0,-7.9,False
1424,20022908,2020,2,29,8,334.0,1.0,71.0,53.0,89.0,-12.8,15.9,-11.4,False
1425,20022909,2020,2,29,9,343.0,3.0,62.0,45.0,90.0,-11.9,8.3,-10.6,False
1426,20022910,2020,2,29,10,323.0,2.0,58.0,49.0,90.0,-11.8,4.9,-10.5,False
1427,20022911,2020,2,29,11,347.0,2.0,61.0,54.0,90.0,-11.4,0.8,-10.1,False
1428,20022912,2020,2,29,12,323.0,2.0,46.0,31.0,90.0,-11.0,0.6,-9.7,False
1429,20022913,2020,2,29,13,240.0,1.0,46.0,45.0,90.0,-10.2,0.2,-8.9,False
1430,20022914,2020,2,29,14,245.0,1.0,13.0,8.0,91.0,-9.1,20.6,-7.9,False
1431,20022915,2020,2,29,15,208.0,2.0,34.0,25.0,92.0,-7.9,21.7,-6.8,False
1432,20022916,2020,2,29,16,207.0,2.0,39.0,37.0,93.0,-6.0,30.0,-5.0,False
1433,20022917,2020,2,29,17,187.0,1.0,53.0,43.0,84.0,-6.3,30.0,-4.0,False
1434,20022918,2020,2,29,18,0.0,0.0,33.0,33.0,69.0,-8.0,30.0,-3.1,False
1435,20022919,2020,2,29,19,155.0,0.0,25.0,15.0,76.0,-8.8,30.0,-5.2,False
1436,20022920,2020,2,29,20,149.0,1.0,17.0,14.0,67.0,-10.7,30.0,-5.6,False
1437,20022921,2020,2,29,21,166.0,3.0,15.0,15.0,71.0,-11.7,30.0,-7.3,False
1438,20022922,2020,2,29,22,141.0,2.0,11.0,10.0,61.0,-13.2,30.0,-6.9,False
1439,20022923,2020,2,29,23,113.0,1.0,12.0,12.0,49.0,-14.6,30.0,-5.6,False
1440,20030100,2020,3,1,0,113.0,1.0,12.0,12.0,49.0,-14.6,30.0,-5.6,False
1441,20030101,2020,3,1,1,113.0,1.0,12.0,12.0,49.0,-14.6,30.0,-5.6,False
1442,20030102,2020,3,1,2,160.0,2.0,31.0,16.0,55.0,-15.0,30.0,-7.5,False
1443,20030103,2020,3,1,3,178.0,2.0,31.0,19.0,55.0,-15.5,30.0,-8.0,False
1444,20030104,2020,3,1,4,124.0,1.0,31.0,23.0,52.0,-15.6,30.0,-7.4,False
1445,20030105,2020,3,1,5,83.0,2.0,44.0,38.0,49.0,-15.1,30.0,-6.1,False
1446,20030106,2020,3,1,6,112.0,3.0,65.0,43.0,45.0,-16.6,30.0,-6.6,False
1447,20030107,2020,3,1,7,146.0,2.0,62.0,51.0,52.0,-16.0,30.0,-7.9,False
1448,20030108,2020,3,1,8,138.0,1.0,29.0,28.0,52.0,-15.9,30.0,-7.8,False
1449,20030109,2020,3,1,9,151.0,1.0,34.0,25.0,54.0,-16.3,30.0,-8.7,False
1450,20030110,2020,3,1,10,144.0,1.0,67.0,43.0,49.0,-14.1,30.0,-5.0,False
1451,20030111,2020,3,1,11,183.0,0.0,36.0,36.0,44.0,-12.6,30.0,-2.0,False
1452,20030112,2020,3,1,12,193.0,1.0,47.0,45.0,43.0,-13.0,30.0,-2.1,False
1453,20030113,2020,3,1,13,206.0,2.0,128.0,20.0,50.0,-11.4,30.0,-2.4,False
1454,20030114,2020,3,1,14,227.0,2.0,138.0,21.0,53.0,-10.9,30.0,-2.6,False
1455,20030115,2020,3,1,15,238.0,1.0,16.0,16.0,57.0,-9.8,30.0,-2.5,False
1456,20030116,2020,3,1,16,212.0,0.0,22.0,16.0,39.0,-12.7,30.0,-0.4,False
1457,20030117,2020,3,1,17,192.0,0.0,18.0,16.0,38.0,-11.6,30.0,1.1,False
1458,20030118,2020,3,1,18,232.0,0.0,18.0,17.0,37.0,-12.1,30.0,1.0,False
1459,20030119,2020,3,1,19,332.0,0.0,21.0,16.0,40.0,-12.3,30.0,-0.4,False
1460,20030120,2020,3,1,20,144.0,0.0,26.0,17.0,55.0,-11.4,30.0,-3.7,False
1461,20030121,2020,3,1,21,94.0,1.0,30.0,20.0,59.0,-11.9,30.0,-5.1,False
1462,20030122,2020,3,1,22,92.0,1.0,31.0,24.0,64.0,-12.2,30.0,-6.5,False
1463,20030123,2020,3,1,23,82.0,2.0,40.0,30.0,67.0,-10.8,30.0,-5.7,False
1464,20030200,2020,3,2,0,73.0,3.0,41.0,29.0,42.0,-15.2,30.0,-4.2,False
1465,20030201,2020,3,2,1,78.0,2.0,44.0,32.0,41.0,-15.8,30.0,-4.5,False
1466,20030202,2020,3,2,2,84.0,2.0,49.0,35.0,42.0,-15.7,30.0,-4.7,False
1467,20030203,2020,3,2,3,75.0,2.0,52.0,37.0,38.0,-16.5,30.0,-4.3,False
1468,20030204,2020,3,2,4,81.0,3.0,54.0,39.0,40.0,-15.9,30.0,-4.3,False
1469,20030205,2020,3,2,5,67.0,3.0,57.0,39.0,40.0,-15.7,30.0,-4.1,False
1470,20030206,2020,3,2,6,70.0,3.0,55.0,44.0,43.0,-15.1,30.0,-4.4,False
1471,20030207,2020,3,2,7,70.0,3.0,55.0,44.0,43.0,-15.1,30.0,-4.4,False
1472,20030208,2020,3,2,8,79.0,3.0,57.0,43.0,37.0,-16.1,30.0,-3.5,False
1473,20030209,2020,3,2,9,83.0,4.0,60.0,42.0,36.0,-16.0,30.0,-3.0,False
1474,20030210,2020,3,2,10,89.0,3.0,45.0,43.0,33.0,-14.8,30.0,-0.5,False
1475,20030211,2020,3,2,11,73.0,2.0,49.0,47.0,28.0,-14.1,30.0,2.6,False
1476,20030212,2020,3,2,12,23.0,2.0,97.0,82.0,24.0,-14.2,30.0,4.6,False
1477,20030213,2020,3,2,13,334.0,2.0,66.0,61.0,31.0,-11.2,30.0,4.5,False
1478,20030214,2020,3,2,14,270.0,0.0,135.0,113.0,40.0,-9.2,30.0,3.1,False
1479,20030215,2020,3,2,15,321.0,1.0,153.0,129.0,39.0,-8.7,30.0,4.0,False
1480,20030216,2020,3,2,16,267.0,1.0,95.0,77.0,24.0,-13.7,30.0,5.2,False
1481,20030217,2020,3,2,17,260.0,0.0,80.0,53.0,21.0,-14.7,30.0,6.0,False
1482,20030218,2020,3,2,18,348.0,0.0,50.0,36.0,27.0,-12.0,30.0,5.5,False
1483,20030219,2020,3,2,19,131.0,1.0,38.0,34.0,39.0,-9.6,30.0,3.0,False
1484,20030220,2020,3,2,20,156.0,3.0,104.0,37.0,41.0,-12.0,30.0,-0.4,False
1485,20030221,2020,3,2,21,148.0,3.0,83.0,82.0,41.0,-12.2,30.0,-0.6,False
1486,20030222,2020,3,2,22,149.0,2.0,87.0,87.0,41.0,-12.9,30.0,-1.3,False
1487,20030223,2020,3,2,23,147.0,3.0,92.0,59.0,38.0,-13.4,30.0,-0.9,False
1488,20030300,2020,3,3,0,106.0,2.0,93.0,87.0,33.0,-15.9,30.0,-1.7,False
1489,20030301,2020,3,3,1,106.0,2.0,111.0,87.0,29.0,-17.9,30.0,-2.3,False
1490,20030302,2020,3,3,2,82.0,2.0,109.0,92.0,23.0,-19.7,30.0,-1.2,False
1491,20030303,2020,3,3,3,98.0,2.0,114.0,97.0,22.0,-20.0,30.0,-0.9,False
1492,20030304,2020,3,3,4,95.0,2.0,118.0,100.0,31.0,-18.6,30.0,-3.9,False
1493,20030305,2020,3,3,5,101.0,2.0,115.0,98.0,27.0,-19.5,30.0,-3.1,False
1494,20030306,2020,3,3,6,95.0,2.0,122.0,100.0,26.0,-19.8,30.0,-3.0,False
1495,20030307,2020,3,3,7,95.0,2.0,122.0,100.0,26.0,-19.8,30.0,-3.0,False
1496,20030308,2020,3,3,8,94.0,2.0,133.0,111.0,24.0,-20.8,30.0,-3.1,False
1497,20030309,2020,3,3,9,147.0,4.0,128.0,109.0,30.0,-18.4,30.0,-3.3,False
1498,20030310,2020,3,3,10,167.0,3.0,118.0,110.0,36.0,-15.3,30.0,-2.2,False
1499,20030311,2020,3,3,11,199.0,1.0,116.0,114.0,30.0,-13.8,30.0,2.0,False
1500,20030312,2020,3,3,12,121.0,0.0,125.0,113.0,20.0,-16.4,30.0,4.6,False
1501,20030313,2020,3,3,13,168.0,1.0,73.0,58.0,24.0,-12.9,30.0,6.2,False
1502,20030314,2020,3,3,14,336.0,0.0,104.0,88.0,23.0,-13.6,30.0,6.0,False
1503,20030315,2020,3,3,15,342.0,1.0,83.0,51.0,28.0,-11.0,30.0,6.2,False
1504,20030316,2020,3,3,16,349.0,2.0,108.0,100.0,29.0,-10.2,30.0,6.6,False
1505,20030317,2020,3,3,17,3.0,3.0,74.0,64.0,30.0,-9.9,30.0,6.4,False
1506,20030318,2020,3,3,18,1.0,1.0,67.0,60.0,28.0,-10.5,30.0,6.7,False
1507,20030319,2020,3,3,19,152.0,0.0,58.0,58.0,32.0,-9.7,30.0,5.7,False
1508,20030320,2020,3,3,20,150.0,2.0,75.0,58.0,45.0,-9.1,25.3,1.5,False
1509,20030321,2020,3,3,21,178.0,2.0,153.0,71.0,52.0,-9.2,25.0,-0.6,False
1510,20030322,2020,3,3,22,74.0,2.0,176.0,64.0,43.0,-11.1,30.0,0.0,False
1511,20030323,2020,3,3,23,127.0,3.0,181.0,45.0,42.0,-11.5,30.0,-0.1,False
1512,20030400,2020,3,4,0,21.0,1.0,96.0,95.0,35.0,-13.9,30.0,-0.3,False
1513,20030401,2020,3,4,1,64.0,2.0,96.0,91.0,35.0,-14.3,30.0,-0.7,False
1514,20030402,2020,3,4,2,129.0,1.0,91.0,79.0,44.0,-13.1,30.0,-2.5,False
1515,20030403,2020,3,4,3,139.0,2.0,84.0,77.0,56.0,-11.4,30.0,-3.9,False
1516,20030404,2020,3,4,4,121.0,1.0,89.0,70.0,47.0,-12.4,30.0,-2.6,False
1517,20030405,2020,3,4,5,78.0,1.0,76.0,74.0,41.0,-13.5,30.0,-2.0,False
1518,20030406,2020,3,4,6,172.0,2.0,103.0,97.0,52.0,-12.0,30.0,-3.6,False
1519,20030407,2020,3,4,7,134.0,2.0,96.0,92.0,52.0,-12.1,30.0,-3.7,False
1520,20030408,2020,3,4,8,122.0,2.0,100.0,95.0,51.0,-10.8,30.0,-2.0,False
1521,20030409,2020,3,4,9,151.0,1.0,122.0,112.0,53.0,-10.7,30.0,-2.4,False
1522,20030410,2020,3,4,10,172.0,2.0,118.0,93.0,56.0,-10.2,30.0,-2.6,False
1523,20030411,2020,3,4,11,195.0,1.0,90.0,87.0,44.0,-10.0,30.0,0.9,False
1524,20030412,2020,3,4,12,217.0,2.0,49.0,47.0,61.0,-8.8,30.0,-2.3,False
1525,20030413,2020,3,4,13,212.0,4.0,150.0,39.0,61.0,-7.7,30.0,-1.1,False
1526,20030414,2020,3,4,14,225.0,7.0,131.0,34.0,59.0,-8.9,27.2,-2.0,False
1527,20030415,2020,3,4,15,203.0,5.0,25.0,21.0,56.0,-8.6,22.1,-0.9,False
1528,20030416,2020,3,4,16,216.0,5.0,29.0,27.0,60.0,-7.4,20.3,-0.6,False
1529,20030417,2020,3,4,17,281.0,3.0,46.0,29.0,71.0,-5.5,18.0,-0.9,False
1530,20030418,2020,3,4,18,283.0,5.0,27.0,25.0,79.0,-4.8,22.5,-1.6,False
1531,20030419,2020,3,4,19,291.0,2.0,149.0,44.0,88.0,-5.2,26.4,-3.5,False
1532,20030420,2020,3,4,20,250.0,2.0,65.0,56.0,94.0,-6.3,16.3,-5.5,False
1533,20030421,2020,3,4,21,221.0,3.0,43.0,37.0,93.0,-6.9,12.9,-6.0,False
1534,20030422,2020,3,4,22,266.0,1.0,61.0,48.0,90.0,-8.9,20.5,-7.5,False
1535,20030423,2020,3,4,23,233.0,0.0,38.0,31.0,90.0,-9.1,10.5,-7.7,False
1536,20030500,2020,3,5,0,311.0,1.0,51.0,25.0,72.0,-11.3,30.0,-7.1,False
1537,20030501,2020,3,5,1,299.0,1.0,107.0,17.0,79.0,-11.0,30.0,-8.0,False
1538,20030502,2020,3,5,2,327.0,2.0,150.0,41.0,84.0,-10.6,22.7,-8.4,False
1539,20030503,2020,3,5,3,327.0,2.0,149.0,42.0,79.0,-12.1,30.0,-9.1,False
1540,20030504,2020,3,5,4,347.0,1.0,14.0,14.0,80.0,-12.2,30.0,-9.4,False
1541,20030505,2020,3,5,5,51.0,1.0,19.0,14.0,74.0,-13.0,30.0,-9.2,False
1542,20030506,2020,3,5,6,64.0,1.0,136.0,42.0,79.0,-12.9,30.0,-10.0,False
1543,20030507,2020,3,5,7,64.0,1.0,136.0,42.0,79.0,-12.9,30.0,-10.0,False
1544,20030508,2020,3,5,8,78.0,2.0,22.0,14.0,71.0,-14.5,30.0,-10.3,False
1545,20030509,2020,3,5,9,73.0,1.0,15.0,14.0,62.0,-15.8,30.0,-9.9,False
1546,20030510,2020,3,5,10,16.0,1.0,23.0,14.0,51.0,-16.4,30.0,-8.0,False
1547,20030511,2020,3,5,11,7.0,1.0,17.0,17.0,49.0,-15.5,30.0,-6.6,False
1548,20030512,2020,3,5,12,319.0,1.0,32.0,24.0,48.0,-15.3,30.0,-6.1,False
1549,20030513,2020,3,5,13,312.0,2.0,34.0,24.0,47.0,-14.8,30.0,-5.3,False
1550,20030514,2020,3,5,14,342.0,2.0,31.0,17.0,45.0,-14.1,30.0,-3.9,False
1551,20030515,2020,3,5,15,341.0,2.0,24.0,14.0,55.0,-12.5,30.0,-4.8,False
1552,20030516,2020,3,5,16,332.0,2.0,19.0,13.0,48.0,-13.0,30.0,-3.6,False
1553,20030517,2020,3,5,17,360.0,1.0,121.0,26.0,48.0,-12.0,30.0,-2.5,False
1554,20030518,2020,3,5,18,349.0,3.0,24.0,12.0,49.0,-10.9,30.0,-1.6,False
1555,20030519,2020,3,5,19,153.0,1.0,13.0,12.0,47.0,-10.5,30.0,-0.6,False
1556,20030520,2020,3,5,20,176.0,0.0,21.0,12.0,48.0,-11.6,30.0,-2.1,False
1557,20030521,2020,3,5,21,74.0,0.0,66.0,14.0,52.0,-12.5,30.0,-4.1,False
1558,20030522,2020,3,5,22,80.0,3.0,29.0,13.0,46.0,-14.7,30.0,-4.9,False
1559,20030523,2020,3,5,23,56.0,2.0,22.0,13.0,41.0,-15.1,30.0,-3.8,False
1560,20030600,2020,3,6,0,153.0,2.0,16.0,14.0,47.0,-14.5,30.0,-4.9,False
1561,20030601,2020,3,6,1,118.0,1.0,37.0,15.0,33.0,-17.3,30.0,-3.3,False
1562,20030602,2020,3,6,2,79.0,2.0,19.0,16.0,30.0,-18.3,30.0,-3.2,False
1563,20030603,2020,3,6,3,292.0,0.0,22.0,16.0,31.0,-18.4,30.0,-3.7,False
1564,20030604,2020,3,6,4,125.0,2.0,24.0,17.0,44.0,-16.4,30.0,-6.1,False
1565,20030605,2020,3,6,5,101.0,2.0,21.0,17.0,30.0,-19.4,30.0,-4.4,False
1566,20030606,2020,3,6,6,121.0,0.0,28.0,19.0,42.0,-17.4,30.0,-6.6,False
1567,20030607,2020,3,6,7,121.0,0.0,28.0,19.0,42.0,-17.4,30.0,-6.6,False
1568,20030608,2020,3,6,8,96.0,2.0,31.0,20.0,32.0,-19.8,30.0,-5.7,False
1569,20030609,2020,3,6,9,123.0,2.0,24.0,20.0,40.0,-17.9,30.0,-6.5,False
1570,20030610,2020,3,6,10,98.0,2.0,23.0,22.0,27.0,-19.4,30.0,-3.0,False
1571,20030611,2020,3,6,11,75.0,0.0,30.0,27.0,23.0,-18.4,30.0,0.3,False
1572,20030612,2020,3,6,12,308.0,1.0,25.0,24.0,22.0,-19.1,30.0,0.1,False
1573,20030613,2020,3,6,13,282.0,1.0,39.0,21.0,27.0,-16.9,30.0,-0.1,False
1574,20030614,2020,3,6,14,249.0,2.0,34.0,23.0,37.0,-13.6,30.0,-0.7,False
1575,20030615,2020,3,6,15,227.0,0.0,25.0,17.0,34.0,-14.2,30.0,-0.2,False
1576,20030616,2020,3,6,16,174.0,1.0,20.0,16.0,38.0,-12.5,30.0,0.1,False
1577,20030617,2020,3,6,17,215.0,1.0,59.0,33.0,36.0,-13.1,30.0,0.2,False
1578,20030618,2020,3,6,18,276.0,3.0,18.0,16.0,54.0,-9.5,30.0,-1.4,False
1579,20030619,2020,3,6,19,252.0,2.0,51.0,37.0,64.0,-8.8,30.0,-2.9,False
1580,20030620,2020,3,6,20,174.0,1.0,30.0,20.0,70.0,-8.6,30.0,-3.9,False
1581,20030621,2020,3,6,21,199.0,2.0,27.0,20.0,71.0,-9.2,30.0,-4.8,False
1582,20030622,2020,3,6,22,239.0,3.0,39.0,23.0,77.0,-9.6,30.0,-6.2,False
1583,20030623,2020,3,6,23,153.0,2.0,23.0,17.0,79.0,-8.1,30.0,-5.0,False
1584,20030700,2020,3,7,0,241.0,2.0,22.0,16.0,95.0,-6.7,4.1,-6.0,False
1585,20030701,2020,3,7,1,203.0,2.0,40.0,21.0,95.0,-6.7,0.4,-6.0,False
1586,20030702,2020,3,7,2,216.0,1.0,38.0,17.0,85.0,-8.2,0.2,-6.1,False
1587,20030703,2020,3,7,3,242.0,2.0,29.0,20.0,95.0,-7.4,1.2,-6.7,False
1588,20030704,2020,3,7,4,287.0,2.0,26.0,18.0,93.0,-7.0,14.9,-6.1,False
1589,20030705,2020,3,7,5,234.0,1.0,65.0,25.0,95.0,-6.7,8.5,-6.0,False
1590,20030706,2020,3,7,6,277.0,1.0,62.0,24.0,96.0,-6.2,2.3,-5.7,False
1591,20030707,2020,3,7,7,277.0,1.0,62.0,24.0,96.0,-6.2,2.3,-5.7,False
1592,20030708,2020,3,7,8,256.0,0.0,35.0,24.0,94.0,-6.5,14.4,-5.7,False
1593,20030709,2020,3,7,9,227.0,1.0,25.0,22.0,96.0,-6.0,3.9,-5.5,False
1594,20030710,2020,3,7,10,265.0,2.0,24.0,14.0,94.0,-6.3,6.3,-5.5,False
1595,20030711,2020,3,7,11,264.0,1.0,13.0,12.0,94.0,-6.1,10.4,-5.3,False
1596,20030712,2020,3,7,12,270.0,4.0,48.0,20.0,92.0,-6.4,2.2,-5.3,False
1597,20030713,2020,3,7,13,304.0,2.0,12.0,12.0,91.0,-6.2,5.5,-5.0,False
1598,20030714,2020,3,7,14,302.0,4.0,16.0,9.0,93.0,-6.5,1.1,-5.6,False
1599,20030715,2020,3,7,15,340.0,1.0,15.0,9.0,91.0,-7.9,2.1,-6.7,False
1600,20030716,2020,3,7,16,92.0,1.0,13.0,9.0,85.0,-8.5,3.7,-6.4,False
1601,20030717,2020,3,7,17,328.0,2.0,28.0,12.0,88.0,-10.3,2.9,-8.7,False
1602,20030718,2020,3,7,18,348.0,2.0,19.0,12.0,90.0,-11.1,4.0,-9.8,False
1603,20030719,2020,3,7,19,327.0,1.0,16.0,15.0,86.0,-13.0,2.1,-11.1,False
1604,20030720,2020,3,7,20,321.0,2.0,16.0,10.0,87.0,-14.2,2.0,-12.5,False
1605,20030721,2020,3,7,21,309.0,2.0,13.0,8.0,85.0,-17.0,1.6,-15.0,False
1606,20030722,2020,3,7,22,360.0,3.0,13.0,8.0,85.0,-19.0,1.2,-17.1,False
1607,20030723,2020,3,7,23,327.0,3.0,21.0,9.0,83.0,-20.7,1.3,-18.5,False
1608,20030800,2020,3,8,0,346.0,0.0,13.0,7.0,81.0,-21.8,0.8,-19.4,False
1609,20030801,2020,3,8,1,116.0,2.0,11.0,7.0,81.0,-22.5,3.3,-20.1,False
1610,20030802,2020,3,8,2,259.0,1.0,22.0,7.0,79.0,-22.1,30.0,-19.4,False
1611,20030803,2020,3,8,3,322.0,1.0,10.0,7.0,83.0,-22.7,25.1,-20.6,False
1612,20030804,2020,3,8,4,356.0,2.0,13.0,7.0,81.0,-22.8,30.0,-20.4,False
1613,20030805,2020,3,8,5,327.0,2.0,23.0,7.0,81.0,-23.7,10.3,-21.3,False
1614,20030806,2020,3,8,6,332.0,4.0,12.0,6.0,81.0,-24.0,2.3,-21.6,False
1615,20030807,2020,3,8,7,332.0,4.0,12.0,6.0,81.0,-24.0,2.3,-21.6,False
1616,20030808,2020,3,8,8,338.0,3.0,19.0,7.0,81.0,-23.6,1.5,-21.2,False
1617,20030809,2020,3,8,9,348.0,3.0,17.0,8.0,81.0,-23.5,2.8,-21.1,False
1618,20030810,2020,3,8,10,344.0,2.0,38.0,12.0,81.0,-23.0,4.2,-20.6,False
1619,20030811,2020,3,8,11,38.0,2.0,178.0,21.0,81.0,-22.0,2.5,-19.6,False
1620,20030812,2020,3,8,12,6.0,3.0,246.0,26.0,77.0,-21.2,11.6,-18.2,False
1621,20030813,2020,3,8,13,26.0,2.0,222.0,26.0,77.0,-20.4,16.4,-17.3,False
1622,20030814,2020,3,8,14,344.0,2.0,159.0,20.0,74.0,-20.3,20.6,-16.8,False
1623,20030815,2020,3,8,15,226.0,0.0,138.0,23.0,69.0,-20.0,8.3,-15.6,False
1624,20030816,2020,3,8,16,7.0,1.0,146.0,23.0,71.0,-19.5,20.8,-15.4,False
1625,20030817,2020,3,8,17,38.0,3.0,151.0,24.0,75.0,-18.9,30.0,-15.5,False
1626,20030818,2020,3,8,18,29.0,1.0,130.0,26.0,75.0,-18.4,30.0,-15.0,False
1627,20030819,2020,3,8,19,350.0,2.0,142.0,25.0,74.0,-18.7,30.0,-15.1,False
1628,20030820,2020,3,8,20,72.0,2.0,146.0,26.0,71.0,-20.0,29.4,-16.0,False
1629,20030821,2020,3,8,21,333.0,1.0,138.0,32.0,52.0,-23.2,30.0,-15.6,False
1630,20030822,2020,3,8,22,72.0,1.0,155.0,45.0,47.0,-24.3,30.0,-15.5,False
1631,20030823,2020,3,8,23,126.0,1.0,175.0,49.0,46.0,-24.2,30.0,-15.2,False
1632,20030900,2020,3,9,0,92.0,1.0,178.0,56.0,39.0,-25.5,30.0,-14.6,False
1633,20030901,2020,3,9,1,8.0,0.0,216.0,60.0,35.0,-26.9,30.0,-14.8,False
1634,20030902,2020,3,9,2,119.0,1.0,192.0,58.0,41.0,-26.1,30.0,-15.8,False
1635,20030903,2020,3,9,3,158.0,1.0,155.0,55.0,31.0,-27.9,30.0,-14.5,False
1636,20030904,2020,3,9,4,285.0,0.0,140.0,55.0,21.0,-30.7,30.0,-12.9,False
1637,20030905,2020,3,9,5,149.0,0.0,133.0,52.0,25.0,-28.0,30.0,-11.9,False
1638,20030906,2020,3,9,6,119.0,1.0,114.0,46.0,39.0,-24.6,30.0,-13.6,False
1639,20030907,2020,3,9,7,119.0,1.0,114.0,46.0,39.0,-24.6,30.0,-13.6,False
1640,20030908,2020,3,9,8,61.0,1.0,90.0,40.0,40.0,-22.2,30.0,-11.3,False
1641,20030909,2020,3,9,9,51.0,2.0,81.0,41.0,31.0,-23.5,30.0,-9.5,False
1642,20030910,2020,3,9,10,11.0,2.0,79.0,44.0,27.0,-24.2,30.0,-8.5,False
1643,20030911,2020,3,9,11,23.0,2.0,86.0,44.0,29.0,-21.3,30.0,-6.1,False
1644,20030912,2020,3,9,12,12.0,3.0,96.0,49.0,32.0,-19.7,30.0,-5.6,False
1645,20030913,2020,3,9,13,354.0,2.0,110.0,52.0,30.0,-19.6,30.0,-4.6,False
1646,20030914,2020,3,9,14,309.0,2.0,79.0,29.0,25.0,-21.7,30.0,-4.6,False
1647,20030915,2020,3,9,15,335.0,1.0,66.0,26.0,31.0,-19.3,30.0,-4.7,False
1648,20030916,2020,3,9,16,0.0,0.0,50.0,26.0,30.0,-18.4,30.0,-3.3,False
1649,20030917,2020,3,9,17,274.0,1.0,58.0,24.0,33.0,-18.2,30.0,-4.3,False
1650,20030918,2020,3,9,18,232.0,1.0,48.0,23.0,38.0,-16.1,30.0,-3.9,False
1651,20030919,2020,3,9,19,171.0,1.0,51.0,21.0,47.0,-15.1,30.0,-5.6,False
1652,20030920,2020,3,9,20,143.0,1.0,33.0,20.0,52.0,-15.5,30.0,-7.3,False
1653,20030921,2020,3,9,21,165.0,1.0,47.0,22.0,54.0,-16.6,30.0,-9.0,False
1654,20030922,2020,3,9,22,188.0,2.0,38.0,23.0,54.0,-17.3,30.0,-9.7,False
1655,20030923,2020,3,9,23,161.0,1.0,50.0,29.0,51.0,-17.3,30.0,-9.0,False
1656,20031000,2020,3,10,0,148.0,1.0,66.0,36.0,53.0,-17.9,30.0,-10.1,False
1657,20031001,2020,3,10,1,134.0,1.0,62.0,36.0,49.0,-19.3,30.0,-10.7,False
1658,20031002,2020,3,10,2,148.0,2.0,78.0,38.0,47.0,-19.4,30.0,-10.2,False
1659,20031003,2020,3,10,3,92.0,2.0,86.0,40.0,19.0,-27.4,30.0,-7.7,False
1660,20031004,2020,3,10,4,91.0,1.0,84.0,40.0,17.0,-28.5,30.0,-7.6,False
1661,20031005,2020,3,10,5,84.0,4.0,70.0,40.0,23.0,-24.1,30.0,-6.3,False
1662,20031006,2020,3,10,6,69.0,3.0,55.0,36.0,27.0,-22.3,30.0,-6.3,False
1663,20031007,2020,3,10,7,69.0,3.0,55.0,36.0,27.0,-22.3,30.0,-6.3,False
1664,20031008,2020,3,10,8,76.0,3.0,54.0,38.0,36.0,-19.2,30.0,-6.6,False
1665,20031009,2020,3,10,9,77.0,3.0,49.0,36.0,37.0,-18.2,30.0,-5.8,False
1666,20031010,2020,3,10,10,57.0,2.0,55.0,36.0,38.0,-16.0,30.0,-3.7,False
1667,20031011,2020,3,10,11,333.0,1.0,36.0,32.0,33.0,-15.7,30.0,-1.5,False
1668,20031012,2020,3,10,12,300.0,0.0,37.0,26.0,21.0,-22.7,30.0,-3.5,False
1669,20031013,2020,3,10,13,317.0,0.0,26.0,20.0,25.0,-19.6,30.0,-2.2,False
1670,20031014,2020,3,10,14,278.0,1.0,40.0,33.0,29.0,-18.1,30.0,-2.5,False
1671,20031015,2020,3,10,15,265.0,1.0,35.0,19.0,31.0,-17.5,30.0,-2.7,False
1672,20031016,2020,3,10,16,212.0,1.0,33.0,19.0,32.0,-16.1,30.0,-1.5,False
1673,20031017,2020,3,10,17,234.0,1.0,31.0,19.0,38.0,-14.8,30.0,-2.4,False
1674,20031018,2020,3,10,18,214.0,2.0,36.0,19.0,39.0,-14.8,30.0,-2.8,False
1675,20031019,2020,3,10,19,214.0,2.0,48.0,21.0,41.0,-15.2,30.0,-3.9,False
1676,20031020,2020,3,10,20,199.0,2.0,62.0,21.0,48.0,-15.6,30.0,-6.4,False
1677,20031021,2020,3,10,21,211.0,1.0,67.0,20.0,52.0,-15.7,30.0,-7.5,False
1678,20031022,2020,3,10,22,174.0,1.0,58.0,20.0,62.0,-14.3,30.0,-8.3,False
1679,20031023,2020,3,10,23,185.0,1.0,52.0,20.0,47.0,-16.9,30.0,-7.5,False
1680,20031100,2020,3,11,0,223.0,1.0,52.0,20.0,41.0,-18.5,30.0,-7.5,False
1681,20031101,2020,3,11,1,26.0,0.0,52.0,23.0,55.0,-16.3,30.0,-8.9,False
1682,20031102,2020,3,11,2,0.0,0.0,65.0,25.0,55.0,-17.0,30.0,-9.7,False
1683,20031103,2020,3,11,3,55.0,0.0,55.0,30.0,49.0,-18.1,30.0,-9.4,False
1684,20031104,2020,3,11,4,25.0,0.0,66.0,29.0,44.0,-19.2,30.0,-9.2,False
1685,20031105,2020,3,11,5,63.0,1.0,57.0,37.0,59.0,-16.4,30.0,-9.9,False
1686,20031106,2020,3,11,6,88.0,0.0,79.0,41.0,68.0,-14.8,30.0,-10.0,False
1687,20031107,2020,3,11,7,88.0,0.0,79.0,41.0,68.0,-14.8,30.0,-10.0,False
1688,20031108,2020,3,11,8,307.0,1.0,53.0,41.0,71.0,-14.3,30.0,-10.0,False
1689,20031109,2020,3,11,9,48.0,1.0,71.0,41.0,76.0,-12.8,30.0,-9.4,False
1690,20031110,2020,3,11,10,354.0,3.0,61.0,42.0,80.0,-12.0,19.4,-9.2,False
1691,20031111,2020,3,11,11,316.0,1.0,51.0,46.0,82.0,-11.3,3.7,-8.8,False
1692,20031112,2020,3,11,12,298.0,2.0,75.0,39.0,75.0,-12.4,20.2,-8.8,False
1693,20031113,2020,3,11,13,296.0,1.0,50.0,34.0,82.0,-12.6,2.0,-10.1,False
1694,20031114,2020,3,11,14,294.0,1.0,58.0,35.0,80.0,-11.9,1.9,-9.1,False
1695,20031115,2020,3,11,15,321.0,3.0,75.0,40.0,80.0,-11.4,1.7,-8.6,False
1696,20031116,2020,3,11,16,331.0,5.0,68.0,35.0,76.0,-12.2,9.4,-8.7,False
1697,20031117,2020,3,11,17,334.0,4.0,50.0,32.0,74.0,-12.2,6.6,-8.4,False
1698,20031118,2020,3,11,18,335.0,4.0,57.0,31.0,78.0,-12.3,9.2,-9.2,False
1699,20031119,2020,3,11,19,347.0,2.0,52.0,30.0,78.0,-13.1,4.8,-10.0,False
1700,20031120,2020,3,11,20,5.0,1.0,60.0,33.0,78.0,-14.9,30.0,-11.8,False
1701,20031121,2020,3,11,21,68.0,1.0,63.0,32.0,80.0,-15.2,30.0,-12.5,False
1702,20031122,2020,3,11,22,52.0,0.0,50.0,28.0,76.0,-15.9,30.0,-12.6,False
1703,20031123,2020,3,11,23,68.0,2.0,37.0,26.0,70.0,-17.2,30.0,-12.9,False
1704,20031200,2020,3,12,0,79.0,2.0,47.0,28.0,70.0,-17.6,30.0,-13.3,False
1705,20031201,2020,3,12,1,45.0,1.0,58.0,26.0,68.0,-18.4,30.0,-13.8,False
1706,20031202,2020,3,12,2,41.0,2.0,38.0,22.0,67.0,-18.4,30.0,-13.6,False
1707,20031203,2020,3,12,3,132.0,4.0,49.0,24.0,52.0,-20.4,30.0,-12.6,False
1708,20031204,2020,3,12,4,128.0,3.0,36.0,22.0,45.0,-22.1,30.0,-12.6,False
1709,20031205,2020,3,12,5,110.0,3.0,32.0,18.0,43.0,-21.8,30.0,-11.7,False
1710,20031206,2020,3,12,6,117.0,4.0,23.0,17.0,47.0,-21.2,30.0,-12.2,False
1711,20031207,2020,3,12,7,117.0,4.0,23.0,17.0,47.0,-21.2,30.0,-12.2,False
1712,20031208,2020,3,12,8,104.0,2.0,38.0,18.0,42.0,-21.9,30.0,-11.5,False
1713,20031209,2020,3,12,9,82.0,3.0,28.0,17.0,42.0,-21.0,30.0,-10.6,False
1714,20031210,2020,3,12,10,106.0,1.0,23.0,17.0,40.0,-19.1,30.0,-7.8,False
1715,20031211,2020,3,12,11,14.0,0.0,19.0,16.0,32.0,-19.4,30.0,-5.3,False
1716,20031212,2020,3,12,12,236.0,1.0,28.0,15.0,33.0,-19.9,30.0,-6.3,False
1717,20031213,2020,3,12,13,251.0,1.0,15.0,13.0,37.0,-18.2,30.0,-5.8,False
1718,20031214,2020,3,12,14,278.0,1.0,14.0,12.0,35.0,-18.4,30.0,-5.3,False
1719,20031215,2020,3,12,15,313.0,1.0,15.0,11.0,36.0,-17.4,30.0,-4.6,False
1720,20031216,2020,3,12,16,331.0,1.0,18.0,11.0,33.0,-17.8,30.0,-3.9,False
1721,20031217,2020,3,12,17,318.0,1.0,12.0,11.0,30.0,-18.6,30.0,-3.5,False
1722,20031218,2020,3,12,18,218.0,0.0,15.0,10.0,32.0,-17.2,30.0,-2.8,False
1723,20031219,2020,3,12,19,26.0,0.0,18.0,14.0,26.0,-19.2,30.0,-2.3,False
1724,20031220,2020,3,12,20,26.0,0.0,21.0,12.0,32.0,-18.5,30.0,-4.3,False
1725,20031221,2020,3,12,21,103.0,3.0,22.0,13.0,39.0,-18.0,30.0,-6.3,False
1726,20031222,2020,3,12,22,141.0,4.0,21.0,9.0,43.0,-17.3,30.0,-6.8,False
1727,20031223,2020,3,12,23,113.0,2.0,19.0,7.0,43.0,-17.9,30.0,-7.5,False
1728,20031300,2020,3,13,0,106.0,1.0,13.0,8.0,45.0,-18.0,30.0,-8.2,False
1729,20031301,2020,3,13,1,125.0,1.0,8.0,7.0,43.0,-19.1,12.8,-8.8,False
1730,20031302,2020,3,13,2,118.0,2.0,6.0,3.0,32.0,-21.7,30.0,-7.9,False
1731,20031303,2020,3,13,3,86.0,1.0,4.0,2.0,29.0,-22.5,30.0,-7.5,False
1732,20031304,2020,3,13,4,68.0,3.0,36.0,19.0,30.0,-22.5,30.0,-8.0,False
1733,20031305,2020,3,13,5,64.0,2.0,32.0,20.0,28.0,-23.1,30.0,-7.7,False
1734,20031306,2020,3,13,6,119.0,1.0,1.0,1.0,30.0,-23.2,30.0,-8.8,False
1735,20031307,2020,3,13,7,103.0,1.0,33.0,19.0,23.0,-25.0,30.0,-7.4,False
1736,20031308,2020,3,13,8,160.0,1.0,30.0,19.0,33.0,-22.4,30.0,-9.1,False
1737,20031309,2020,3,13,9,76.0,3.0,18.0,18.0,25.0,-21.9,30.0,-4.9,False
1738,20031310,2020,3,13,10,110.0,1.0,20.0,16.0,25.0,-19.8,30.0,-2.5,False
1739,20031311,2020,3,13,11,151.0,2.0,19.0,15.0,25.0,-17.3,30.0,0.5,False
1740,20031312,2020,3,13,12,183.0,1.0,22.0,18.0,21.0,-19.1,30.0,0.7,False
1741,20031313,2020,3,13,13,275.0,1.0,36.0,27.0,13.0,-23.4,30.0,2.2,False
1742,20031314,2020,3,13,14,325.0,1.0,10.0,6.0,8.0,-28.1,30.0,3.1,False
1743,20031315,2020,3,13,15,218.0,2.0,21.0,11.0,25.0,-15.2,30.0,2.9,False
1744,20031316,2020,3,13,16,181.0,2.0,32.0,14.0,25.0,-14.2,30.0,4.1,False
1745,20031317,2020,3,13,17,209.0,3.0,39.0,17.0,30.0,-12.1,30.0,3.9,False
1746,20031318,2020,3,13,18,320.0,0.0,43.0,23.0,17.0,-18.3,30.0,4.7,False
1747,20031319,2020,3,13,19,185.0,1.0,52.0,30.0,32.0,-12.6,30.0,2.4,False
1748,20031320,2020,3,13,20,85.0,1.0,57.0,31.0,23.0,-17.3,30.0,1.6,False
1749,20031321,2020,3,13,21,162.0,1.0,56.0,29.0,38.0,-13.7,30.0,-1.2,False
1750,20031322,2020,3,13,22,176.0,2.0,50.0,27.0,39.0,-14.2,30.0,-2.1,False
1751,20031323,2020,3,13,23,162.0,2.0,44.0,22.0,38.0,-14.7,30.0,-2.3,False
1752,20031400,2020,3,14,0,62.0,1.0,39.0,18.0,31.0,-17.0,30.0,-2.1,False
1753,20031401,2020,3,14,1,92.0,2.0,34.0,14.0,28.0,-18.7,30.0,-2.7,False
1754,20031402,2020,3,14,2,118.0,0.0,29.0,10.0,32.0,-18.8,30.0,-4.6,False
1755,20031403,2020,3,14,3,83.0,2.0,25.0,9.0,28.0,-20.1,30.0,-4.3,False
1756,20031404,2020,3,14,4,49.0,1.0,19.0,10.0,28.0,-20.5,30.0,-4.8,False
1757,20031405,2020,3,14,5,27.0,0.0,14.0,9.0,32.0,-19.7,30.0,-5.6,False
1758,20031406,2020,3,14,6,79.0,1.0,15.0,7.0,29.0,-20.6,30.0,-5.3,False
1759,20031407,2020,3,14,7,79.0,1.0,15.0,7.0,29.0,-20.6,30.0,-5.3,False
1760,20031408,2020,3,14,8,150.0,2.0,33.0,16.0,39.0,-19.5,30.0,-8.0,False
1761,20031409,2020,3,14,9,94.0,3.0,45.0,23.0,36.0,-18.3,30.0,-5.6,False
1762,20031410,2020,3,14,10,42.0,1.0,56.0,28.0,25.0,-20.3,30.0,-3.0,False
1763,20031411,2020,3,14,11,245.0,1.0,58.0,29.0,23.0,-19.8,30.0,-1.3,False
1764,20031412,2020,3,14,12,184.0,2.0,55.0,37.0,37.0,-12.9,30.0,0.1,False
1765,20031413,2020,3,14,13,175.0,5.0,62.0,34.0,37.0,-11.9,30.0,1.2,False
1766,20031414,2020,3,14,14,317.0,2.0,75.0,33.0,36.0,-12.5,30.0,0.9,False
1767,20031415,2020,3,14,15,251.0,1.0,86.0,34.0,36.0,-12.2,30.0,1.2,False
1768,20031416,2020,3,14,16,278.0,1.0,90.0,34.0,29.0,-14.1,30.0,2.1,False
1769,20031417,2020,3,14,17,242.0,1.0,91.0,35.0,29.0,-13.5,30.0,2.8,False
1770,20031418,2020,3,14,18,303.0,1.0,94.0,41.0,27.0,-14.6,30.0,2.5,False
1771,20031419,2020,3,14,19,267.0,0.0,93.0,42.0,27.0,-14.7,30.0,2.4,False
1772,20031420,2020,3,14,20,79.0,0.0,86.0,39.0,32.0,-14.3,30.0,0.5,False
1773,20031421,2020,3,14,21,103.0,1.0,78.0,39.0,45.0,-12.1,28.0,-1.7,False
1774,20031422,2020,3,14,22,190.0,0.0,72.0,40.0,53.0,-11.3,29.4,-3.1,False
1775,20031423,2020,3,14,23,142.0,2.0,69.0,38.0,52.0,-11.7,30.0,-3.2,False
1776,20031500,2020,3,15,0,175.0,1.0,62.0,36.0,43.0,-13.3,30.0,-2.4,False
1777,20031501,2020,3,15,1,206.0,1.0,58.0,35.0,38.0,-14.2,30.0,-1.7,False
1778,20031502,2020,3,15,2,154.0,2.0,52.0,34.0,44.0,-13.3,30.0,-2.7,False
1779,20031503,2020,3,15,3,45.0,0.0,55.0,36.0,43.0,-13.5,30.0,-2.7,False
1780,20031504,2020,3,15,4,8.0,1.0,58.0,34.0,34.0,-15.7,30.0,-1.9,False
1781,20031505,2020,3,15,5,74.0,1.0,58.0,33.0,39.0,-14.5,30.0,-2.4,False
1782,20031506,2020,3,15,6,83.0,2.0,57.0,30.0,35.0,-15.2,30.0,-1.7,False
1783,20031507,2020,3,15,7,83.0,2.0,57.0,30.0,35.0,-15.2,30.0,-1.7,False
1784,20031508,2020,3,15,8,87.0,3.0,53.0,27.0,35.0,-15.8,30.0,-2.4,False
1785,20031509,2020,3,15,9,89.0,3.0,52.0,26.0,30.0,-16.3,30.0,-0.9,False
1786,20031510,2020,3,15,10,77.0,2.0,51.0,26.0,29.0,-14.7,30.0,1.4,False
1787,20031511,2020,3,15,11,21.0,1.0,49.0,27.0,23.0,-15.0,30.0,4.3,False
1788,20031512,2020,3,15,12,226.0,1.0,43.0,26.0,32.0,-11.7,30.0,3.4,False
1789,20031513,2020,3,15,13,279.0,1.0,42.0,26.0,25.0,-14.5,30.0,3.7,False
1790,20031514,2020,3,15,14,264.0,1.0,48.0,28.0,26.0,-14.0,30.0,3.7,False
1791,20031515,2020,3,15,15,216.0,1.0,56.0,29.0,27.0,-12.6,30.0,4.8,False
1792,20031516,2020,3,15,16,205.0,0.0,59.0,29.0,26.0,-12.3,30.0,5.7,False
1793,20031517,2020,3,15,17,281.0,1.0,61.0,29.0,27.0,-12.0,30.0,5.5,False
1794,20031518,2020,3,15,18,313.0,1.0,58.0,28.0,25.0,-13.0,30.0,5.5,False
1795,20031519,2020,3,15,19,7.0,1.0,54.0,25.0,28.0,-12.4,30.0,4.5,False
1796,20031520,2020,3,15,20,24.0,2.0,56.0,27.0,36.0,-11.3,30.0,2.2,False
1797,20031521,2020,3,15,21,75.0,2.0,54.0,26.0,45.0,-10.4,30.0,0.1,False
1798,20031522,2020,3,15,22,64.0,1.0,54.0,25.0,30.0,-15.7,30.0,-0.2,False
1799,20031523,2020,3,15,23,60.0,1.0,49.0,24.0,31.0,-15.3,30.0,-0.2,False
1800,20031600,2020,3,16,0,68.0,3.0,44.0,24.0,33.0,-15.4,30.0,-1.2,False
1801,20031601,2020,3,16,1,103.0,2.0,40.0,22.0,37.0,-14.7,30.0,-1.9,False
1802,20031602,2020,3,16,2,79.0,1.0,37.0,22.0,26.0,-18.1,30.0,-1.0,False
1803,20031603,2020,3,16,3,83.0,2.0,39.0,23.0,26.0,-18.3,30.0,-1.3,False
1804,20031604,2020,3,16,4,109.0,1.0,39.0,22.0,35.0,-15.6,30.0,-2.2,False
1805,20031605,2020,3,16,5,114.0,3.0,39.0,23.0,25.0,-18.0,30.0,-0.4,False
1806,20031606,2020,3,16,6,101.0,2.0,38.0,23.0,24.0,-18.9,30.0,-0.9,False
1807,20031607,2020,3,16,7,101.0,2.0,38.0,23.0,24.0,-18.9,30.0,-0.9,False
1808,20031608,2020,3,16,8,93.0,2.0,42.0,23.0,26.0,-17.9,30.0,-0.8,False
1809,20031609,2020,3,16,9,151.0,1.0,40.0,21.0,34.0,-14.6,22.0,-0.7,False
1810,20031610,2020,3,16,10,140.0,2.0,39.0,18.0,30.0,-13.0,30.0,2.9,False
1811,20031611,2020,3,16,11,149.0,2.0,34.0,16.0,25.0,-13.4,30.0,5.0,False
1812,20031612,2020,3,16,12,162.0,2.0,29.0,16.0,24.0,-13.0,30.0,6.0,False
1813,20031613,2020,3,16,13,163.0,1.0,30.0,21.0,18.0,-15.7,30.0,7.0,False
1814,20031614,2020,3,16,14,357.0,2.0,37.0,20.0,31.0,-8.4,30.0,7.6,False
1815,20031615,2020,3,16,15,16.0,2.0,43.0,21.0,29.0,-8.9,30.0,8.0,False
1816,20031616,2020,3,16,16,268.0,0.0,49.0,25.0,19.0,-13.2,30.0,9.2,False
1817,20031617,2020,3,16,17,347.0,2.0,51.0,27.0,27.0,-8.7,30.0,9.4,False
1818,20031618,2020,3,16,18,353.0,2.0,54.0,27.0,26.0,-9.3,30.0,9.2,False
1819,20031619,2020,3,16,19,350.0,1.0,58.0,27.0,26.0,-10.2,30.0,8.2,False
1820,20031620,2020,3,16,20,67.0,2.0,62.0,30.0,26.0,-11.5,30.0,6.7,False
1821,20031621,2020,3,16,21,115.0,3.0,58.0,26.0,35.0,-10.0,30.0,4.1,False
1822,20031622,2020,3,16,22,128.0,4.0,51.0,22.0,37.0,-10.4,30.0,2.8,False
1823,20031623,2020,3,16,23,131.0,5.0,48.0,21.0,34.0,-11.6,30.0,2.7,False
1824,20031700,2020,3,17,0,146.0,4.0,48.0,23.0,26.0,-14.2,30.0,3.5,False
1825,20031701,2020,3,17,1,136.0,3.0,46.0,21.0,36.0,-12.0,30.0,1.5,False
1826,20031702,2020,3,17,2,147.0,4.0,42.0,19.0,26.0,-14.3,30.0,3.4,False
1827,20031703,2020,3,17,3,141.0,3.0,32.0,16.0,37.0,-12.0,30.0,1.1,False
1828,20031704,2020,3,17,4,127.0,4.0,23.0,13.0,34.0,-12.7,30.0,1.4,False
1829,20031705,2020,3,17,5,127.0,4.0,15.0,10.0,35.0,-12.5,30.0,1.3,False
1830,20031706,2020,3,17,6,124.0,4.0,12.0,7.0,33.0,-12.9,30.0,1.7,False
1831,20031707,2020,3,17,7,124.0,4.0,12.0,7.0,33.0,-12.9,30.0,1.7,False
1832,20031708,2020,3,17,8,119.0,4.0,13.0,6.0,31.0,-13.6,30.0,1.7,False
1833,20031709,2020,3,17,9,119.0,4.0,16.0,8.0,30.0,-13.3,30.0,2.5,False
1834,20031710,2020,3,17,10,114.0,2.0,16.0,9.0,28.0,-11.9,30.0,5.1,False
1835,20031711,2020,3,17,11,122.0,0.0,14.0,6.0,22.0,-12.3,30.0,8.1,False
1836,20031712,2020,3,17,12,238.0,1.0,7.0,7.0,20.0,-13.9,30.0,7.7,False
1837,20031713,2020,3,17,13,218.0,1.0,69.0,43.0,24.0,-11.9,30.0,7.4,False
1838,20031714,2020,3,17,14,220.0,1.0,22.0,16.0,22.0,-12.2,30.0,8.3,False
1839,20031715,2020,3,17,15,218.0,1.0,33.0,18.0,21.0,-12.0,30.0,9.2,False
1840,20031716,2020,3,17,16,188.0,1.0,41.0,21.0,21.0,-11.3,30.0,10.0,False
1841,20031717,2020,3,17,17,199.0,1.0,45.0,22.0,18.0,-13.1,30.0,10.2,False
1842,20031718,2020,3,17,18,263.0,1.0,47.0,21.0,18.0,-13.0,30.0,10.3,False
1843,20031719,2020,3,17,19,275.0,2.0,47.0,20.0,21.0,-12.0,30.0,9.2,False
1844,20031720,2020,3,17,20,244.0,1.0,50.0,24.0,29.0,-10.5,30.0,6.2,False
1845,20031721,2020,3,17,21,210.0,0.0,49.0,20.0,34.0,-10.3,30.0,4.2,False
1846,20031722,2020,3,17,22,136.0,2.0,40.0,15.0,45.0,-8.3,30.0,2.4,False
1847,20031723,2020,3,17,23,128.0,2.0,32.0,14.0,44.0,-8.7,30.0,2.3,False
1848,20031800,2020,3,18,0,147.0,2.0,28.0,12.0,46.0,-8.6,30.0,1.8,False
1849,20031801,2020,3,18,1,149.0,2.0,26.0,13.0,40.0,-10.1,30.0,2.1,False
1850,20031802,2020,3,18,2,154.0,2.0,23.0,14.0,34.0,-11.4,30.0,2.9,False
1851,20031803,2020,3,18,3,163.0,2.0,25.0,13.0,34.0,-11.7,28.7,2.6,False
1852,20031804,2020,3,18,4,165.0,2.0,22.0,13.0,34.0,-11.8,30.0,2.5,False
1853,20031805,2020,3,18,5,155.0,4.0,20.0,10.0,35.0,-11.9,30.0,1.9,False
1854,20031806,2020,3,18,6,162.0,4.0,17.0,12.0,40.0,-11.2,30.0,0.9,False
1855,20031807,2020,3,18,7,162.0,4.0,17.0,12.0,40.0,-11.2,30.0,0.9,False
1856,20031808,2020,3,18,8,153.0,5.0,18.0,15.0,38.0,-11.5,30.0,1.2,False
1857,20031809,2020,3,18,9,155.0,5.0,18.0,13.0,38.0,-11.1,30.0,1.7,False
1858,20031810,2020,3,18,10,164.0,3.0,18.0,9.0,38.0,-8.7,30.0,4.4,False
1859,20031811,2020,3,18,11,160.0,3.0,11.0,3.0,34.0,-8.2,30.0,6.5,False
1860,20031812,2020,3,18,12,208.0,2.0,6.0,4.0,27.0,-10.6,30.0,7.1,False
1861,20031813,2020,3,18,13,213.0,2.0,6.0,6.0,27.0,-9.8,30.0,8.1,False
1862,20031814,2020,3,18,14,222.0,2.0,11.0,8.0,30.0,-8.3,30.0,8.2,False
1863,20031815,2020,3,18,15,208.0,2.0,18.0,9.0,29.0,-8.0,30.0,9.1,False
1864,20031816,2020,3,18,16,258.0,2.0,23.0,10.0,33.0,-6.4,30.0,9.0,False
1865,20031817,2020,3,18,17,259.0,3.0,27.0,10.0,39.0,-4.3,30.0,8.9,False
1866,20031818,2020,3,18,18,250.0,3.0,47.0,21.0,46.0,-2.9,30.0,8.0,False
1867,20031819,2020,3,18,19,267.0,2.0,71.0,38.0,45.0,-3.8,30.0,7.3,False
1868,20031820,2020,3,18,20,240.0,2.0,50.0,24.0,48.0,-4.9,30.0,5.2,False
1869,20031821,2020,3,18,21,167.0,0.0,49.0,33.0,53.0,-4.2,24.1,4.6,False
1870,20031822,2020,3,18,22,148.0,3.0,56.0,33.0,48.0,-5.5,30.0,4.6,False
1871,20031823,2020,3,18,23,170.0,3.0,53.0,30.0,46.0,-5.5,30.0,5.2,False
1872,20031900,2020,3,19,0,197.0,3.0,44.0,24.0,50.0,-5.3,30.0,4.2,False
1873,20031901,2020,3,19,1,210.0,3.0,32.0,19.0,53.0,-4.7,30.0,4.0,False
1874,20031902,2020,3,19,2,186.0,3.0,22.0,12.0,54.0,-4.7,30.0,3.7,False
1875,20031903,2020,3,19,3,231.0,3.0,20.0,14.0,63.0,-3.0,30.0,3.4,False
1876,20031904,2020,3,19,4,225.0,4.0,22.0,12.0,81.0,-0.6,30.0,2.3,False
1877,20031905,2020,3,19,5,180.0,3.0,24.0,17.0,80.0,-0.7,30.0,2.4,False
1878,20031906,2020,3,19,6,181.0,3.0,24.0,14.0,81.0,-1.1,30.0,1.8,False
1879,20031907,2020,3,19,7,181.0,3.0,24.0,14.0,81.0,-1.1,30.0,1.8,False
1880,20031908,2020,3,19,8,158.0,3.0,26.0,13.0,80.0,-2.1,30.0,1.0,False
1881,20031909,2020,3,19,9,226.0,3.0,26.0,11.0,80.0,-2.4,30.0,0.6,False
1882,20031910,2020,3,19,10,146.0,1.0,24.0,10.0,72.0,-2.0,30.0,2.5,False
1883,20031911,2020,3,19,11,193.0,0.0,20.0,12.0,54.0,-3.7,30.0,4.8,False
1884,20031912,2020,3,19,12,212.0,1.0,18.0,17.0,57.0,-3.5,30.0,4.3,False
1885,20031913,2020,3,19,13,260.0,1.0,15.0,14.0,59.0,-2.9,30.0,4.4,False
1886,20031914,2020,3,19,14,213.0,3.0,14.0,13.0,61.0,-1.8,30.0,5.1,False
1887,20031915,2020,3,19,15,210.0,2.0,16.0,5.0,63.0,-0.9,30.0,5.6,False
1888,20031916,2020,3,19,16,267.0,3.0,30.0,17.0,62.0,-0.9,30.0,5.8,False
1889,20031917,2020,3,19,17,276.0,3.0,24.0,1.0,57.0,-1.7,30.0,6.2,False
1890,20031918,2020,3,19,18,283.0,3.0,32.0,9.0,65.0,-0.4,30.0,5.7,False
1891,20031919,2020,3,19,19,263.0,3.0,40.0,22.0,64.0,-1.3,30.0,4.9,False
1892,20031920,2020,3,19,20,205.0,2.0,44.0,28.0,70.0,-1.1,30.0,3.9,False
1893,20031921,2020,3,19,21,190.0,1.0,39.0,29.0,71.0,-1.8,30.0,2.9,False
1894,20031922,2020,3,19,22,172.0,2.0,29.0,23.0,66.0,-2.3,30.0,3.4,False
1895,20031923,2020,3,19,23,238.0,1.0,21.0,12.0,66.0,-2.5,30.0,3.2,False
1896,20032000,2020,3,20,0,320.0,2.0,15.0,10.0,77.0,-2.5,30.0,1.1,False
1897,20032001,2020,3,20,1,196.0,1.0,12.0,4.0,92.0,-1.2,1.9,-0.1,False
1898,20032002,2020,3,20,2,189.0,0.0,15.0,14.0,93.0,-0.8,3.1,0.2,False
1899,20032003,2020,3,20,3,26.0,0.0,11.0,7.0,91.0,-0.8,15.8,0.5,False
1900,20032004,2020,3,20,4,110.0,1.0,12.0,7.0,81.0,-2.2,30.0,0.7,False
1901,20032005,2020,3,20,5,109.0,1.0,12.0,3.0,89.0,-1.5,14.4,0.1,False
1902,20032006,2020,3,20,6,303.0,1.0,13.0,5.0,83.0,-2.3,30.0,0.2,False
1903,20032007,2020,3,20,7,303.0,1.0,13.0,5.0,83.0,-2.3,30.0,0.2,False
1904,20032008,2020,3,20,8,228.0,2.0,18.0,10.0,76.0,-2.7,30.0,1.0,False
1905,20032009,2020,3,20,9,54.0,1.0,25.0,13.0,83.0,-3.6,30.0,-1.1,False
1906,20032010,2020,3,20,10,242.0,0.0,36.0,22.0,78.0,-4.4,30.0,-1.1,False
1907,20032011,2020,3,20,11,310.0,1.0,39.0,27.0,78.0,-3.9,30.0,-0.5,False
1908,20032012,2020,3,20,12,310.0,2.0,36.0,29.0,74.0,-2.3,30.0,1.8,False
1909,20032013,2020,3,20,13,305.0,1.0,32.0,27.0,64.0,-3.6,30.0,2.5,False
1910,20032014,2020,3,20,14,321.0,1.0,28.0,22.0,47.0,-7.3,30.0,2.9,False
1911,20032015,2020,3,20,15,307.0,1.0,20.0,15.0,31.0,-11.3,30.0,4.3,False
1912,20032016,2020,3,20,16,290.0,2.0,15.0,14.0,28.0,-12.3,30.0,4.7,False
1913,20032017,2020,3,20,17,299.0,2.0,16.0,6.0,29.0,-11.7,30.0,4.8,False
1914,20032018,2020,3,20,18,313.0,3.0,18.0,8.0,35.0,-9.7,30.0,4.4,False
1915,20032019,2020,3,20,19,322.0,4.0,22.0,11.0,40.0,-9.4,30.0,2.9,False
1916,20032020,2020,3,20,20,315.0,3.0,18.0,6.0,46.0,-9.0,30.0,1.3,False
1917,20032021,2020,3,20,21,326.0,2.0,16.0,11.0,63.0,-6.9,30.0,-0.7,False
1918,20032022,2020,3,20,22,72.0,1.0,11.0,8.0,64.0,-7.2,30.0,-1.3,False
1919,20032023,2020,3,20,23,91.0,0.0,7.0,5.0,54.0,-10.0,30.0,-1.9,False
1920,20032100,2020,3,21,0,78.0,1.0,6.0,4.0,53.0,-10.9,30.0,-2.6,False
1921,20032101,2020,3,21,1,108.0,1.0,6.0,5.0,45.0,-13.1,30.0,-2.8,False
1922,20032102,2020,3,21,2,102.0,1.0,9.0,5.0,49.0,-12.2,30.0,-3.0,False
1923,20032103,2020,3,21,3,62.0,1.0,11.0,6.0,34.0,-16.3,30.0,-2.6,False
1924,20032104,2020,3,21,4,42.0,0.0,10.0,7.0,43.0,-14.5,30.0,-3.7,False
1925,20032105,2020,3,21,5,92.0,1.0,9.0,6.0,37.0,-16.0,30.0,-3.4,False
1926,20032106,2020,3,21,6,141.0,1.0,7.0,5.0,46.0,-13.6,30.0,-3.7,False
1927,20032107,2020,3,21,7,141.0,1.0,7.0,5.0,46.0,-13.6,30.0,-3.7,False
1928,20032108,2020,3,21,8,127.0,2.0,7.0,6.0,30.0,-17.0,30.0,-1.7,False
1929,20032109,2020,3,21,9,158.0,2.0,7.0,6.0,31.0,-15.1,30.0,0.0,False
1930,20032110,2020,3,21,10,181.0,2.0,28.0,25.0,22.0,-17.2,30.0,2.4,False
1931,20032111,2020,3,21,11,229.0,2.0,20.0,14.0,37.0,-11.7,30.0,1.4,False
1932,20032112,2020,3,21,12,242.0,2.0,22.0,14.0,22.0,-17.0,30.0,2.6,False
1933,20032113,2020,3,21,13,318.0,0.0,13.0,10.0,23.0,-15.6,30.0,3.6,False
1934,20032114,2020,3,21,14,346.0,2.0,11.0,11.0,24.0,-14.2,30.0,4.6,False
1935,20032115,2020,3,21,15,317.0,2.0,8.0,8.0,26.0,-12.6,30.0,5.4,False
1936,20032116,2020,3,21,16,332.0,3.0,11.0,7.0,26.0,-11.5,30.0,6.7,False
1937,20032117,2020,3,21,17,1.0,3.0,14.0,6.0,22.0,-12.5,30.0,7.9,False
1938,20032118,2020,3,21,18,30.0,3.0,19.0,12.0,18.0,-15.0,30.0,7.9,False
1939,20032119,2020,3,21,19,343.0,2.0,23.0,17.0,23.0,-12.3,30.0,7.5,False
1940,20032120,2020,3,21,20,24.0,2.0,26.0,14.0,25.0,-13.1,30.0,5.3,False
1941,20032121,2020,3,21,21,61.0,1.0,24.0,8.0,35.0,-10.3,30.0,3.8,False
1942,20032122,2020,3,21,22,144.0,4.0,23.0,12.0,36.0,-10.6,30.0,3.0,False
1943,20032123,2020,3,21,23,131.0,4.0,23.0,16.0,34.0,-11.5,30.0,2.8,False
1944,20032200,2020,3,22,0,99.0,2.0,23.0,18.0,31.0,-12.3,30.0,3.2,False
1945,20032201,2020,3,22,1,85.0,2.0,23.0,18.0,30.0,-12.5,30.0,3.4,False
1946,20032202,2020,3,22,2,109.0,2.0,24.0,17.0,53.0,-6.5,30.0,2.1,False
1947,20032203,2020,3,22,3,95.0,1.0,24.0,15.0,56.0,-6.2,30.0,1.6,False
1948,20032204,2020,3,22,4,88.0,2.0,24.0,15.0,51.0,-6.6,30.0,2.5,False
1949,20032205,2020,3,22,5,115.0,2.0,28.0,15.0,59.0,-5.6,30.0,1.5,False
1950,20032206,2020,3,22,6,108.0,2.0,26.0,12.0,49.0,-6.9,30.0,2.7,False
1951,20032207,2020,3,22,7,108.0,2.0,26.0,12.0,49.0,-6.9,30.0,2.7,False
1952,20032208,2020,3,22,8,121.0,4.0,16.0,9.0,54.0,-6.9,29.8,1.4,False
1953,20032209,2020,3,22,9,114.0,3.0,13.0,8.0,50.0,-6.1,28.8,3.3,False
1954,20032210,2020,3,22,10,115.0,2.0,7.0,6.0,48.0,-4.9,30.0,5.2,False
1955,20032211,2020,3,22,11,73.0,0.0,53.0,47.0,35.0,-6.3,30.0,8.3,False
1956,20032212,2020,3,22,12,309.0,1.0,34.0,30.0,38.0,-6.2,30.0,7.2,False
1957,20032213,2020,3,22,13,300.0,1.0,57.0,26.0,34.0,-6.6,30.0,8.3,False
1958,20032214,2020,3,22,14,271.0,2.0,27.0,23.0,38.0,-4.5,30.0,9.1,False
1959,20032215,2020,3,22,15,278.0,4.0,30.0,16.0,31.0,-6.8,30.0,9.5,False
1960,20032216,2020,3,22,16,277.0,3.0,7.0,7.0,28.0,-7.8,30.0,9.9,False
1961,20032217,2020,3,22,17,276.0,4.0,15.0,10.0,26.0,-8.7,30.0,9.9,False
1962,20032218,2020,3,22,18,288.0,5.0,26.0,16.0,28.0,-8.3,30.0,9.3,False
1963,20032219,2020,3,22,19,290.0,5.0,34.0,24.0,34.0,-6.9,30.0,8.0,False
1964,20032220,2020,3,22,20,324.0,4.0,40.0,28.0,46.0,-5.1,30.0,5.6,False
1965,20032221,2020,3,22,21,339.0,1.0,43.0,28.0,50.0,-5.6,30.0,3.9,False
1966,20032222,2020,3,22,22,2.0,0.0,44.0,22.0,59.0,-4.6,30.0,2.6,False
1967,20032223,2020,3,22,23,61.0,0.0,39.0,18.0,62.0,-4.2,30.0,2.3,False
1968,20032300,2020,3,23,0,69.0,0.0,32.0,17.0,67.0,-3.7,30.0,1.8,False
1969,20032301,2020,3,23,1,190.0,0.0,23.0,18.0,30.0,-3.4,23.2,1.1,False
1970,20032302,2020,3,23,2,168.0,1.0,48.0,42.0,72.0,-3.7,30.0,0.8,False
1971,20032303,2020,3,23,3,186.0,0.0,18.0,12.0,74.0,-3.2,30.0,0.9,False
1972,20032304,2020,3,23,4,104.0,1.0,16.0,9.0,71.0,-3.1,30.0,1.6,False
1973,20032305,2020,3,23,5,87.0,2.0,12.0,8.0,74.0,-2.9,30.0,1.2,False
1974,20032306,2020,3,23,6,76.0,2.0,9.0,6.0,65.0,-4.1,30.0,1.8,False
1975,20032307,2020,3,23,7,76.0,2.0,9.0,6.0,65.0,-4.1,30.0,1.8,False
1976,20032308,2020,3,23,8,80.0,3.0,8.0,5.0,65.0,-4.0,30.0,1.9,False
1977,20032309,2020,3,23,9,89.0,2.0,6.0,4.0,65.0,-3.2,30.0,2.7,False
1978,20032310,2020,3,23,10,123.0,1.0,61.0,49.0,59.0,-2.7,30.0,4.6,False
1979,20032311,2020,3,23,11,315.0,0.0,50.0,48.0,57.0,-2.6,30.0,5.2,False
1980,20032312,2020,3,23,12,315.0,1.0,53.0,43.0,53.0,-3.0,30.0,5.8,False
1981,20032313,2020,3,23,13,311.0,1.0,37.0,36.0,52.0,-2.5,30.0,6.7,False
1982,20032314,2020,3,23,14,215.0,1.0,31.0,28.0,48.0,-3.1,30.0,7.2,False
1983,20032315,2020,3,23,15,287.0,2.0,30.0,16.0,31.0,-3.0,30.0,8.2,False
1984,20032316,2020,3,23,16,252.0,3.0,13.0,4.0,44.0,-3.0,30.0,8.5,False
1985,20032317,2020,3,23,17,262.0,4.0,19.0,6.0,41.0,-2.8,30.0,9.8,False
1986,20032318,2020,3,23,18,191.0,1.0,24.0,7.0,36.0,-5.1,30.0,9.2,False
1987,20032319,2020,3,23,19,228.0,5.0,28.0,11.0,39.0,-4.4,30.0,8.8,False
1988,20032320,2020,3,23,20,233.0,5.0,36.0,24.0,49.0,-2.9,30.0,7.1,False
1989,20032321,2020,3,23,21,252.0,9.0,45.0,31.0,49.0,-3.4,30.0,6.5,False
1990,20032322,2020,3,23,22,300.0,8.0,43.0,27.0,95.0,-2.3,0.1,-1.6,False
1991,20032323,2020,3,23,23,291.0,5.0,34.0,19.0,97.0,-5.2,0.1,-4.8,False
1992,20032400,2020,3,24,0,345.0,2.0,23.0,12.0,93.0,-7.0,2.3,-6.1,False
1993,20032401,2020,3,24,1,6.0,4.0,14.0,10.0,93.0,-8.0,1.4,-7.1,False
1994,20032402,2020,3,24,2,319.0,6.0,120.0,8.0,93.0,-8.9,1.0,-8.0,False
1995,20032403,2020,3,24,3,321.0,3.0,20.0,7.0,91.0,-10.0,0.8,-8.8,False
1996,20032404,2020,3,24,4,323.0,5.0,23.0,9.0,91.0,-11.3,4.1,-10.1,False
1997,20032405,2020,3,24,5,342.0,4.0,22.0,10.0,90.0,-12.0,19.9,-10.7,False
1998,20032406,2020,3,24,6,359.0,2.0,21.0,11.0,89.0,-12.7,30.0,-11.3,False
1999,20032407,2020,3,24,7,359.0,2.0,21.0,11.0,89.0,-12.7,30.0,-11.3,False
2000,20032408,2020,3,24,8,343.0,3.0,21.0,11.0,87.0,-14.0,30.0,-12.3,False
2001,20032409,2020,3,24,9,19.0,0.0,6.0,6.0,89.0,-12.9,30.0,-11.5,False
2002,20032410,2020,3,24,10,352.0,0.0,6.0,2.0,86.0,-12.5,30.0,-10.6,False
2003,20032411,2020,3,24,11,355.0,1.0,21.0,9.0,72.0,-13.7,30.0,-9.6,False
2004,20032412,2020,3,24,12,44.0,2.0,17.0,8.0,54.0,-15.6,30.0,-7.9,False
2005,20032413,2020,3,24,13,2.0,3.0,16.0,7.0,62.0,-13.0,30.0,-6.9,False
2006,20032414,2020,3,24,14,340.0,4.0,6.0,2.0,57.0,-12.6,30.0,-5.4,False
2007,20032415,2020,3,24,15,329.0,3.0,13.0,3.0,37.0,-16.7,30.0,-4.2,False
2008,20032416,2020,3,24,16,311.0,2.0,16.0,7.0,25.0,-20.4,30.0,-3.2,False
2009,20032417,2020,3,24,17,316.0,5.0,18.0,8.0,20.0,-23.2,30.0,-3.5,False
2010,20032418,2020,3,24,18,309.0,4.0,20.0,10.0,26.0,-20.6,30.0,-3.9,False
2011,20032419,2020,3,24,19,332.0,3.0,19.0,16.0,31.0,-19.0,30.0,-4.4,False
2012,20032420,2020,3,24,20,329.0,4.0,21.0,8.0,37.0,-18.3,30.0,-5.9,False
2013,20032421,2020,3,24,21,324.0,4.0,23.0,8.0,46.0,-16.9,30.0,-7.2,False
2014,20032422,2020,3,24,22,327.0,3.0,20.0,10.0,51.0,-16.5,30.0,-8.1,False
2015,20032423,2020,3,24,23,322.0,2.0,16.0,6.0,59.0,-15.5,30.0,-8.9,False
2016,20032500,2020,3,25,0,24.0,1.0,16.0,6.0,64.0,-15.2,30.0,-9.7,False
2017,20032501,2020,3,25,1,330.0,2.0,12.0,6.0,67.0,-15.2,30.0,-10.3,False
2018,20032502,2020,3,25,2,351.0,2.0,11.0,11.0,74.0,-14.6,30.0,-10.9,False
2019,20032503,2020,3,25,3,44.0,0.0,12.0,6.0,81.0,-13.9,30.0,-11.3,False
2020,20032504,2020,3,25,4,1.0,2.0,12.0,6.0,82.0,-14.1,30.0,-11.6,False
2021,20032505,2020,3,25,5,17.0,2.0,12.0,6.0,83.0,-13.7,30.0,-11.4,False
2022,20032506,2020,3,25,6,60.0,1.0,12.0,6.0,83.0,-13.8,30.0,-11.5,False
2023,20032507,2020,3,25,7,60.0,1.0,12.0,6.0,83.0,-13.8,30.0,-11.5,False
2024,20032508,2020,3,25,8,25.0,1.0,10.0,6.0,53.0,-18.5,30.0,-10.8,False
2025,20032509,2020,3,25,9,20.0,2.0,11.0,5.0,48.0,-18.3,30.0,-9.3,False
2026,20032510,2020,3,25,10,301.0,1.0,15.0,5.0,42.0,-19.3,30.0,-8.7,False
2027,20032511,2020,3,25,11,341.0,0.0,14.0,7.0,44.0,-17.5,30.0,-7.3,False
2028,20032512,2020,3,25,12,299.0,3.0,13.0,6.0,52.0,-15.8,30.0,-7.6,False
2029,20032513,2020,3,25,13,315.0,2.0,8.0,7.0,47.0,-16.3,30.0,-6.9,False
2030,20032514,2020,3,25,14,338.0,3.0,20.0,4.0,46.0,-15.6,30.0,-5.8,False
2031,20032515,2020,3,25,15,309.0,5.0,18.0,14.0,35.0,-18.1,30.0,-5.0,False
2032,20032516,2020,3,25,16,317.0,5.0,25.0,16.0,28.0,-19.9,30.0,-4.1,False
2033,20032517,2020,3,25,17,342.0,4.0,27.0,15.0,27.0,-19.8,30.0,-3.5,False
2034,20032518,2020,3,25,18,332.0,6.0,28.0,26.0,30.0,-18.6,30.0,-3.5,False
2035,20032519,2020,3,25,19,317.0,5.0,15.0,4.0,34.0,-17.9,30.0,-4.4,False
2036,20032520,2020,3,25,20,330.0,4.0,15.0,4.0,39.0,-17.2,30.0,-5.4,False
2037,20032521,2020,3,25,21,326.0,5.0,22.0,5.0,50.0,-15.5,30.0,-6.8,False
2038,20032522,2020,3,25,22,340.0,2.0,19.0,15.0,59.0,-14.3,30.0,-7.7,False
2039,20032523,2020,3,25,23,350.0,2.0,16.0,12.0,69.0,-12.9,30.0,-8.2,False
2040,20032600,2020,3,26,0,351.0,2.0,14.0,12.0,78.0,-12.0,30.0,-8.9,False
2041,20032601,2020,3,26,1,3.0,2.0,15.0,8.0,76.0,-12.5,30.0,-9.1,False
2042,20032602,2020,3,26,2,75.0,4.0,15.0,13.0,51.0,-15.9,30.0,-7.5,False
2043,20032603,2020,3,26,3,89.0,5.0,22.0,10.0,43.0,-17.5,30.0,-7.0,False
2044,20032604,2020,3,26,4,118.0,4.0,22.0,12.0,48.0,-16.6,30.0,-7.5,False
2045,20032605,2020,3,26,5,134.0,4.0,20.0,11.0,35.0,-20.1,30.0,-7.2,False
2046,20032606,2020,3,26,6,128.0,3.0,16.0,10.0,39.0,-19.8,30.0,-8.3,False
2047,20032607,2020,3,26,7,128.0,3.0,16.0,10.0,39.0,-19.8,30.0,-8.3,False
2048,20032608,2020,3,26,8,63.0,1.0,14.0,8.0,38.0,-20.8,30.0,-9.1,False
2049,20032609,2020,3,26,9,38.0,1.0,12.0,8.0,37.0,-20.1,30.0,-8.0,False
2050,20032610,2020,3,26,10,285.0,0.0,17.0,7.0,32.0,-20.1,30.0,-6.1,False
2051,20032611,2020,3,26,11,314.0,1.0,15.0,8.0,34.0,-19.1,30.0,-5.7,False
2052,20032612,2020,3,26,12,271.0,1.0,14.0,5.0,28.0,-19.7,30.0,-3.9,False
2053,20032613,2020,3,26,13,269.0,1.0,8.0,4.0,29.0,-18.5,30.0,-2.9,False
2054,20032614,2020,3,26,14,243.0,1.0,5.0,3.0,27.0,-18.3,30.0,-1.8,False
2055,20032615,2020,3,26,15,266.0,1.0,8.0,4.0,23.0,-19.5,30.0,-1.0,False
2056,20032616,2020,3,26,16,273.0,1.0,12.0,5.0,21.0,-19.9,30.0,-0.2,False
2057,20032617,2020,3,26,17,202.0,1.0,14.0,5.0,21.0,-19.1,30.0,0.7,False
2058,20032618,2020,3,26,18,330.0,0.0,16.0,10.0,20.0,-19.0,30.0,1.5,False
2059,20032619,2020,3,26,19,252.0,2.0,20.0,14.0,21.0,-19.0,30.0,0.9,False
2060,20032620,2020,3,26,20,205.0,3.0,27.0,19.0,22.0,-19.5,30.0,-0.4,False
2061,20032621,2020,3,26,21,174.0,4.0,32.0,20.0,25.0,-20.1,30.0,-2.8,False
2062,20032622,2020,3,26,22,128.0,1.0,31.0,18.0,30.0,-18.8,30.0,-3.7,False
2063,20032623,2020,3,26,23,99.0,1.0,26.0,15.0,34.0,-18.3,30.0,-4.8,False
2064,20032700,2020,3,27,0,114.0,2.0,20.0,11.0,27.0,-21.0,30.0,-4.9,False
2065,20032701,2020,3,27,1,110.0,2.0,18.0,8.0,32.0,-19.5,30.0,-5.4,False
2066,20032702,2020,3,27,2,120.0,3.0,22.0,20.0,34.0,-19.3,30.0,-6.0,False
2067,20032703,2020,3,27,3,93.0,2.0,20.0,11.0,29.0,-20.9,30.0,-5.7,False
2068,20032704,2020,3,27,4,106.0,2.0,19.0,11.0,30.0,-21.0,30.0,-6.3,False
2069,20032705,2020,3,27,5,83.0,3.0,18.0,10.0,26.0,-22.9,30.0,-6.5,False
2070,20032706,2020,3,27,6,89.0,2.0,17.0,7.0,23.0,-24.1,30.0,-6.3,False
2071,20032707,2020,3,27,7,89.0,2.0,17.0,7.0,23.0,-24.1,30.0,-6.3,False
2072,20032708,2020,3,27,8,120.0,4.0,17.0,10.0,26.0,-22.9,30.0,-6.5,False
2073,20032709,2020,3,27,9,122.0,3.0,18.0,13.0,25.0,-21.3,30.0,-4.2,False
2074,20032710,2020,3,27,10,120.0,1.0,16.0,13.0,13.0,-26.1,30.0,-1.2,False
2075,20032711,2020,3,27,11,312.0,1.0,10.0,7.0,13.0,-25.6,30.0,-0.5,False
2076,20032712,2020,3,27,12,275.0,1.0,29.0,14.0,12.0,-26.2,30.0,-0.2,False
2077,20032713,2020,3,27,13,17.0,1.0,10.0,6.0,12.0,-25.2,30.0,1.1,False
2078,20032714,2020,3,27,14,178.0,1.0,7.0,5.0,11.0,-25.6,30.0,1.8,False
2079,20032715,2020,3,27,15,217.0,1.0,31.0,11.0,11.0,-24.4,30.0,3.3,False
2080,20032716,2020,3,27,16,295.0,1.0,16.0,13.0,12.0,-23.0,30.0,3.8,False
2081,20032717,2020,3,27,17,307.0,2.0,22.0,10.0,11.0,-24.0,30.0,3.8,False
2082,20032718,2020,3,27,18,250.0,2.0,24.0,9.0,13.0,-21.8,30.0,4.2,False
2083,20032719,2020,3,27,19,338.0,2.0,24.0,13.0,14.0,-21.4,30.0,3.7,False
2084,20032720,2020,3,27,20,318.0,1.0,28.0,15.0,16.0,-20.7,30.0,2.6,False
2085,20032721,2020,3,27,21,191.0,1.0,32.0,16.0,26.0,-17.5,30.0,-0.3,False
2086,20032722,2020,3,27,22,147.0,4.0,30.0,14.0,27.0,-17.9,30.0,-1.3,False
2087,20032723,2020,3,27,23,143.0,4.0,29.0,15.0,24.0,-19.5,30.0,-1.5,False
2088,20032800,2020,3,28,0,158.0,4.0,28.0,13.0,32.0,-17.4,30.0,-3.0,False
2089,20032801,2020,3,28,1,149.0,4.0,28.0,13.0,34.0,-17.2,30.0,-3.6,False
2090,20032802,2020,3,28,2,148.0,5.0,26.0,11.0,28.0,-19.0,30.0,-3.1,False
2091,20032803,2020,3,28,3,155.0,5.0,19.0,7.0,35.0,-17.5,30.0,-4.3,False
2092,20032804,2020,3,28,4,150.0,5.0,14.0,5.0,32.0,-18.2,30.0,-3.9,False
2093,20032805,2020,3,28,5,157.0,4.0,13.0,4.0,28.0,-19.0,30.0,-3.1,False
2094,20032806,2020,3,28,6,158.0,5.0,11.0,4.0,28.0,-19.1,30.0,-3.2,False
2095,20032807,2020,3,28,7,158.0,5.0,11.0,4.0,28.0,-19.1,30.0,-3.2,False
2096,20032808,2020,3,28,8,153.0,6.0,6.0,1.0,31.0,-18.7,30.0,-4.1,False
2097,20032809,2020,3,28,9,162.0,6.0,106.0,40.0,23.0,-19.5,30.0,-1.0,False
2098,20032810,2020,3,28,10,180.0,5.0,100.0,39.0,28.0,-15.6,30.0,0.9,False
2099,20032811,2020,3,28,11,182.0,6.0,101.0,35.0,26.0,-15.3,30.0,2.2,False
2100,20032812,2020,3,28,12,221.0,4.0,59.0,31.0,21.0,-17.2,30.0,3.0,False
2101,20032813,2020,3,28,13,231.0,4.0,41.0,20.0,19.0,-17.9,30.0,3.6,False
2102,20032814,2020,3,28,14,196.0,4.0,30.0,18.0,18.0,-17.8,30.0,4.5,False
2103,20032815,2020,3,28,15,248.0,4.0,5.0,2.0,15.0,-19.6,30.0,4.9,False
2104,20032816,2020,3,28,16,253.0,7.0,13.0,6.0,14.0,-19.4,30.0,6.1,False
2105,20032817,2020,3,28,17,245.0,5.0,18.0,8.0,11.0,-22.1,30.0,6.2,False
2106,20032818,2020,3,28,18,284.0,5.0,23.0,12.0,12.0,-21.1,30.0,6.2,False
2107,20032819,2020,3,28,19,285.0,4.0,28.0,13.0,11.0,-22.6,30.0,5.6,False
2108,20032820,2020,3,28,20,276.0,3.0,32.0,20.0,14.0,-21.2,30.0,3.9,False
2109,20032821,2020,3,28,21,223.0,1.0,37.0,25.0,21.0,-19.3,30.0,0.5,False
2110,20032822,2020,3,28,22,172.0,2.0,38.0,21.0,30.0,-16.8,30.0,-1.5,False
2111,20032823,2020,3,28,23,187.0,2.0,32.0,19.0,27.0,-18.1,30.0,-1.5,False
2112,20032900,2020,3,29,0,181.0,2.0,25.0,16.0,31.0,-17.2,30.0,-2.4,False
2113,20032901,2020,3,29,1,139.0,2.0,24.0,14.0,26.0,-18.0,30.0,-0.9,False
2114,20032902,2020,3,29,2,169.0,2.0,131.0,27.0,31.0,-16.7,30.0,-1.8,False
2115,20032903,2020,3,29,3,168.0,1.0,16.0,7.0,31.0,-16.2,30.0,-1.2,False
2116,20032904,2020,3,29,4,178.0,2.0,11.0,5.0,36.0,-14.4,30.0,-1.2,False
2117,20032905,2020,3,29,5,197.0,1.0,10.0,6.0,37.0,-14.2,30.0,-1.4,False
2118,20032906,2020,3,29,6,134.0,1.0,12.0,9.0,42.0,-12.6,30.0,-1.3,False
2119,20032907,2020,3,29,7,134.0,1.0,12.0,9.0,42.0,-12.6,30.0,-1.3,False
2120,20032908,2020,3,29,8,60.0,1.0,11.0,6.0,42.0,-12.3,30.0,-1.0,False
2121,20032909,2020,3,29,9,0.0,0.0,14.0,6.0,39.0,-12.6,30.0,-0.3,False
2122,20032910,2020,3,29,10,318.0,2.0,20.0,12.0,54.0,-8.8,25.4,-0.7,False
2123,20032911,2020,3,29,11,302.0,5.0,22.0,19.0,93.0,-4.4,1.9,-3.4,False
2124,20032912,2020,3,29,12,279.0,3.0,22.0,19.0,94.0,-3.9,1.2,-3.1,False
2125,20032913,2020,3,29,13,281.0,4.0,27.0,17.0,94.0,-4.1,0.9,-3.3,False
2126,20032914,2020,3,29,14,295.0,4.0,38.0,21.0,87.0,-4.9,2.9,-3.0,False
2127,20032915,2020,3,29,15,295.0,2.0,38.0,23.0,91.0,-4.6,1.8,-3.3,False
2128,20032916,2020,3,29,16,297.0,3.0,28.0,20.0,92.0,-4.2,4.7,-3.1,False
2129,20032917,2020,3,29,17,297.0,4.0,23.0,13.0,90.0,-4.4,4.4,-3.0,False
2130,20032918,2020,3,29,18,309.0,4.0,20.0,5.0,92.0,-4.6,2.9,-3.5,False
2131,20032919,2020,3,29,19,294.0,5.0,10.0,3.0,87.0,-5.4,6.6,-3.6,False
2132,20032920,2020,3,29,20,307.0,4.0,5.0,5.0,95.0,-4.9,1.3,-4.2,False
2133,20032921,2020,3,29,21,319.0,2.0,8.0,8.0,95.0,-5.3,15.4,-4.6,False
2134,20032922,2020,3,29,22,337.0,3.0,16.0,9.0,95.0,-5.9,0.9,-5.2,False
2135,20032923,2020,3,29,23,327.0,2.0,19.0,8.0,95.0,-6.9,0.1,-6.2,False
2136,20033000,2020,3,30,0,246.0,0.0,18.0,10.0,91.0,-8.5,9.4,-7.3,False
2137,20033001,2020,3,30,1,290.0,1.0,16.0,11.0,91.0,-9.6,29.8,-8.4,False
2138,20033002,2020,3,30,2,49.0,0.0,12.0,8.0,92.0,-9.1,28.6,-8.0,False
2139,20033003,2020,3,30,3,255.0,0.0,9.0,5.0,91.0,-11.3,30.0,-10.1,False
2140,20033004,2020,3,30,4,114.0,0.0,10.0,5.0,89.0,-12.7,30.0,-11.3,False
2141,20033005,2020,3,30,5,42.0,1.0,9.0,6.0,86.0,-13.3,30.0,-11.4,False
2142,20033006,2020,3,30,6,71.0,1.0,8.0,5.0,60.0,-15.5,30.0,-9.2,False
2143,20033007,2020,3,30,7,71.0,1.0,8.0,5.0,60.0,-15.5,30.0,-9.2,False
2144,20033008,2020,3,30,8,98.0,2.0,7.0,5.0,61.0,-15.4,30.0,-9.3,False
2145,20033009,2020,3,30,9,103.0,1.0,9.0,5.0,53.0,-16.1,30.0,-8.2,False
2146,20033010,2020,3,30,10,86.0,1.0,43.0,20.0,42.0,-17.0,30.0,-6.2,False
2147,20033011,2020,3,30,11,356.0,1.0,3.0,1.0,43.0,-15.5,30.0,-4.8,False
2148,20033012,2020,3,30,12,344.0,1.0,62.0,20.0,50.0,-13.2,30.0,-4.3,False
2149,20033013,2020,3,30,13,348.0,2.0,15.0,15.0,52.0,-11.7,30.0,-3.3,False
2150,20033014,2020,3,30,14,12.0,1.0,33.0,18.0,41.0,-13.4,30.0,-1.9,False
2151,20033015,2020,3,30,15,277.0,1.0,58.0,24.0,33.0,-15.8,30.0,-1.6,False
2152,20033016,2020,3,30,16,330.0,3.0,83.0,39.0,32.0,-15.4,30.0,-0.8,False
2153,20033017,2020,3,30,17,343.0,3.0,95.0,52.0,30.0,-15.5,30.0,0.0,False
2154,20033018,2020,3,30,18,354.0,2.0,97.0,52.0,28.0,-16.2,30.0,0.2,False
2155,20033019,2020,3,30,19,356.0,3.0,92.0,51.0,24.0,-18.2,30.0,0.0,False
2156,20033020,2020,3,30,20,358.0,3.0,88.0,49.0,24.0,-18.9,30.0,-0.8,False
2157,20033021,2020,3,30,21,14.0,3.0,84.0,45.0,33.0,-16.4,30.0,-2.3,False
2158,20033022,2020,3,30,22,57.0,2.0,78.0,39.0,40.0,-15.2,30.0,-3.5,False
2159,20033023,2020,3,30,23,112.0,0.0,71.0,36.0,46.0,-14.6,30.0,-4.7,False
2160,20033100,2020,3,31,0,74.0,1.0,63.0,33.0,41.0,-15.9,30.0,-4.6,False
2161,20033101,2020,3,31,1,108.0,3.0,56.0,29.0,33.0,-17.8,30.0,-3.9,False
2162,20033102,2020,3,31,2,115.0,3.0,41.0,21.0,41.0,-16.1,30.0,-4.9,False
2163,20033103,2020,3,31,3,119.0,5.0,28.0,17.0,32.0,-17.9,30.0,-3.6,False
2164,20033104,2020,3,31,4,89.0,4.0,22.0,15.0,38.0,-16.6,30.0,-4.4,False
2165,20033105,2020,3,31,5,101.0,3.0,20.0,11.0,36.0,-17.1,30.0,-4.3,False
2166,20033106,2020,3,31,6,107.0,3.0,16.0,8.0,37.0,-17.2,30.0,-4.7,False
2167,20033107,2020,3,31,7,107.0,3.0,16.0,8.0,37.0,-17.2,30.0,-4.7,False
2168,20033108,2020,3,31,8,141.0,4.0,8.0,2.0,36.0,-17.6,30.0,-4.8,False
2169,20033109,2020,3,31,9,98.0,3.0,50.0,19.0,35.0,-16.3,30.0,-3.0,False
2170,20033110,2020,3,31,10,135.0,1.0,4.0,1.0,28.0,-17.5,30.0,-1.3,False
2171,20033111,2020,3,31,11,72.0,3.0,39.0,17.0,25.0,-18.1,30.0,-0.5,False
2172,20033112,2020,3,31,12,231.0,1.0,46.0,16.0,26.0,-17.3,30.0,-0.1,False
2173,20033113,2020,3,31,13,91.0,2.0,67.0,15.0,24.0,-16.7,30.0,1.7,False
2174,20033114,2020,3,31,14,226.0,2.0,38.0,17.0,25.0,-16.1,30.0,1.9,False
2175,20033115,2020,3,31,15,79.0,6.0,54.0,15.0,18.0,-18.7,30.0,3.4,False
2176,20033116,2020,3,31,16,78.0,7.0,20.0,15.0,18.0,-18.1,30.0,4.1,False
2177,20033117,2020,3,31,17,72.0,7.0,28.0,14.0,16.0,-19.5,30.0,4.1,False
2178,20033118,2020,3,31,18,73.0,6.0,35.0,18.0,15.0,-20.2,30.0,4.1,False
2179,20033119,2020,3,31,19,88.0,8.0,37.0,18.0,16.0,-19.9,30.0,3.6,False
2180,20033120,2020,3,31,20,86.0,5.0,36.0,20.0,15.0,-21.5,30.0,2.5,False
2181,20033121,2020,3,31,21,86.0,9.0,40.0,20.0,16.0,-21.8,30.0,1.3,False
2182,20033122,2020,3,31,22,88.0,7.0,40.0,18.0,12.0,-24.9,30.0,1.4,False
2183,20033123,2020,3,31,23,90.0,5.0,34.0,16.0,12.0,-25.3,30.0,0.9,False
2184,20040100,2020,4,1,0,83.0,3.0,31.0,15.0,14.0,-24.2,30.0,0.2,False
2185,20040101,2020,4,1,1,74.0,2.0,26.0,14.0,24.0,-20.2,30.0,-2.4,False
2186,20040102,2020,4,1,2,93.0,3.0,24.0,14.0,18.0,-22.6,30.0,-1.3,False
2187,20040103,2020,4,1,3,84.0,5.0,26.0,15.0,24.0,-19.7,30.0,-1.8,False
2188,20040104,2020,4,1,4,82.0,3.0,27.0,14.0,24.0,-20.1,30.0,-2.3,False
2189,20040105,2020,4,1,5,103.0,3.0,27.0,11.0,23.0,-20.4,30.0,-2.0,False
2190,20040106,2020,4,1,6,83.0,5.0,22.0,7.0,27.0,-18.1,30.0,-1.5,False
2191,20040107,2020,4,1,7,84.0,7.0,18.0,6.0,26.0,-18.5,30.0,-1.5,False
2192,20040108,2020,4,1,8,84.0,6.0,17.0,8.0,27.0,-18.4,30.0,-1.9,False
2193,20040109,2020,4,1,9,84.0,5.0,16.0,9.0,22.0,-19.0,30.0,0.2,False
2194,20040110,2020,4,1,10,53.0,5.0,15.0,10.0,24.0,-17.1,30.0,1.3,False
2195,20040111,2020,4,1,11,46.0,3.0,37.0,14.0,18.0,-18.9,30.0,3.2,False
2196,20040112,2020,4,1,12,236.0,3.0,66.0,14.0,15.0,-20.0,30.0,4.4,False
2197,20040113,2020,4,1,13,216.0,3.0,100.0,16.0,14.0,-19.8,30.0,5.6,False
2198,20040114,2020,4,1,14,340.0,1.0,19.0,17.0,13.0,-20.4,30.0,6.0,False
2199,20040115,2020,4,1,15,119.0,3.0,33.0,15.0,12.0,-20.5,30.0,7.0,False
2200,20040116,2020,4,1,16,77.0,7.0,44.0,22.0,14.0,-18.6,30.0,7.1,False
2201,20040117,2020,4,1,17,69.0,7.0,51.0,27.0,16.0,-17.0,30.0,7.1,False
2202,20040118,2020,4,1,18,74.0,7.0,25.0,11.0,16.0,-16.9,30.0,7.3,False
2203,20040119,2020,4,1,19,74.0,7.0,14.0,7.0,14.0,-19.2,30.0,6.4,False
2204,20040120,2020,4,1,20,102.0,5.0,36.0,26.0,15.0,-19.3,30.0,5.3,False
2205,20040121,2020,4,1,21,82.0,5.0,84.0,27.0,14.0,-21.3,30.0,3.8,False
2206,20040122,2020,4,1,22,113.0,1.0,52.0,35.0,17.0,-20.2,30.0,2.4,False
2207,20040123,2020,4,1,23,123.0,5.0,50.0,32.0,26.0,-16.2,30.0,1.2,False
2208,20040200,2020,4,2,0,110.0,3.0,46.0,26.0,23.0,-17.7,30.0,1.1,False
2209,20040201,2020,4,2,1,145.0,4.0,43.0,25.0,21.0,-19.0,30.0,0.9,False
2210,20040202,2020,4,2,2,122.0,5.0,38.0,32.0,17.0,-20.1,30.0,2.5,False
2211,20040203,2020,4,2,3,88.0,7.0,38.0,29.0,19.0,-19.2,30.0,2.0,False
2212,20040204,2020,4,2,4,162.0,1.0,39.0,23.0,17.0,-20.8,30.0,1.7,False
2213,20040205,2020,4,2,5,210.0,2.0,39.0,18.0,15.0,-22.0,30.0,1.9,False
2214,20040206,2020,4,2,6,145.0,3.0,39.0,17.0,18.0,-21.0,30.0,0.6,False
2215,20040207,2020,4,2,7,132.0,6.0,37.0,18.0,16.0,-21.7,30.0,1.4,False
2216,20040208,2020,4,2,8,97.0,2.0,35.0,19.0,19.0,-20.6,30.0,0.4,False
2217,20040209,2020,4,2,9,6.0,1.0,36.0,18.0,20.0,-18.7,30.0,1.9,False
2218,20040210,2020,4,2,10,69.0,3.0,37.0,17.0,15.0,-20.0,30.0,4.4,False
2219,20040211,2020,4,2,11,112.0,4.0,28.0,14.0,13.0,-20.5,30.0,5.8,False
2220,20040212,2020,4,2,12,86.0,5.0,26.0,15.0,12.0,-20.3,30.0,7.2,False
2221,20040213,2020,4,2,13,9.0,1.0,53.0,33.0,10.0,-21.4,30.0,8.5,False
2222,20040214,2020,4,2,14,326.0,2.0,92.0,48.0,9.0,-21.9,30.0,9.4,False
2223,20040215,2020,4,2,15,7.0,4.0,119.0,60.0,8.0,-22.3,30.0,10.6,False
2224,20040216,2020,4,2,16,26.0,3.0,132.0,58.0,8.0,-22.1,30.0,10.9,False
2225,20040217,2020,4,2,17,75.0,6.0,134.0,55.0,7.0,-23.6,30.0,11.0,False
2226,20040218,2020,4,2,18,85.0,6.0,137.0,54.0,8.0,-22.3,30.0,10.7,False
2227,20040219,2020,4,2,19,91.0,6.0,134.0,55.0,8.0,-23.1,30.0,9.6,False
2228,20040220,2020,4,2,20,116.0,0.0,128.0,54.0,9.0,-22.6,30.0,8.5,False
2229,20040221,2020,4,2,21,158.0,3.0,120.0,55.0,15.0,-19.3,30.0,5.3,False
2230,20040222,2020,4,2,22,116.0,4.0,106.0,49.0,19.0,-17.7,30.0,3.8,False
2231,20040223,2020,4,2,23,112.0,3.0,92.0,44.0,17.0,-18.9,30.0,4.0,False
2232,20040300,2020,4,3,0,103.0,3.0,83.0,41.0,20.0,-17.8,30.0,3.0,False
2233,20040301,2020,4,3,1,107.0,3.0,81.0,40.0,22.0,-17.5,30.0,2.0,False
2234,20040302,2020,4,3,2,113.0,4.0,78.0,38.0,19.0,-18.7,30.0,2.6,False
2235,20040303,2020,4,3,3,119.0,5.0,76.0,39.0,20.0,-18.5,30.0,2.2,False
2236,20040304,2020,4,3,4,140.0,4.0,73.0,36.0,26.0,-17.0,30.0,0.3,False
2237,20040305,2020,4,3,5,110.0,4.0,156.0,38.0,19.0,-19.2,30.0,2.0,False
2238,20040306,2020,4,3,6,111.0,3.0,70.0,32.0,19.0,-19.5,30.0,1.7,False
2239,20040307,2020,4,3,7,92.0,3.0,69.0,33.0,23.0,-18.2,30.0,0.5,False
2240,20040308,2020,4,3,8,122.0,4.0,70.0,35.0,22.0,-18.6,30.0,0.7,False
2241,20040309,2020,4,3,9,111.0,3.0,69.0,34.0,15.0,-19.9,30.0,4.5,False
2242,20040310,2020,4,3,10,71.0,1.0,60.0,30.0,13.0,-19.5,30.0,7.1,False
2243,20040311,2020,4,3,11,311.0,1.0,49.0,22.0,10.0,-22.1,30.0,7.6,False
2244,20040312,2020,4,3,12,25.0,2.0,50.0,26.0,8.0,-23.9,30.0,8.6,False
2245,20040313,2020,4,3,13,297.0,2.0,65.0,38.0,8.0,-23.2,30.0,9.5,False
2246,20040314,2020,4,3,14,254.0,3.0,81.0,40.0,8.0,-22.6,30.0,10.3,False
2247,20040315,2020,4,3,15,313.0,2.0,90.0,37.0,7.0,-23.7,30.0,10.8,False
2248,20040316,2020,4,3,16,244.0,3.0,97.0,39.0,6.0,-25.1,30.0,11.2,False
2249,20040317,2020,4,3,17,275.0,2.0,102.0,42.0,6.0,-24.5,30.0,12.1,False
2250,20040318,2020,4,3,18,240.0,5.0,101.0,42.0,6.0,-24.8,30.0,11.7,False
2251,20040319,2020,4,3,19,34.0,2.0,100.0,42.0,5.0,-27.2,30.0,11.1,False
2252,20040320,2020,4,3,20,168.0,3.0,96.0,39.0,11.0,-19.6,30.0,9.4,False
2253,20040321,2020,4,3,21,87.0,2.0,88.0,42.0,11.0,-21.1,30.0,7.5,False
2254,20040322,2020,4,3,22,113.0,4.0,84.0,42.0,16.0,-18.5,30.0,5.3,False
2255,20040323,2020,4,3,23,106.0,4.0,77.0,34.0,16.0,-18.8,30.0,5.0,False
2256,20040400,2020,4,4,0,120.0,5.0,69.0,30.0,17.0,-18.8,30.0,4.1,False
2257,20040401,2020,4,4,1,114.0,5.0,63.0,28.0,18.0,-18.7,30.0,3.4,False
2258,20040402,2020,4,4,2,117.0,5.0,61.0,28.0,17.0,-19.3,30.0,3.5,False
2259,20040403,2020,4,4,3,125.0,4.0,59.0,29.0,19.0,-19.1,30.0,2.1,False
2260,20040404,2020,4,4,4,87.0,3.0,59.0,29.0,15.0,-20.5,30.0,3.8,False
2261,20040405,2020,4,4,5,108.0,3.0,56.0,28.0,16.0,-20.3,30.0,3.1,False
2262,20040406,2020,4,4,6,109.0,4.0,54.0,27.0,16.0,-20.0,30.0,3.5,False
2263,20040407,2020,4,4,7,109.0,4.0,54.0,27.0,16.0,-20.0,30.0,3.5,False
2264,20040408,2020,4,4,8,113.0,5.0,51.0,25.0,17.0,-19.1,30.0,3.7,False
2265,20040409,2020,4,4,9,96.0,3.0,51.0,24.0,14.0,-19.5,30.0,6.0,False
2266,20040410,2020,4,4,10,148.0,1.0,52.0,21.0,11.0,-19.9,30.0,9.0,False
2267,20040411,2020,4,4,11,264.0,0.0,42.0,25.0,11.0,-20.2,30.0,8.7,False
2268,20040412,2020,4,4,12,307.0,1.0,44.0,30.0,7.0,-24.1,30.0,10.3,False
2269,20040413,2020,4,4,13,266.0,0.0,52.0,27.0,7.0,-23.5,30.0,11.1,False
2270,20040414,2020,4,4,14,19.0,2.0,53.0,24.0,8.0,-21.2,30.0,12.1,False
2271,20040415,2020,4,4,15,335.0,4.0,50.0,20.0,8.0,-20.2,30.0,13.4,False
2272,20040416,2020,4,4,16,248.0,2.0,49.0,20.0,7.0,-22.2,30.0,12.8,False
2273,20040417,2020,4,4,17,247.0,2.0,50.0,22.0,8.0,-20.5,30.0,13.0,False
2274,20040418,2020,4,4,18,154.0,1.0,49.0,19.0,8.0,-21.1,30.0,12.3,False
2275,20040419,2020,4,4,19,176.0,6.0,44.0,20.0,9.0,-20.4,30.0,11.4,False
2276,20040420,2020,4,4,20,170.0,3.0,47.0,28.0,12.0,-18.2,30.0,9.9,False
2277,20040421,2020,4,4,21,147.0,2.0,52.0,30.0,17.0,-15.8,30.0,7.7,False
2278,20040422,2020,4,4,22,141.0,3.0,53.0,27.0,11.0,-20.2,30.0,8.6,False
2279,20040423,2020,4,4,23,116.0,4.0,51.0,28.0,21.0,-14.5,30.0,6.2,False
2280,20040500,2020,4,5,0,113.0,4.0,46.0,21.0,21.0,-14.6,30.0,6.1,False
2281,20040501,2020,4,5,1,126.0,4.0,39.0,16.0,24.0,-13.6,30.0,5.3,False
2282,20040502,2020,4,5,2,132.0,4.0,35.0,14.0,23.0,-14.1,30.0,5.4,False
2283,20040503,2020,4,5,3,125.0,4.0,33.0,16.0,23.0,-14.2,30.0,5.3,False
2284,20040504,2020,4,5,4,124.0,5.0,35.0,16.0,20.0,-15.5,30.0,5.7,False
2285,20040505,2020,4,5,5,129.0,4.0,35.0,16.0,17.0,-17.5,30.0,5.7,False
2286,20040506,2020,4,5,6,126.0,4.0,35.0,16.0,22.0,-15.9,30.0,3.9,False
2287,20040507,2020,4,5,7,119.0,5.0,35.0,17.0,22.0,-15.9,30.0,3.9,False
2288,20040508,2020,4,5,8,121.0,4.0,36.0,18.0,24.0,-14.8,30.0,4.0,False
2289,20040509,2020,4,5,9,129.0,3.0,121.0,26.0,23.0,-13.6,30.0,6.0,False
2290,20040510,2020,4,5,10,148.0,3.0,34.0,17.0,14.0,-16.8,30.0,9.4,False
2291,20040511,2020,4,5,11,207.0,2.0,29.0,27.0,10.0,-19.9,30.0,10.5,False
2292,20040512,2020,4,5,12,183.0,3.0,28.0,27.0,9.0,-20.3,30.0,11.5,False
2293,20040513,2020,4,5,13,218.0,5.0,27.0,17.0,9.0,-19.9,30.0,12.1,False
2294,20040514,2020,4,5,14,190.0,2.0,26.0,10.0,8.0,-21.2,30.0,12.1,False
2295,20040515,2020,4,5,15,239.0,6.0,29.0,9.0,8.0,-20.8,30.0,12.6,False
2296,20040516,2020,4,5,16,269.0,4.0,36.0,12.0,8.0,-20.8,30.0,12.7,False
2297,20040517,2020,4,5,17,270.0,3.0,42.0,14.0,7.0,-22.0,30.0,13.1,False
2298,20040518,2020,4,5,18,281.0,2.0,47.0,18.0,6.0,-23.8,30.0,13.0,False
2299,20040519,2020,4,5,19,291.0,4.0,52.0,25.0,7.0,-22.0,30.0,13.1,False
2300,20040520,2020,4,5,20,316.0,5.0,57.0,33.0,9.0,-20.5,30.0,11.2,False
2301,20040521,2020,4,5,21,317.0,2.0,60.0,39.0,12.0,-19.2,30.0,8.6,False
2302,20040522,2020,4,5,22,325.0,1.0,60.0,36.0,13.0,-19.9,30.0,6.6,False
2303,20040523,2020,4,5,23,80.0,1.0,58.0,31.0,17.0,-17.3,30.0,5.9,False
2304,20040600,2020,4,6,0,83.0,1.0,53.0,24.0,18.0,-16.8,30.0,5.7,False
2305,20040601,2020,4,6,1,106.0,0.0,43.0,18.0,23.0,-15.4,30.0,3.9,False
2306,20040602,2020,4,6,2,121.0,2.0,31.0,14.0,23.0,-15.7,30.0,3.5,False
2307,20040603,2020,4,6,3,115.0,1.0,25.0,16.0,22.0,-16.1,30.0,3.6,False
2308,20040604,2020,4,6,4,112.0,1.0,23.0,17.0,23.0,-15.8,30.0,3.4,False
2309,20040605,2020,4,6,5,119.0,2.0,20.0,11.0,25.0,-15.0,30.0,3.1,False
2310,20040606,2020,4,6,6,102.0,2.0,15.0,7.0,27.0,-14.7,30.0,2.4,False
2311,20040607,2020,4,6,7,102.0,2.0,15.0,7.0,27.0,-14.7,30.0,2.4,False
2312,20040608,2020,4,6,8,126.0,2.0,16.0,16.0,25.0,-15.5,30.0,2.6,False
2313,20040609,2020,4,6,9,133.0,2.0,18.0,18.0,19.0,-15.4,30.0,6.6,False
2314,20040610,2020,4,6,10,306.0,1.0,17.0,11.0,12.0,-19.0,30.0,8.9,False
2315,20040611,2020,4,6,11,303.0,2.0,116.0,34.0,12.0,-18.3,30.0,9.8,False
2316,20040612,2020,4,6,12,290.0,2.0,109.0,27.0,11.0,-18.7,30.0,10.5,False
2317,20040613,2020,4,6,13,302.0,2.0,102.0,24.0,11.0,-17.9,30.0,11.6,False
2318,20040614,2020,4,6,14,273.0,4.0,10.0,3.0,10.0,-18.2,30.0,12.7,False
2319,20040615,2020,4,6,15,271.0,5.0,24.0,6.0,9.0,-18.9,30.0,13.3,False
2320,20040616,2020,4,6,16,268.0,2.0,30.0,7.0,8.0,-19.9,30.0,13.8,False
2321,20040617,2020,4,6,17,281.0,6.0,58.0,19.0,9.0,-17.9,30.0,14.7,False
2322,20040618,2020,4,6,18,287.0,6.0,78.0,20.0,9.0,-18.3,30.0,14.1,False
2323,20040619,2020,4,6,19,280.0,5.0,77.0,20.0,10.0,-17.8,30.0,13.2,False
2324,20040620,2020,4,6,20,291.0,3.0,75.0,19.0,10.0,-18.5,30.0,12.2,False
2325,20040621,2020,4,6,21,292.0,2.0,73.0,20.0,13.0,-17.6,30.0,9.5,False
2326,20040622,2020,4,6,22,30.0,0.0,48.0,34.0,15.0,-16.6,30.0,8.6,False
2327,20040623,2020,4,6,23,92.0,2.0,49.0,29.0,18.0,-15.2,30.0,7.6,False
2328,20040700,2020,4,7,0,93.0,3.0,48.0,25.0,21.0,-14.2,30.0,6.6,False
2329,20040701,2020,4,7,1,109.0,2.0,46.0,25.0,25.0,-13.1,30.0,5.4,False
2330,20040702,2020,4,7,2,117.0,3.0,39.0,19.0,23.0,-13.8,30.0,5.7,False
2331,20040703,2020,4,7,3,114.0,1.0,34.0,22.0,25.0,-13.5,30.0,4.9,False
2332,20040704,2020,4,7,4,128.0,2.0,32.0,19.0,28.0,-13.0,30.0,3.9,False
2333,20040705,2020,4,7,5,130.0,2.0,22.0,11.0,30.0,-12.5,30.0,3.4,False
2334,20040706,2020,4,7,6,93.0,2.0,18.0,6.0,26.0,-12.7,30.0,5.2,False
2335,20040707,2020,4,7,7,93.0,2.0,18.0,6.0,26.0,-12.7,30.0,5.2,False
2336,20040708,2020,4,7,8,54.0,2.0,20.0,9.0,27.0,-10.9,30.0,6.8,False
2337,20040709,2020,4,7,9,81.0,2.0,21.0,10.0,26.0,-9.9,30.0,8.5,False
2338,20040710,2020,4,7,10,342.0,1.0,20.0,18.0,25.0,-8.6,30.0,10.6,False
2339,20040711,2020,4,7,11,335.0,2.0,19.0,18.0,25.0,-8.1,30.0,11.2,False
2340,20040712,2020,4,7,12,324.0,4.0,133.0,29.0,23.0,-8.1,30.0,12.5,False
2341,20040713,2020,4,7,13,324.0,2.0,14.0,12.0,23.0,-7.6,30.0,13.1,False
2342,20040714,2020,4,7,14,297.0,5.0,20.0,3.0,20.0,-8.8,30.0,13.8,False
2343,20040715,2020,4,7,15,325.0,4.0,34.0,11.0,21.0,-7.3,30.0,14.8,False
2344,20040716,2020,4,7,16,292.0,4.0,46.0,18.0,20.0,-7.4,30.0,15.4,False
2345,20040717,2020,4,7,17,293.0,5.0,52.0,22.0,20.0,-7.8,30.0,15.0,False
2346,20040718,2020,4,7,18,312.0,3.0,54.0,21.0,20.0,-8.1,30.0,14.6,False
2347,20040719,2020,4,7,19,287.0,3.0,52.0,21.0,22.0,-7.2,30.0,14.2,False
2348,20040720,2020,4,7,20,323.0,3.0,49.0,24.0,25.0,-6.5,30.0,13.1,False
2349,20040721,2020,4,7,21,342.0,2.0,48.0,28.0,30.0,-6.3,30.0,10.5,False
2350,20040722,2020,4,7,22,352.0,0.0,48.0,32.0,34.0,-5.8,30.0,9.3,False
2351,20040723,2020,4,7,23,74.0,2.0,46.0,31.0,38.0,-5.1,30.0,8.4,False
2352,20040800,2020,4,8,0,82.0,2.0,42.0,24.0,39.0,-5.3,30.0,7.8,False
2353,20040801,2020,4,8,1,89.0,2.0,37.0,22.0,40.0,-5.3,30.0,7.4,False
2354,20040802,2020,4,8,2,94.0,2.0,31.0,17.0,40.0,-5.4,30.0,7.3,False
2355,20040803,2020,4,8,3,76.0,1.0,27.0,18.0,41.0,-5.2,30.0,7.2,False
2356,20040804,2020,4,8,4,92.0,2.0,25.0,13.0,43.0,-5.0,30.0,6.7,False
2357,20040805,2020,4,8,5,88.0,2.0,21.0,14.0,45.0,-4.9,30.0,6.1,False
2358,20040806,2020,4,8,6,89.0,2.0,19.0,10.0,46.0,-5.1,30.0,5.6,False
2359,20040807,2020,4,8,7,89.0,2.0,19.0,10.0,46.0,-5.1,30.0,5.6,False
2360,20040808,2020,4,8,8,83.0,3.0,16.0,8.0,44.0,-5.6,30.0,5.7,False
2361,20040809,2020,4,8,9,50.0,2.0,18.0,13.0,35.0,-5.5,30.0,9.1,False
2362,20040810,2020,4,8,10,13.0,4.0,22.0,14.0,30.0,-5.5,30.0,11.5,False
2363,20040811,2020,4,8,11,8.0,4.0,17.0,14.0,26.0,-6.2,30.0,12.8,False
2364,20040812,2020,4,8,12,10.0,4.0,14.0,13.0,25.0,-6.0,30.0,13.7,False
2365,20040813,2020,4,8,13,356.0,5.0,16.0,12.0,23.0,-6.5,30.0,14.3,False
2366,20040814,2020,4,8,14,319.0,6.0,20.0,9.0,22.0,-6.9,30.0,14.6,False
2367,20040815,2020,4,8,15,327.0,4.0,29.0,16.0,19.0,-7.6,30.0,16.0,False
2368,20040816,2020,4,8,16,300.0,3.0,38.0,14.0,18.0,-8.1,30.0,16.3,False
2369,20040817,2020,4,8,17,327.0,4.0,45.0,14.0,17.0,-8.8,30.0,16.3,False
2370,20040818,2020,4,8,18,331.0,2.0,56.0,14.0,18.0,-8.1,30.0,16.3,False
2371,20040819,2020,4,8,19,335.0,3.0,57.0,15.0,18.0,-8.2,30.0,16.1,False
2372,20040820,2020,4,8,20,317.0,3.0,38.0,30.0,18.0,-9.3,30.0,14.8,False
2373,20040821,2020,4,8,21,1.0,2.0,35.0,23.0,21.0,-9.6,30.0,12.1,False
2374,20040822,2020,4,8,22,65.0,3.0,34.0,25.0,24.0,-9.1,30.0,10.6,False
2375,20040823,2020,4,8,23,100.0,3.0,34.0,26.0,27.0,-8.6,30.0,9.5,False
2376,20040900,2020,4,9,0,92.0,2.0,34.0,22.0,30.0,-7.9,30.0,8.7,False
2377,20040901,2020,4,9,1,96.0,3.0,34.0,18.0,29.0,-8.4,30.0,8.6,False
2378,20040902,2020,4,9,2,88.0,3.0,35.0,14.0,27.0,-9.2,30.0,8.8,False
2379,20040903,2020,4,9,3,98.0,3.0,32.0,14.0,24.0,-10.3,30.0,9.2,False
2380,20040904,2020,4,9,4,76.0,3.0,27.0,13.0,21.0,-12.7,30.0,8.4,False
2381,20040905,2020,4,9,5,91.0,4.0,22.0,6.0,20.0,-13.8,30.0,7.8,False
2382,20040906,2020,4,9,6,97.0,3.0,19.0,12.0,20.0,-13.5,30.0,8.1,False
2383,20040907,2020,4,9,7,97.0,3.0,19.0,12.0,20.0,-13.5,30.0,8.1,False
2384,20040908,2020,4,9,8,101.0,3.0,20.0,11.0,15.0,-16.6,30.0,8.6,False
2385,20040909,2020,4,9,9,107.0,3.0,252.0,26.0,16.0,-13.5,30.0,11.4,False
2386,20040910,2020,4,9,10,72.0,3.0,16.0,6.0,13.0,-13.8,30.0,14.2,False
2387,20040911,2020,4,9,11,90.0,0.0,13.0,9.0,12.0,-12.8,30.0,16.7,False
2388,20040912,2020,4,9,12,295.0,1.0,10.0,6.0,12.0,-13.2,30.0,16.3,False
2389,20040913,2020,4,9,13,121.0,1.0,7.0,1.0,9.0,-15.5,30.0,17.8,False
2390,20040914,2020,4,9,14,40.0,4.0,184.0,20.0,11.0,-12.4,30.0,18.6,False
2391,20040915,2020,4,9,15,34.0,5.0,21.0,4.0,8.0,-15.5,30.0,19.7,False
2392,20040916,2020,4,9,16,55.0,4.0,36.0,9.0,7.0,-17.1,30.0,19.7,False
2393,20040917,2020,4,9,17,75.0,4.0,57.0,19.0,6.0,-18.5,30.0,20.3,False
2394,20040918,2020,4,9,18,52.0,3.0,84.0,36.0,6.0,-18.5,30.0,20.2,False
2395,20040919,2020,4,9,19,88.0,1.0,113.0,53.0,7.0,-17.1,30.0,19.7,False
2396,20040920,2020,4,9,20,186.0,3.0,134.0,67.0,7.0,-18.3,30.0,18.1,False
2397,20040921,2020,4,9,21,88.0,2.0,171.0,87.0,9.0,-17.0,30.0,15.8,False
2398,20040922,2020,4,9,22,114.0,2.0,213.0,109.0,13.0,-14.9,30.0,12.9,False
2399,20040923,2020,4,9,23,140.0,3.0,271.0,140.0,15.0,-13.8,30.0,12.1,False
2400,20041000,2020,4,10,0,284.0,4.0,419.0,202.0,13.0,-16.1,30.0,11.3,False
2401,20041001,2020,4,10,1,222.0,1.0,584.0,245.0,66.0,-2.5,10.4,3.2,False
2402,20041002,2020,4,10,2,283.0,3.0,726.0,314.0,80.0,-1.8,14.2,1.3,False
2403,20041003,2020,4,10,3,255.0,2.0,864.0,367.0,90.0,-2.3,5.2,-0.9,False
2404,20041004,2020,4,10,4,248.0,1.0,918.0,379.0,89.0,-3.8,4.4,-2.2,False
2405,20041005,2020,4,10,5,286.0,2.0,896.0,356.0,92.0,-3.5,11.0,-2.4,False
2406,20041006,2020,4,10,6,276.0,1.0,806.0,318.0,92.0,-3.9,16.2,-2.8,False
2407,20041007,2020,4,10,7,276.0,1.0,806.0,318.0,92.0,-3.9,16.2,-2.8,False
2408,20041008,2020,4,10,8,310.0,1.0,496.0,199.0,97.0,-3.7,0.1,-3.3,False
2409,20041009,2020,4,10,9,274.0,2.0,392.0,155.0,97.0,-3.2,0.3,-2.8,False
2410,20041010,2020,4,10,10,313.0,1.0,212.0,40.0,96.0,-3.1,0.2,-2.6,False
2411,20041011,2020,4,10,11,322.0,1.0,123.0,31.0,96.0,-2.8,0.3,-2.2,False
2412,20041012,2020,4,10,12,265.0,0.0,67.0,29.0,85.0,-2.3,27.8,-0.1,False
2413,20041013,2020,4,10,13,342.0,2.0,66.0,28.0,54.0,-4.0,30.0,4.5,False
2414,20041014,2020,4,10,14,319.0,5.0,86.0,27.0,55.0,-4.3,30.0,3.9,False
2415,20041015,2020,4,10,15,311.0,3.0,105.0,27.0,51.0,-4.0,30.0,5.3,False
2416,20041016,2020,4,10,16,295.0,2.0,119.0,27.0,47.0,-4.5,30.0,5.9,False
2417,20041017,2020,4,10,17,334.0,3.0,130.0,28.0,44.0,-4.4,30.0,7.0,False
2418,20041018,2020,4,10,18,308.0,3.0,169.0,29.0,42.0,-4.8,26.4,7.2,False
2419,20041019,2020,4,10,19,300.0,3.0,143.0,26.0,44.0,-4.9,26.1,6.5,False
2420,20041020,2020,4,10,20,321.0,4.0,134.0,25.0,50.0,-5.0,14.0,4.5,False
2421,20041021,2020,4,10,21,328.0,2.0,117.0,25.0,56.0,-4.8,16.1,3.1,False
2422,20041022,2020,4,10,22,148.0,1.0,110.0,25.0,55.0,-4.6,17.2,3.6,False
2423,20041023,2020,4,10,23,117.0,1.0,129.0,26.0,60.0,-4.7,14.9,2.3,False
2424,20041100,2020,4,11,0,131.0,0.0,125.0,27.0,61.0,-4.9,16.3,1.8,False
2425,20041101,2020,4,11,1,143.0,1.0,128.0,23.0,55.0,-4.8,17.4,3.4,False
2426,20041102,2020,4,11,2,122.0,1.0,126.0,23.0,56.0,-4.8,16.6,3.1,False
2427,20041103,2020,4,11,3,93.0,2.0,161.0,24.0,52.0,-5.3,17.4,3.6,False
2428,20041104,2020,4,11,4,101.0,0.0,199.0,22.0,54.0,-5.8,12.1,2.6,False
2429,20041105,2020,4,11,5,153.0,2.0,180.0,22.0,57.0,-5.7,14.7,1.9,False
2430,20041106,2020,4,11,6,154.0,2.0,196.0,25.0,53.0,-5.9,15.0,2.7,False
2431,20041107,2020,4,11,7,171.0,1.0,200.0,24.0,56.0,-5.9,15.5,2.0,False
2432,20041108,2020,4,11,8,154.0,1.0,198.0,24.0,56.0,-5.7,11.9,2.2,False
2433,20041109,2020,4,11,9,25.0,1.0,217.0,14.0,50.0,-5.4,16.2,4.1,False
2434,20041110,2020,4,11,10,287.0,2.0,50.0,16.0,49.0,-5.3,14.3,4.5,False
2435,20041111,2020,4,11,11,274.0,2.0,70.0,30.0,48.0,-5.3,16.0,4.8,False
2436,20041112,2020,4,11,12,302.0,1.0,92.0,41.0,42.0,-5.6,16.4,6.4,False
2437,20041113,2020,4,11,13,341.0,1.0,111.0,49.0,38.0,-5.5,15.9,7.9,False
2438,20041114,2020,4,11,14,284.0,2.0,122.0,53.0,27.0,-8.5,16.9,9.6,False
2439,20041115,2020,4,11,15,342.0,3.0,133.0,56.0,21.0,-9.7,18.8,11.9,False
2440,20041116,2020,4,11,16,15.0,3.0,134.0,54.0,17.0,-11.8,19.0,12.6,False
2441,20041117,2020,4,11,17,336.0,2.0,135.0,53.0,14.0,-13.7,22.1,13.2,False
2442,20041118,2020,4,11,18,151.0,4.0,139.0,59.0,9.0,-18.4,23.9,14.0,False
2443,20041119,2020,4,11,19,156.0,1.0,147.0,66.0,12.0,-15.5,24.4,13.3,False
2444,20041120,2020,4,11,20,42.0,0.0,159.0,68.0,13.0,-15.3,26.2,12.3,False
2445,20041121,2020,4,11,21,0.0,0.0,164.0,66.0,14.0,-16.0,25.4,10.3,False
2446,20041122,2020,4,11,22,132.0,1.0,146.0,62.0,20.0,-13.9,19.1,7.6,False
2447,20041123,2020,4,11,23,94.0,3.0,130.0,59.0,19.0,-13.6,23.4,8.7,False
2448,20041200,2020,4,12,0,100.0,2.0,115.0,53.0,23.0,-12.2,21.1,7.6,False
2449,20041201,2020,4,12,1,104.0,2.0,105.0,48.0,25.0,-12.3,22.3,6.3,False
2450,20041202,2020,4,12,2,114.0,3.0,100.0,46.0,21.0,-13.3,23.4,7.6,False
2451,20041203,2020,4,12,3,102.0,1.0,97.0,49.0,21.0,-14.1,28.6,6.7,False
2452,20041204,2020,4,12,4,109.0,1.0,100.0,50.0,23.0,-14.1,30.0,5.4,False
2453,20041205,2020,4,12,5,134.0,2.0,100.0,49.0,23.0,-13.8,27.8,5.7,False
2454,20041206,2020,4,12,6,161.0,3.0,94.0,47.0,29.0,-11.8,24.1,4.7,False
2455,20041207,2020,4,12,7,161.0,3.0,94.0,47.0,29.0,-11.8,24.1,4.7,False
2456,20041208,2020,4,12,8,212.0,1.0,90.0,43.0,25.0,-13.6,28.2,4.8,False
2457,20041209,2020,4,12,9,188.0,2.0,88.0,42.0,22.0,-12.4,25.3,8.0,False
2458,20041210,2020,4,12,10,247.0,3.0,84.0,39.0,17.0,-14.6,30.0,9.2,False
2459,20041211,2020,4,12,11,288.0,0.0,84.0,41.0,17.0,-13.9,30.0,10.0,False
2460,20041212,2020,4,12,12,322.0,2.0,91.0,45.0,15.0,-14.6,29.5,11.1,False
2461,20041213,2020,4,12,13,319.0,2.0,105.0,47.0,16.0,-12.8,25.2,12.3,False
2462,20041214,2020,4,12,14,293.0,2.0,116.0,51.0,15.0,-13.0,26.9,13.0,False
2463,20041215,2020,4,12,15,217.0,4.0,131.0,60.0,8.0,-19.4,27.3,14.5,False
2464,20041216,2020,4,12,16,217.0,6.0,142.0,64.0,8.0,-18.6,29.4,15.6,False
2465,20041217,2020,4,12,17,179.0,7.0,150.0,68.0,13.0,-13.8,30.0,14.3,False
2466,20041218,2020,4,12,18,198.0,4.0,151.0,66.0,15.0,-11.7,22.5,14.7,False
2467,20041219,2020,4,12,19,228.0,5.0,152.0,65.0,12.0,-14.6,21.5,14.5,False
2468,20041220,2020,4,12,20,237.0,2.0,152.0,64.0,15.0,-13.2,27.5,12.8,False
2469,20041221,2020,4,12,21,165.0,2.0,138.0,60.0,20.0,-12.2,23.9,9.7,False
2470,20041222,2020,4,12,22,145.0,3.0,114.0,50.0,15.0,-15.6,25.8,9.8,False
2471,20041223,2020,4,12,23,149.0,4.0,93.0,41.0,17.0,-14.9,28.9,8.8,False
2472,20041300,2020,4,13,0,172.0,3.0,73.0,34.0,22.0,-13.4,27.5,6.9,False
2473,20041301,2020,4,13,1,156.0,4.0,64.0,28.0,23.0,-12.6,26.8,7.2,False
2474,20041302,2020,4,13,2,147.0,3.0,57.0,24.0,25.0,-11.6,24.2,7.1,False
2475,20041303,2020,4,13,3,120.0,2.0,50.0,22.0,20.0,-14.8,25.6,6.6,False
2476,20041304,2020,4,13,4,140.0,2.0,43.0,20.0,23.0,-13.7,23.8,5.8,False
2477,20041305,2020,4,13,5,167.0,3.0,38.0,18.0,25.0,-12.8,20.3,5.7,False
2478,20041306,2020,4,13,6,152.0,5.0,33.0,16.0,21.0,-14.3,20.4,6.4,False
2479,20041307,2020,4,13,7,161.0,4.0,32.0,16.0,26.0,-11.7,20.6,6.4,False
2480,20041308,2020,4,13,8,165.0,4.0,32.0,16.0,27.0,-11.5,20.0,6.1,False
2481,20041309,2020,4,13,9,170.0,2.0,33.0,18.0,20.0,-12.0,26.5,9.9,False
2482,20041310,2020,4,13,10,244.0,1.0,32.0,18.0,24.0,-8.9,19.1,10.9,False
2483,20041311,2020,4,13,11,229.0,1.0,28.0,15.0,23.0,-7.8,17.5,12.8,False
2484,20041312,2020,4,13,12,223.0,1.0,28.0,14.0,20.0,-8.5,30.0,14.1,False
2485,20041313,2020,4,13,13,258.0,2.0,35.0,22.0,17.0,-10.0,30.0,14.8,False
2486,20041314,2020,4,13,14,247.0,2.0,49.0,28.0,19.0,-7.6,30.0,16.0,False
2487,20041315,2020,4,13,15,278.0,5.0,64.0,32.0,20.0,-6.2,30.0,16.9,False
2488,20041316,2020,4,13,16,258.0,5.0,223.0,41.0,20.0,-5.5,30.0,17.7,False
2489,20041317,2020,4,13,17,286.0,7.0,209.0,36.0,22.0,-4.9,30.0,17.0,False
2490,20041318,2020,4,13,18,296.0,4.0,196.0,33.0,21.0,-5.4,30.0,17.1,False
2491,20041319,2020,4,13,19,297.0,4.0,16.0,2.0,23.0,-5.0,30.0,16.1,False
2492,20041320,2020,4,13,20,325.0,3.0,49.0,21.0,24.0,-5.2,30.0,15.2,False
2493,20041321,2020,4,13,21,338.0,2.0,78.0,36.0,26.0,-6.0,30.0,13.1,False
2494,20041322,2020,4,13,22,40.0,1.0,97.0,42.0,28.0,-6.1,30.0,11.8,False
2495,20041323,2020,4,13,23,73.0,1.0,102.0,43.0,31.0,-5.2,30.0,11.3,False
2496,20041400,2020,4,14,0,63.0,1.0,94.0,40.0,30.0,-5.6,30.0,11.3,False
2497,20041401,2020,4,14,1,105.0,1.0,82.0,38.0,33.0,-4.8,30.0,10.8,False
2498,20041402,2020,4,14,2,348.0,0.0,69.0,36.0,32.0,-5.2,30.0,10.8,False
2499,20041403,2020,4,14,3,77.0,1.0,64.0,34.0,33.0,-4.9,30.0,10.7,False
2500,20041404,2020,4,14,4,318.0,0.0,66.0,34.0,32.0,-5.1,30.0,11.0,False
2501,20041405,2020,4,14,5,358.0,2.0,69.0,33.0,35.0,-4.8,30.0,9.9,False
2502,20041406,2020,4,14,6,99.0,2.0,71.0,32.0,39.0,-4.4,30.0,8.8,False
2503,20041407,2020,4,14,7,44.0,1.0,70.0,32.0,40.0,-4.0,30.0,8.8,False
2504,20041408,2020,4,14,8,85.0,2.0,68.0,32.0,41.0,-2.4,30.0,10.3,False
2505,20041409,2020,4,14,9,3.0,1.0,163.0,38.0,42.0,-1.0,30.0,11.4,False
2506,20041410,2020,4,14,10,351.0,2.0,63.0,29.0,39.0,-1.2,30.0,12.3,False
2507,20041411,2020,4,14,11,6.0,3.0,62.0,30.0,36.0,-1.4,30.0,13.4,False
2508,20041412,2020,4,14,12,346.0,3.0,67.0,35.0,37.0,-0.3,30.0,14.2,False
2509,20041413,2020,4,14,13,308.0,3.0,77.0,38.0,38.0,-0.2,30.0,13.9,False
2510,20041414,2020,4,14,14,312.0,5.0,89.0,40.0,38.0,0.2,30.0,14.3,False
2511,20041415,2020,4,14,15,296.0,5.0,104.0,44.0,40.0,0.9,30.0,14.3,False
2512,20041416,2020,4,14,16,314.0,7.0,112.0,46.0,43.0,0.8,30.0,13.1,False
2513,20041417,2020,4,14,17,302.0,7.0,110.0,46.0,51.0,1.9,30.0,11.7,False
2514,20041418,2020,4,14,18,296.0,5.0,100.0,43.0,82.0,5.8,22.9,8.7,False
2515,20041419,2020,4,14,19,296.0,7.0,93.0,39.0,96.0,7.0,1.0,7.6,False
2516,20041420,2020,4,14,20,309.0,8.0,85.0,38.0,96.0,6.1,6.2,6.7,False
2517,20041421,2020,4,14,21,324.0,6.0,78.0,36.0,98.0,5.9,0.6,6.2,False
2518,20041422,2020,4,14,22,312.0,2.0,68.0,31.0,98.0,6.1,4.8,6.4,False
2519,20041423,2020,4,14,23,324.0,2.0,56.0,26.0,98.0,5.6,0.2,5.9,False
2520,20041500,2020,4,15,0,294.0,2.0,50.0,24.0,99.0,5.7,0.1,5.8,False
2521,20041501,2020,4,15,1,323.0,2.0,49.0,26.0,99.0,5.8,0.3,5.9,False
2522,20041502,2020,4,15,2,295.0,4.0,46.0,25.0,99.0,5.6,0.3,5.7,False
2523,20041503,2020,4,15,3,291.0,2.0,42.0,23.0,99.0,5.7,0.5,5.8,False
2524,20041504,2020,4,15,4,299.0,2.0,39.0,20.0,99.0,5.5,0.9,5.6,False
2525,20041505,2020,4,15,5,320.0,5.0,36.0,18.0,99.0,5.3,0.1,5.4,False
2526,20041506,2020,4,15,6,335.0,5.0,34.0,18.0,99.0,4.8,0.2,4.9,False
2527,20041507,2020,4,15,7,335.0,5.0,34.0,18.0,99.0,4.8,0.2,4.9,False
2528,20041508,2020,4,15,8,301.0,4.0,32.0,15.0,99.0,4.4,0.1,4.5,False
2529,20041509,2020,4,15,9,348.0,3.0,32.0,13.0,99.0,3.9,0.5,4.0,False
2530,20041510,2020,4,15,10,6.0,2.0,32.0,13.0,99.0,3.7,3.7,3.8,False
2531,20041511,2020,4,15,11,301.0,1.0,24.0,12.0,89.0,2.8,30.0,4.5,False
2532,20041512,2020,4,15,12,319.0,2.0,21.0,13.0,69.0,1.4,30.0,6.7,False
2533,20041513,2020,4,15,13,296.0,4.0,28.0,16.0,64.0,2.1,30.0,8.5,False
2534,20041514,2020,4,15,14,324.0,5.0,34.0,18.0,54.0,0.8,30.0,9.6,False
2535,20041515,2020,4,15,15,305.0,6.0,30.0,18.0,43.0,-1.4,30.0,10.7,False
2536,20041516,2020,4,15,16,309.0,6.0,29.0,18.0,41.0,-1.6,30.0,11.2,False
2537,20041517,2020,4,15,17,337.0,6.0,27.0,14.0,39.0,-1.2,30.0,12.3,False
2538,20041518,2020,4,15,18,328.0,7.0,27.0,9.0,38.0,-2.2,30.0,11.6,False
2539,20041519,2020,4,15,19,327.0,5.0,26.0,10.0,43.0,-1.0,30.0,11.1,False
2540,20041520,2020,4,15,20,309.0,7.0,26.0,12.0,51.0,0.3,30.0,10.0,False
2541,20041521,2020,4,15,21,322.0,4.0,26.0,13.0,54.0,-0.2,30.0,8.6,False
2542,20041522,2020,4,15,22,324.0,2.0,26.0,15.0,62.0,0.5,30.0,7.3,False
2543,20041523,2020,4,15,23,320.0,1.0,30.0,19.0,73.0,1.8,30.0,6.3,False
2544,20041600,2020,4,16,0,335.0,1.0,33.0,20.0,76.0,2.0,30.0,5.9,False
2545,20041601,2020,4,16,1,348.0,0.0,36.0,22.0,79.0,2.0,30.0,5.3,False
2546,20041602,2020,4,16,2,346.0,0.0,37.0,21.0,75.0,0.7,30.0,4.8,False
2547,20041603,2020,4,16,3,0.0,0.0,32.0,20.0,69.0,-0.5,30.0,4.7,False
2548,20041604,2020,4,16,4,309.0,1.0,25.0,16.0,72.0,0.1,30.0,4.7,False
2549,20041605,2020,4,16,5,323.0,1.0,20.0,12.0,79.0,1.2,30.0,4.5,False
2550,20041606,2020,4,16,6,303.0,2.0,15.0,9.0,89.0,1.8,30.0,3.4,False
2551,20041607,2020,4,16,7,303.0,2.0,15.0,9.0,89.0,1.8,30.0,3.4,False
2552,20041608,2020,4,16,8,297.0,1.0,10.0,6.0,75.0,-0.7,30.0,3.3,False
2553,20041609,2020,4,16,9,345.0,2.0,10.0,5.0,65.0,-0.7,30.0,5.3,False
2554,20041610,2020,4,16,10,27.0,0.0,11.0,6.0,58.0,-0.8,30.0,6.9,False
2555,20041611,2020,4,16,11,301.0,1.0,10.0,6.0,59.0,0.7,30.0,8.2,False
2556,20041612,2020,4,16,12,285.0,2.0,11.0,5.0,55.0,0.0,30.0,8.5,False
2557,20041613,2020,4,16,13,317.0,3.0,13.0,6.0,51.0,-0.7,30.0,8.9,False
2558,20041614,2020,4,16,14,316.0,5.0,15.0,7.0,39.0,-3.0,30.0,10.4,False
2559,20041615,2020,4,16,15,317.0,5.0,25.0,25.0,40.0,-2.1,30.0,11.0,False
2560,20041616,2020,4,16,16,314.0,9.0,19.0,7.0,41.0,-1.8,30.0,10.9,False
2561,20041617,2020,4,16,17,307.0,7.0,44.0,7.0,41.0,-1.9,30.0,10.8,False
2562,20041618,2020,4,16,18,316.0,7.0,59.0,55.0,44.0,-1.2,30.0,10.5,False
2563,20041619,2020,4,16,19,305.0,7.0,56.0,40.0,46.0,-1.7,30.0,9.3,False
2564,20041620,2020,4,16,20,319.0,5.0,48.0,30.0,42.0,-4.4,30.0,7.7,False
2565,20041621,2020,4,16,21,313.0,5.0,39.0,24.0,47.0,-4.4,30.0,6.1,False
2566,20041622,2020,4,16,22,322.0,2.0,30.0,19.0,49.0,-4.7,30.0,5.1,False
2567,20041623,2020,4,16,23,289.0,1.0,24.0,17.0,51.0,-5.4,30.0,3.8,False
2568,20041700,2020,4,17,0,15.0,1.0,19.0,14.0,49.0,-6.4,30.0,3.3,False
2569,20041701,2020,4,17,1,122.0,0.0,17.0,12.0,50.0,-6.3,30.0,3.1,False
2570,20041702,2020,4,17,2,124.0,2.0,14.0,10.0,51.0,-5.7,30.0,3.5,False
2571,20041703,2020,4,17,3,2.0,0.0,13.0,10.0,47.0,-6.7,30.0,3.5,False
2572,20041704,2020,4,17,4,64.0,2.0,13.0,9.0,36.0,-11.1,30.0,2.4,False
2573,20041705,2020,4,17,5,64.0,0.0,13.0,6.0,28.0,-13.2,30.0,3.6,False
2574,20041706,2020,4,17,6,346.0,1.0,12.0,6.0,50.0,-7.3,30.0,2.0,False
2575,20041707,2020,4,17,7,121.0,0.0,12.0,8.0,58.0,-6.0,30.0,1.3,False
2576,20041708,2020,4,17,8,245.0,1.0,14.0,9.0,61.0,-4.9,30.0,1.8,False
2577,20041709,2020,4,17,9,105.0,1.0,16.0,10.0,57.0,-3.5,30.0,4.3,False
2578,20041710,2020,4,17,10,254.0,1.0,18.0,10.0,54.0,-3.8,30.0,4.7,False
2579,20041711,2020,4,17,11,322.0,1.0,15.0,10.0,50.0,-3.0,30.0,6.7,False
2580,20041712,2020,4,17,12,307.0,3.0,12.0,8.0,48.0,-2.6,30.0,7.7,False
2581,20041713,2020,4,17,13,306.0,4.0,11.0,9.0,47.0,-3.4,30.0,7.1,False
2582,20041714,2020,4,17,14,323.0,2.0,9.0,8.0,50.0,-2.6,30.0,7.1,False
2583,20041715,2020,4,17,15,307.0,3.0,6.0,2.0,50.0,-3.0,30.0,6.7,False
2584,20041716,2020,4,17,16,311.0,1.0,9.0,3.0,53.0,-2.2,30.0,6.7,False
2585,20041717,2020,4,17,17,219.0,0.0,11.0,5.0,47.0,-2.7,30.0,7.9,False
2586,20041718,2020,4,17,18,265.0,2.0,32.0,6.0,48.0,-2.3,30.0,8.0,False
2587,20041719,2020,4,17,19,292.0,4.0,28.0,6.0,50.0,-1.1,30.0,8.7,False
2588,20041720,2020,4,17,20,292.0,4.0,20.0,17.0,52.0,-1.0,30.0,8.3,False
2589,20041721,2020,4,17,21,341.0,1.0,23.0,13.0,54.0,-1.9,30.0,6.7,False
2590,20041722,2020,4,17,22,52.0,0.0,25.0,10.0,57.0,-2.4,30.0,5.4,False
2591,20041723,2020,4,17,23,3.0,0.0,25.0,9.0,57.0,-3.0,30.0,4.8,False
2592,20041800,2020,4,18,0,123.0,1.0,24.0,11.0,58.0,-3.5,30.0,4.0,False
2593,20041801,2020,4,18,1,127.0,2.0,20.0,11.0,61.0,-2.8,30.0,4.0,False
2594,20041802,2020,4,18,2,11.0,0.0,16.0,10.0,55.0,-4.3,30.0,3.9,False
2595,20041803,2020,4,18,3,61.0,1.0,16.0,12.0,52.0,-5.5,30.0,3.4,False
2596,20041804,2020,4,18,4,60.0,1.0,15.0,12.0,50.0,-6.4,30.0,3.0,False
2597,20041805,2020,4,18,5,94.0,1.0,13.0,12.0,51.0,-6.5,30.0,2.6,False
2598,20041806,2020,4,18,6,92.0,2.0,13.0,10.0,50.0,-6.7,30.0,2.7,False
2599,20041807,2020,4,18,7,68.0,1.0,14.0,8.0,59.0,-4.0,30.0,3.2,False
2600,20041808,2020,4,18,8,96.0,1.0,13.0,8.0,71.0,-0.8,30.0,4.0,False
2601,20041809,2020,4,18,9,345.0,1.0,13.0,8.0,58.0,-2.1,30.0,5.5,False
2602,20041810,2020,4,18,10,329.0,1.0,14.0,6.0,45.0,-4.7,30.0,6.4,False
2603,20041811,2020,4,18,11,350.0,2.0,14.0,6.0,45.0,-3.3,30.0,7.9,False
2604,20041812,2020,4,18,12,322.0,2.0,9.0,5.0,36.0,-5.5,30.0,8.7,False
2605,20041813,2020,4,18,13,291.0,3.0,6.0,2.0,23.0,-9.8,30.0,10.4,False
2606,20041814,2020,4,18,14,283.0,4.0,9.0,2.0,34.0,-4.2,30.0,11.1,False
2607,20041815,2020,4,18,15,309.0,4.0,16.0,6.0,33.0,-3.4,30.0,12.4,False
2608,20041816,2020,4,18,16,303.0,6.0,24.0,11.0,31.0,-3.9,30.0,12.8,False
2609,20041817,2020,4,18,17,303.0,5.0,30.0,15.0,29.0,-4.7,30.0,12.9,False
2610,20041818,2020,4,18,18,315.0,7.0,35.0,17.0,32.0,-3.6,30.0,12.7,False
2611,20041819,2020,4,18,19,323.0,5.0,34.0,20.0,30.0,-4.8,30.0,12.3,False
2612,20041820,2020,4,18,20,309.0,7.0,32.0,20.0,31.0,-5.1,30.0,11.4,False
2613,20041821,2020,4,18,21,307.0,5.0,29.0,19.0,32.0,-5.8,30.0,10.2,False
2614,20041822,2020,4,18,22,282.0,4.0,23.0,17.0,37.0,-5.5,30.0,8.3,False
2615,20041823,2020,4,18,23,287.0,2.0,17.0,15.0,35.0,-7.0,30.0,7.5,False
2616,20041900,2020,4,19,0,44.0,1.0,15.0,12.0,34.0,-7.9,30.0,6.9,False
2617,20041901,2020,4,19,1,353.0,1.0,16.0,10.0,33.0,-8.3,30.0,6.9,False
2618,20041902,2020,4,19,2,54.0,0.0,14.0,10.0,34.0,-8.1,30.0,6.7,False
2619,20041903,2020,4,19,3,25.0,2.0,12.0,10.0,47.0,-3.8,30.0,6.7,False
2620,20041904,2020,4,19,4,45.0,1.0,11.0,9.0,56.0,-1.8,30.0,6.3,False
2621,20041905,2020,4,19,5,88.0,1.0,10.0,8.0,56.0,-2.6,30.0,5.5,False
2622,20041906,2020,4,19,6,70.0,1.0,10.0,6.0,55.0,-2.4,30.0,5.9,False
2623,20041907,2020,4,19,7,70.0,1.0,10.0,6.0,55.0,-2.4,30.0,5.9,False
2624,20041908,2020,4,19,8,308.0,1.0,15.0,9.0,64.0,0.0,30.0,6.3,False
2625,20041909,2020,4,19,9,161.0,1.0,17.0,10.0,51.0,-1.4,30.0,8.1,False
2626,20041910,2020,4,19,10,162.0,0.0,14.0,8.0,30.0,-6.6,30.0,10.2,False
2627,20041911,2020,4,19,11,303.0,2.0,7.0,7.0,33.0,-5.0,30.0,10.6,False
2628,20041912,2020,4,19,12,282.0,2.0,53.0,15.0,31.0,-5.3,30.0,11.2,False
2629,20041913,2020,4,19,13,276.0,4.0,45.0,13.0,32.0,-4.4,30.0,11.8,False
2630,20041914,2020,4,19,14,226.0,3.0,3.0,2.0,32.0,-4.2,30.0,12.0,False
2631,20041915,2020,4,19,15,280.0,1.0,14.0,3.0,31.0,-4.6,30.0,12.0,False
2632,20041916,2020,4,19,16,180.0,4.0,23.0,9.0,34.0,-3.1,30.0,12.3,False
2633,20041917,2020,4,19,17,197.0,4.0,28.0,12.0,34.0,-2.4,30.0,13.1,False
2634,20041918,2020,4,19,18,180.0,4.0,30.0,13.0,36.0,-1.6,30.0,13.1,False
2635,20041919,2020,4,19,19,173.0,4.0,34.0,16.0,34.0,-3.5,30.0,11.8,False
2636,20041920,2020,4,19,20,281.0,7.0,34.0,19.0,42.0,-2.2,30.0,10.1,False
2637,20041921,2020,4,19,21,133.0,3.0,36.0,19.0,39.0,-3.0,26.4,10.4,False
2638,20041922,2020,4,19,22,158.0,4.0,38.0,20.0,40.0,-3.9,30.0,9.0,False
2639,20041923,2020,4,19,23,214.0,3.0,36.0,24.0,44.0,-3.2,30.0,8.3,False
2640,20042000,2020,4,20,0,265.0,5.0,32.0,25.0,67.0,1.2,30.0,6.9,False
2641,20042001,2020,4,20,1,60.0,1.0,28.0,23.0,62.0,0.5,30.0,7.3,False
2642,20042002,2020,4,20,2,110.0,1.0,25.0,21.0,65.0,0.1,30.0,6.2,False
2643,20042003,2020,4,20,3,115.0,2.0,22.0,19.0,62.0,-0.9,30.0,5.8,False
2644,20042004,2020,4,20,4,329.0,1.0,17.0,14.0,51.0,-2.0,30.0,7.5,False
2645,20042005,2020,4,20,5,102.0,4.0,12.0,10.0,66.0,0.4,21.2,6.3,False
2646,20042006,2020,4,20,6,162.0,4.0,9.0,7.0,50.0,-2.3,30.0,7.4,False
2647,20042007,2020,4,20,7,162.0,4.0,9.0,7.0,50.0,-2.3,30.0,7.4,False
2648,20042008,2020,4,20,8,157.0,5.0,8.0,4.0,42.0,-5.5,30.0,6.5,False
2649,20042009,2020,4,20,9,155.0,4.0,8.0,4.0,41.0,-2.5,30.0,10.1,False
2650,20042010,2020,4,20,10,210.0,3.0,8.0,5.0,36.0,-3.6,30.0,10.9,False
2651,20042011,2020,4,20,11,295.0,4.0,44.0,13.0,33.0,-4.4,30.0,11.3,False
2652,20042012,2020,4,20,12,186.0,2.0,5.0,4.0,31.0,-5.4,30.0,11.1,False
2653,20042013,2020,4,20,13,281.0,1.0,5.0,4.0,28.0,-5.9,30.0,12.0,False
2654,20042014,2020,4,20,14,95.0,0.0,10.0,3.0,27.0,-5.6,30.0,12.9,False
2655,20042015,2020,4,20,15,267.0,2.0,22.0,7.0,26.0,-5.6,30.0,13.5,False
2656,20042016,2020,4,20,16,258.0,4.0,26.0,12.0,28.0,-4.0,30.0,14.2,False
2657,20042017,2020,4,20,17,62.0,4.0,16.0,8.0,31.0,-4.0,30.0,12.7,False
2658,20042018,2020,4,20,18,9.0,2.0,7.0,3.0,36.0,-1.9,30.0,12.8,False
2659,20042019,2020,4,20,19,11.0,3.0,5.0,3.0,31.0,-4.0,30.0,12.7,False
2660,20042020,2020,4,20,20,8.0,3.0,10.0,6.0,30.0,-4.5,14.9,12.6,False
2661,20042021,2020,4,20,21,22.0,2.0,16.0,9.0,32.0,-4.8,30.0,11.3,False
2662,20042022,2020,4,20,22,84.0,3.0,16.0,12.0,38.0,-3.3,30.0,10.4,False
2663,20042023,2020,4,20,23,93.0,2.0,16.0,14.0,39.0,-3.8,30.0,9.4,False
2664,20042100,2020,4,21,0,123.0,4.0,16.0,13.0,42.0,-3.9,30.0,8.3,False
2665,20042101,2020,4,21,1,108.0,3.0,18.0,10.0,40.0,-4.5,30.0,8.3,False
2666,20042102,2020,4,21,2,107.0,2.0,27.0,6.0,39.0,-5.2,30.0,7.9,False
2667,20042103,2020,4,21,3,94.0,2.0,23.0,7.0,41.0,-5.2,30.0,7.2,False
2668,20042104,2020,4,21,4,108.0,3.0,19.0,7.0,44.0,-5.1,30.0,6.3,False
2669,20042105,2020,4,21,5,99.0,3.0,18.0,8.0,43.0,-4.5,30.0,7.2,False
2670,20042106,2020,4,21,6,129.0,1.0,16.0,7.0,43.0,-5.4,30.0,6.3,False
2671,20042107,2020,4,21,7,129.0,1.0,16.0,7.0,43.0,-5.4,30.0,6.3,False
2672,20042108,2020,4,21,8,99.0,3.0,17.0,7.0,34.0,-6.5,30.0,8.5,False
2673,20042109,2020,4,21,9,120.0,2.0,14.0,6.0,30.0,-5.3,30.0,11.7,False
2674,20042110,2020,4,21,10,276.0,3.0,8.0,3.0,28.0,-5.1,30.0,13.0,False
2675,20042111,2020,4,21,11,342.0,1.0,50.0,9.0,27.0,-5.8,30.0,12.7,False
2676,20042112,2020,4,21,12,219.0,2.0,6.0,6.0,27.0,-5.4,30.0,13.2,False
2677,20042113,2020,4,21,13,176.0,7.0,5.0,3.0,34.0,-3.5,30.0,11.8,False
2678,20042114,2020,4,21,14,206.0,6.0,35.0,6.0,47.0,-0.4,30.0,10.4,False
2679,20042115,2020,4,21,15,184.0,5.0,14.0,2.0,37.0,-2.1,30.0,12.1,False
2680,20042116,2020,4,21,16,236.0,4.0,25.0,10.0,27.0,-4.3,30.0,14.4,False
2681,20042117,2020,4,21,17,245.0,4.0,30.0,24.0,25.0,-5.0,30.0,14.8,False
2682,20042118,2020,4,21,18,70.0,1.0,31.0,7.0,22.0,-6.4,30.0,15.1,False
2683,20042119,2020,4,21,19,305.0,1.0,39.0,7.0,16.0,-10.2,30.0,15.5,False
2684,20042120,2020,4,21,20,313.0,5.0,24.0,19.0,22.0,-7.6,30.0,13.7,False
2685,20042121,2020,4,21,21,154.0,0.0,25.0,16.0,23.0,-8.6,30.0,11.9,False
2686,20042122,2020,4,21,22,138.0,1.0,27.0,15.0,29.0,-7.3,30.0,9.9,False
2687,20042123,2020,4,21,23,137.0,2.0,25.0,17.0,33.0,-6.1,30.0,9.3,False
2688,20042200,2020,4,22,0,124.0,4.0,21.0,15.0,35.0,-5.8,30.0,8.8,False
2689,20042201,2020,4,22,1,118.0,4.0,19.0,15.0,36.0,-5.6,30.0,8.6,False
2690,20042202,2020,4,22,2,113.0,3.0,20.0,12.0,38.0,-5.4,30.0,8.0,False
2691,20042203,2020,4,22,3,78.0,4.0,20.0,11.0,35.0,-5.5,30.0,9.1,False
2692,20042204,2020,4,22,4,95.0,4.0,18.0,10.0,22.0,-10.6,30.0,10.2,False
2693,20042205,2020,4,22,5,84.0,4.0,15.0,9.0,23.0,-10.8,30.0,9.3,False
2694,20042206,2020,4,22,6,95.0,5.0,12.0,7.0,24.0,-9.9,30.0,9.7,False
2695,20042207,2020,4,22,7,95.0,5.0,12.0,7.0,24.0,-9.9,30.0,9.7,False
2696,20042208,2020,4,22,8,94.0,5.0,10.0,7.0,17.0,-13.4,30.0,10.6,False
2697,20042209,2020,4,22,9,95.0,6.0,7.0,7.0,13.0,-15.3,30.0,12.3,False
2698,20042210,2020,4,22,10,101.0,4.0,75.0,17.0,12.0,-15.0,30.0,14.0,False
2699,20042211,2020,4,22,11,243.0,5.0,65.0,14.0,18.0,-9.8,30.0,14.2,False
2700,20042212,2020,4,22,12,308.0,2.0,53.0,13.0,16.0,-10.5,30.0,15.1,False
2701,20042213,2020,4,22,13,93.0,2.0,64.0,13.0,14.0,-11.6,30.0,15.9,False
2702,20042214,2020,4,22,14,323.0,2.0,10.0,6.0,13.0,-12.1,30.0,16.4,False
2703,20042215,2020,4,22,15,162.0,2.0,24.0,14.0,14.0,-11.1,30.0,16.5,False
2704,20042216,2020,4,22,16,315.0,3.0,35.0,18.0,12.0,-12.7,30.0,16.9,False
2705,20042217,2020,4,22,17,281.0,3.0,32.0,16.0,11.0,-13.4,30.0,17.3,False
2706,20042218,2020,4,22,18,18.0,5.0,20.0,12.0,9.0,-15.8,30.0,17.4,False
2707,20042219,2020,4,22,19,30.0,4.0,12.0,11.0,8.0,-17.9,30.0,16.5,False
2708,20042220,2020,4,22,20,55.0,3.0,15.0,10.0,8.0,-18.3,30.0,16.0,False
2709,20042221,2020,4,22,21,61.0,3.0,24.0,7.0,8.0,-19.6,30.0,14.3,False
2710,20042222,2020,4,22,22,97.0,4.0,27.0,8.0,9.0,-19.0,30.0,13.2,False
2711,20042223,2020,4,22,23,118.0,5.0,25.0,14.0,11.0,-18.3,30.0,11.1,False
2712,20042300,2020,4,23,0,115.0,5.0,22.0,14.0,12.0,-17.7,30.0,10.5,False
2713,20042301,2020,4,23,1,105.0,3.0,20.0,13.0,11.0,-18.6,30.0,10.7,False
2714,20042302,2020,4,23,2,126.0,6.0,19.0,13.0,13.0,-17.3,30.0,9.8,False
2715,20042303,2020,4,23,3,138.0,4.0,16.0,10.0,14.0,-17.0,30.0,9.1,False
2716,20042304,2020,4,23,4,162.0,3.0,14.0,9.0,15.0,-17.5,30.0,7.5,False
2717,20042305,2020,4,23,5,114.0,3.0,12.0,8.0,15.0,-16.9,30.0,8.2,False
2718,20042306,2020,4,23,6,86.0,3.0,13.0,7.0,15.0,-17.4,30.0,7.6,False
2719,20042307,2020,4,23,7,86.0,3.0,13.0,7.0,15.0,-17.4,30.0,7.6,False
2720,20042308,2020,4,23,8,81.0,2.0,14.0,6.0,15.0,-16.6,30.0,8.6,False
2721,20042309,2020,4,23,9,75.0,2.0,14.0,5.0,12.0,-16.4,30.0,12.2,False
2722,20042310,2020,4,23,10,52.0,1.0,11.0,3.0,9.0,-17.9,30.0,14.6,False
2723,20042311,2020,4,23,11,243.0,5.0,65.0,14.0,18.0,-9.8,30.0,14.2,False
2724,20042312,2020,4,23,12,53.0,4.0,14.0,6.0,7.0,-19.8,30.0,16.1,False
2725,20042313,2020,4,23,13,62.0,6.0,11.0,5.0,7.0,-19.7,30.0,16.2,False
2726,20042314,2020,4,23,14,75.0,5.0,14.0,6.0,6.0,-21.1,30.0,16.7,False
2727,20042315,2020,4,23,15,16.0,2.0,20.0,10.0,6.0,-20.6,30.0,17.4,False
2728,20042316,2020,4,23,16,264.0,5.0,27.0,14.0,6.0,-19.9,30.0,18.3,False
2729,20042317,2020,4,23,17,145.0,2.0,35.0,16.0,5.0,-22.5,30.0,17.6,False
2730,20042318,2020,4,23,18,302.0,2.0,43.0,18.0,5.0,-22.4,30.0,17.8,False
2731,20042319,2020,4,23,19,216.0,5.0,48.0,19.0,5.0,-23.0,30.0,17.0,False
2732,20042320,2020,4,23,20,48.0,5.0,55.0,21.0,5.0,-23.7,30.0,15.9,False
2733,20042321,2020,4,23,21,86.0,4.0,57.0,20.0,6.0,-23.0,30.0,14.1,False
2734,20042322,2020,4,23,22,98.0,4.0,56.0,19.0,7.0,-22.0,30.0,13.1,False
2735,20042323,2020,4,23,23,108.0,3.0,53.0,27.0,7.0,-23.3,30.0,11.4,False
2736,20042400,2020,4,24,0,119.0,6.0,48.0,32.0,9.0,-21.8,30.0,9.6,False
2737,20042401,2020,4,24,1,93.0,3.0,42.0,26.0,8.0,-23.0,30.0,9.8,False
2738,20042402,2020,4,24,2,111.0,4.0,34.0,21.0,9.0,-22.1,30.0,9.2,False
2739,20042403,2020,4,24,3,122.0,6.0,29.0,17.0,11.0,-20.8,30.0,7.9,False
2740,20042404,2020,4,24,4,123.0,5.0,26.0,21.0,10.0,-21.5,30.0,8.4,False
2741,20042405,2020,4,24,5,117.0,5.0,24.0,20.0,10.0,-20.4,30.0,9.8,False
2742,20042406,2020,4,24,6,115.0,5.0,22.0,13.0,11.0,-19.7,30.0,9.3,False
2743,20042407,2020,4,24,7,124.0,5.0,24.0,11.0,11.0,-20.2,30.0,8.7,False
2744,20042408,2020,4,24,8,135.0,3.0,27.0,10.0,12.0,-18.8,30.0,9.2,False
2745,20042409,2020,4,24,9,116.0,3.0,30.0,11.0,9.0,-19.2,30.0,12.9,False
2746,20042410,2020,4,24,10,265.0,0.0,33.0,11.0,7.0,-20.6,30.0,15.0,False
2747,20042411,2020,4,24,11,28.0,3.0,27.0,10.0,6.0,-21.3,30.0,16.4,False
2748,20042412,2020,4,24,12,83.0,3.0,21.0,8.0,6.0,-21.0,30.0,16.9,False
2749,20042413,2020,4,24,13,63.0,3.0,19.0,10.0,6.0,-20.2,30.0,17.9,False
2750,20042414,2020,4,24,14,41.0,3.0,20.0,11.0,5.0,-21.7,30.0,18.8,False
2751,20042415,2020,4,24,15,172.0,7.0,24.0,10.0,4.0,-23.1,30.0,20.4,False
2752,20042416,2020,4,24,16,173.0,7.0,26.0,10.0,4.0,-23.5,30.0,19.8,False
2753,20042417,2020,4,24,17,162.0,8.0,28.0,11.0,4.0,-23.6,30.0,19.6,False
2754,20042418,2020,4,24,18,140.0,5.0,29.0,22.0,4.0,-23.8,30.0,19.4,False
2755,20042419,2020,4,24,19,191.0,7.0,32.0,17.0,5.0,-21.5,30.0,19.0,False
2756,20042420,2020,4,24,20,178.0,5.0,34.0,12.0,5.0,-22.3,30.0,17.9,False
2757,20042421,2020,4,24,21,144.0,4.0,33.0,8.0,7.0,-21.3,30.0,14.0,False
2758,20042422,2020,4,24,22,114.0,4.0,33.0,10.0,8.0,-20.5,30.0,13.1,False
2759,20042423,2020,4,24,23,113.0,4.0,34.0,15.0,9.0,-19.7,30.0,12.3,False
2760,20042500,2020,4,25,0,159.0,7.0,36.0,18.0,5.0,-25.1,30.0,14.0,False
2761,20042501,2020,4,25,1,157.0,4.0,41.0,20.0,6.0,-24.6,30.0,11.9,False
2762,20042502,2020,4,25,2,147.0,5.0,46.0,23.0,5.0,-25.9,30.0,12.9,False
2763,20042503,2020,4,25,3,86.0,2.0,49.0,23.0,6.0,-24.2,30.0,12.4,False
2764,20042504,2020,4,25,4,94.0,3.0,50.0,23.0,5.0,-25.3,30.0,13.7,False
2765,20042505,2020,4,25,5,93.0,4.0,47.0,21.0,5.0,-25.6,30.0,13.3,False
2766,20042506,2020,4,25,6,78.0,4.0,44.0,20.0,5.0,-26.0,30.0,12.7,False
2767,20042507,2020,4,25,7,79.0,5.0,40.0,18.0,5.0,-26.3,30.0,12.3,False
2768,20042508,2020,4,25,8,79.0,4.0,39.0,16.0,5.0,-25.3,30.0,13.8,False
2769,20042509,2020,4,25,9,88.0,2.0,40.0,14.0,6.0,-21.6,30.0,16.0,False
2770,20042510,2020,4,25,10,60.0,2.0,39.0,12.0,4.0,-25.0,30.0,17.6,False
2771,20042511,2020,4,25,11,134.0,6.0,32.0,14.0,4.0,-24.2,30.0,18.8,False
2772,20042512,2020,4,25,12,42.0,2.0,29.0,18.0,4.0,-23.5,30.0,19.8,False
2773,20042513,2020,4,25,13,271.0,1.0,28.0,19.0,4.0,-23.1,30.0,20.3,False
2774,20042514,2020,4,25,14,181.0,6.0,27.0,16.0,3.0,-25.7,30.0,21.2,False
2775,20042515,2020,4,25,15,175.0,10.0,29.0,14.0,3.0,-25.2,30.0,22.0,False
2776,20042516,2020,4,25,16,189.0,9.0,31.0,14.0,3.0,-24.9,30.0,22.4,False
2777,20042517,2020,4,25,17,179.0,10.0,33.0,15.0,3.0,-24.9,30.0,22.4,False
2778,20042518,2020,4,25,18,166.0,9.0,37.0,16.0,3.0,-25.3,30.0,21.9,False
2779,20042519,2020,4,25,19,167.0,7.0,40.0,18.0,3.0,-25.7,30.0,21.2,False
2780,20042520,2020,4,25,20,175.0,7.0,42.0,20.0,3.0,-26.5,30.0,20.0,False
2781,20042521,2020,4,25,21,168.0,6.0,45.0,19.0,3.0,-28.4,30.0,17.2,False
2782,20042522,2020,4,25,22,138.0,4.0,43.0,17.0,3.0,-29.7,30.0,15.4,False
2783,20042523,2020,4,25,23,144.0,5.0,38.0,14.0,4.0,-27.6,30.0,13.9,False
2784,20042600,2020,4,26,0,141.0,4.0,35.0,15.0,5.0,-26.5,30.0,12.1,False
2785,20042601,2020,4,26,1,135.0,5.0,30.0,16.0,5.0,-26.2,30.0,12.5,False
2786,20042602,2020,4,26,2,125.0,5.0,24.0,13.0,5.0,-26.1,30.0,12.6,False
2787,20042603,2020,4,26,3,122.0,7.0,20.0,9.0,6.0,-24.2,30.0,12.4,False
2788,20042604,2020,4,26,4,116.0,5.0,18.0,8.0,5.0,-25.8,30.0,13.1,False
2789,20042605,2020,4,26,5,109.0,5.0,19.0,9.0,5.0,-25.2,30.0,13.9,False
2790,20042606,2020,4,26,6,100.0,4.0,22.0,11.0,5.0,-25.9,30.0,12.9,False
2791,20042607,2020,4,26,7,112.0,5.0,25.0,13.0,5.0,-26.4,30.0,12.2,False
2792,20042608,2020,4,26,8,101.0,3.0,28.0,15.0,5.0,-25.0,30.0,14.1,False
2793,20042609,2020,4,26,9,83.0,0.0,30.0,18.0,5.0,-22.3,30.0,17.9,False
2794,20042610,2020,4,26,10,0.0,0.0,26.0,19.0,3.0,-25.7,30.0,21.2,False
2795,20042611,2020,4,26,11,175.0,1.0,22.0,19.0,4.0,-22.6,30.0,21.1,False
2796,20042612,2020,4,26,12,171.0,3.0,23.0,19.0,3.0,-24.9,30.0,22.4,False
2797,20042613,2020,4,26,13,198.0,5.0,26.0,17.0,3.0,-24.7,30.0,22.8,False
2798,20042614,2020,4,26,14,182.0,7.0,29.0,16.0,3.0,-24.0,30.0,23.7,False
2799,20042615,2020,4,26,15,185.0,8.0,34.0,16.0,3.0,-23.9,30.0,23.9,False
2800,20042616,2020,4,26,16,175.0,9.0,39.0,27.0,3.0,-23.7,30.0,24.2,False
2801,20042617,2020,4,26,17,162.0,8.0,42.0,34.0,3.0,-23.6,30.0,24.3,False
2802,20042618,2020,4,26,18,163.0,8.0,74.0,15.0,3.0,-24.1,30.0,23.6,False
2803,20042619,2020,4,26,19,174.0,8.0,70.0,19.0,3.0,-24.5,30.0,23.1,False
2804,20042620,2020,4,26,20,165.0,6.0,77.0,16.0,3.0,-25.3,30.0,21.9,False
2805,20042621,2020,4,26,21,146.0,5.0,99.0,18.0,5.0,-22.6,30.0,17.5,False
2806,20042622,2020,4,26,22,142.0,6.0,94.0,20.0,4.0,-25.4,30.0,17.1,False
2807,20042623,2020,4,26,23,144.0,5.0,32.0,15.0,4.0,-25.5,30.0,16.9,False
2808,20042700,2020,4,27,0,130.0,6.0,28.0,10.0,4.0,-25.5,30.0,17.0,False
2809,20042701,2020,4,27,1,142.0,7.0,26.0,10.0,4.0,-26.3,30.0,15.8,False
2810,20042702,2020,4,27,2,157.0,9.0,96.0,24.0,5.0,-24.2,30.0,15.2,False
2811,20042703,2020,4,27,3,149.0,6.0,19.0,10.0,6.0,-23.7,30.0,13.2,False
2812,20042704,2020,4,27,4,148.0,7.0,18.0,8.0,6.0,-23.0,30.0,14.1,False
2813,20042705,2020,4,27,5,158.0,9.0,19.0,14.0,5.0,-24.2,30.0,15.2,False
2814,20042706,2020,4,27,6,144.0,7.0,20.0,18.0,6.0,-23.2,30.0,13.8,False
2815,20042707,2020,4,27,7,144.0,7.0,20.0,18.0,6.0,-23.2,30.0,13.8,False
2816,20042708,2020,4,27,8,129.0,4.0,23.0,8.0,6.0,-22.6,30.0,14.6,False
2817,20042709,2020,4,27,9,113.0,3.0,24.0,8.0,5.0,-21.8,30.0,18.6,False
2818,20042710,2020,4,27,10,158.0,6.0,23.0,10.0,4.0,-23.3,30.0,20.1,False
2819,20042711,2020,4,27,11,157.0,7.0,27.0,14.0,4.0,-22.7,30.0,20.9,False
2820,20042712,2020,4,27,12,193.0,8.0,31.0,15.0,4.0,-22.3,30.0,21.5,False
2821,20042713,2020,4,27,13,161.0,7.0,31.0,22.0,4.0,-22.0,30.0,22.0,False
2822,20042714,2020,4,27,14,191.0,9.0,32.0,18.0,4.0,-21.4,30.0,22.8,False
2823,20042715,2020,4,27,15,187.0,7.0,36.0,14.0,4.0,-21.1,30.0,23.2,False
2824,20042716,2020,4,27,16,187.0,7.0,39.0,13.0,4.0,-20.6,29.2,23.9,False
2825,20042717,2020,4,27,17,178.0,7.0,40.0,14.0,5.0,-18.4,30.0,23.4,False
2826,20042718,2020,4,27,18,189.0,8.0,39.0,20.0,5.0,-18.6,30.0,23.1,False
2827,20042719,2020,4,27,19,219.0,7.0,43.0,26.0,4.0,-21.8,30.0,22.3,False
2828,20042720,2020,4,27,20,203.0,3.0,45.0,20.0,4.0,-22.6,30.0,21.1,False
2829,20042721,2020,4,27,21,162.0,4.0,48.0,19.0,6.0,-21.4,30.0,16.3,False
2830,20042722,2020,4,27,22,224.0,5.0,44.0,17.0,6.0,-21.4,30.0,16.3,False
2831,20042723,2020,4,27,23,134.0,0.0,40.0,14.0,11.0,-15.7,30.0,14.4,False
2832,20042800,2020,4,28,0,97.0,2.0,33.0,14.0,12.0,-14.3,30.0,14.8,False
2833,20042801,2020,4,28,1,112.0,1.0,30.0,13.0,15.0,-13.1,30.0,12.9,False
2834,20042802,2020,4,28,2,118.0,3.0,192.0,48.0,16.0,-12.5,30.0,12.7,False
2835,20042803,2020,4,28,3,106.0,2.0,30.0,12.0,15.0,-13.0,30.0,13.1,False
2836,20042804,2020,4,28,4,116.0,3.0,22.0,12.0,16.0,-12.2,30.0,13.1,False
2837,20042805,2020,4,28,5,96.0,2.0,20.0,15.0,19.0,-10.0,30.0,13.1,False
2838,20042806,2020,4,28,6,100.0,2.0,22.0,16.0,21.0,-9.2,30.0,12.5,False
2839,20042807,2020,4,28,7,90.0,3.0,25.0,15.0,20.0,-9.3,30.0,13.1,False
2840,20042808,2020,4,28,8,103.0,2.0,26.0,14.0,25.0,-5.3,30.0,14.5,False
2841,20042809,2020,4,28,9,86.0,2.0,26.0,14.0,23.0,-3.5,30.0,17.9,False
2842,20042810,2020,4,28,10,297.0,1.0,27.0,14.0,19.0,-5.2,30.0,18.9,False
2843,20042811,2020,4,28,11,314.0,2.0,25.0,12.0,17.0,-5.7,30.0,20.1,False
2844,20042812,2020,4,28,12,322.0,2.0,28.0,14.0,17.0,-5.1,30.0,20.8,False
2845,20042813,2020,4,28,13,321.0,4.0,31.0,16.0,15.0,-6.4,30.0,21.3,False
2846,20042814,2020,4,28,14,299.0,5.0,33.0,18.0,12.0,-8.5,30.0,22.2,False
2847,20042815,2020,4,28,15,276.0,5.0,35.0,18.0,13.0,-7.2,30.0,22.6,False
2848,20042816,2020,4,28,16,263.0,6.0,40.0,18.0,11.0,-8.9,30.0,23.2,False
2849,20042817,2020,4,28,17,296.0,6.0,44.0,20.0,11.0,-8.7,30.0,23.4,False
2850,20042818,2020,4,28,18,321.0,4.0,47.0,22.0,11.0,-9.0,30.0,23.0,False
2851,20042819,2020,4,28,19,315.0,5.0,50.0,25.0,12.0,-8.3,30.0,22.5,False
2852,20042820,2020,4,28,20,316.0,8.0,51.0,24.0,13.0,-8.1,30.0,21.5,False
2853,20042821,2020,4,28,21,335.0,4.0,51.0,22.0,16.0,-7.1,30.0,19.4,False
2854,20042822,2020,4,28,22,20.0,2.0,52.0,20.0,18.0,-7.0,30.0,17.6,False
2855,20042823,2020,4,28,23,15.0,3.0,48.0,18.0,20.0,-6.2,30.0,16.9,False
2856,20042900,2020,4,29,0,44.0,2.0,41.0,19.0,22.0,-5.5,30.0,16.2,False
2857,20042901,2020,4,29,1,84.0,3.0,35.0,19.0,23.0,-5.4,30.0,15.7,False
2858,20042902,2020,4,29,2,71.0,1.0,28.0,17.0,23.0,-5.8,30.0,15.2,False
2859,20042903,2020,4,29,3,81.0,2.0,23.0,14.0,24.0,-5.7,30.0,14.6,False
2860,20042904,2020,4,29,4,87.0,3.0,22.0,13.0,26.0,-5.0,30.0,14.2,False
2861,20042905,2020,4,29,5,93.0,2.0,20.0,12.0,28.0,-4.2,30.0,14.0,False
2862,20042906,2020,4,29,6,93.0,3.0,22.0,13.0,30.0,-3.6,30.0,13.6,False
2863,20042907,2020,4,29,7,93.0,3.0,22.0,13.0,30.0,-3.6,30.0,13.6,False
2864,20042908,2020,4,29,8,88.0,2.0,23.0,13.0,35.0,-0.3,30.0,15.0,False
2865,20042909,2020,4,29,9,27.0,1.0,23.0,13.0,32.0,1.4,30.0,18.4,False
2866,20042910,2020,4,29,10,30.0,1.0,24.0,15.0,28.0,1.2,30.0,20.3,False
2867,20042911,2020,4,29,11,11.0,2.0,22.0,15.0,25.0,0.6,30.0,21.4,False
2868,20042912,2020,4,29,12,310.0,3.0,23.0,15.0,24.0,0.5,30.0,22.0,False
2869,20042913,2020,4,29,13,256.0,1.0,24.0,16.0,22.0,0.3,30.0,23.2,False
2870,20042914,2020,4,29,14,312.0,3.0,29.0,19.0,19.0,-1.2,30.0,23.8,False
2871,20042915,2020,4,29,15,297.0,3.0,38.0,21.0,17.0,-2.0,30.0,24.6,False
2872,20042916,2020,4,29,16,294.0,5.0,47.0,23.0,15.0,-2.9,30.0,25.6,False
2873,20042917,2020,4,29,17,302.0,4.0,52.0,22.0,15.0,-2.9,30.0,25.7,False
2874,20042918,2020,4,29,18,287.0,3.0,53.0,26.0,16.0,-2.1,30.0,25.6,False
2875,20042919,2020,4,29,19,326.0,5.0,79.0,17.0,16.0,-2.5,30.0,25.0,False
2876,20042920,2020,4,29,20,304.0,4.0,64.0,49.0,15.0,-4.1,30.0,24.1,False
2877,20042921,2020,4,29,21,309.0,2.0,61.0,39.0,18.0,-3.3,30.0,22.1,False
2878,20042922,2020,4,29,22,24.0,0.0,59.0,28.0,19.0,-4.0,30.0,20.4,False
2879,20042923,2020,4,29,23,76.0,1.0,55.0,22.0,22.0,-3.3,30.0,18.9,False
2880,20043000,2020,4,30,0,89.0,2.0,46.0,17.0,23.0,-3.3,30.0,18.2,False
2881,20043001,2020,4,30,1,348.0,1.0,40.0,15.0,24.0,-3.5,30.0,17.2,False
2882,20043002,2020,4,30,2,114.0,0.0,36.0,14.0,29.0,-3.2,30.0,14.6,False
2883,20043003,2020,4,30,3,208.0,1.0,34.0,25.0,42.0,0.6,23.2,13.2,False
2884,20043004,2020,4,30,4,294.0,1.0,34.0,21.0,60.0,3.9,17.8,11.4,False
2885,20043005,2020,4,30,5,119.0,1.0,37.0,18.0,64.0,3.9,22.0,10.4,False
2886,20043006,2020,4,30,6,117.0,4.0,39.0,20.0,26.0,-3.9,30.0,15.5,False
2887,20043007,2020,4,30,7,117.0,4.0,39.0,20.0,26.0,-3.9,30.0,15.5,False
2888,20043008,2020,4,30,8,56.0,1.0,45.0,20.0,37.0,0.4,30.0,14.9,False
2889,20043009,2020,4,30,9,65.0,1.0,50.0,21.0,47.0,4.6,24.4,15.9,False
2890,20043010,2020,4,30,10,331.0,2.0,63.0,25.0,27.0,0.8,28.6,20.4,False
2891,20043011,2020,4,30,11,317.0,3.0,94.0,40.0,33.0,2.9,30.0,19.6,False
2892,20043012,2020,4,30,12,323.0,3.0,116.0,47.0,39.0,4.1,30.0,18.3,False
2893,20043013,2020,4,30,13,313.0,3.0,118.0,44.0,36.0,4.0,30.0,19.5,False
2894,20043014,2020,4,30,14,293.0,3.0,113.0,41.0,30.0,3.1,30.0,21.4,False
2895,20043015,2020,4,30,15,317.0,3.0,110.0,40.0,29.0,3.3,30.0,22.2,False
2896,20043016,2020,4,30,16,301.0,4.0,113.0,43.0,28.0,3.3,30.0,22.7,False
2897,20043017,2020,4,30,17,321.0,4.0,104.0,42.0,27.0,2.4,30.0,22.3,False
2898,20043018,2020,4,30,18,318.0,5.0,82.0,35.0,28.0,2.4,30.0,21.7,False
2899,20043019,2020,4,30,19,328.0,6.0,67.0,28.0,30.0,2.7,30.0,20.9,False
2900,20043020,2020,4,30,20,320.0,7.0,57.0,20.0,33.0,2.8,30.0,19.5,False
2901,20043021,2020,4,30,21,311.0,7.0,54.0,20.0,37.0,2.9,30.0,17.8,False
2902,20043022,2020,4,30,22,312.0,6.0,56.0,23.0,39.0,2.2,30.0,16.2,False
2903,20043023,2020,4,30,23,314.0,6.0,52.0,24.0,40.0,1.5,30.0,15.0,False
2904,20050100,2020,5,1,0,306.0,4.0,51.0,25.0,42.0,1.0,30.0,13.7,False
2905,20050101,2020,5,1,1,341.0,1.0,68.0,37.0,50.0,2.2,30.0,12.3,False
2906,20050102,2020,5,1,2,330.0,1.0,155.0,65.0,51.0,1.8,30.0,11.6,False
2907,20050103,2020,5,1,3,316.0,3.0,192.0,74.0,57.0,2.5,30.0,10.7,False
2908,20050104,2020,5,1,4,308.0,5.0,197.0,77.0,65.0,3.2,30.0,9.4,False
2909,20050105,2020,5,1,5,323.0,3.0,194.0,74.0,80.0,5.3,13.4,8.6,False
2910,20050106,2020,5,1,6,315.0,5.0,159.0,62.0,86.0,5.9,16.0,8.1,False
2911,20050107,2020,5,1,7,315.0,5.0,159.0,62.0,86.0,5.9,16.0,8.1,False
2912,20050108,2020,5,1,8,315.0,3.0,62.0,23.0,97.0,6.6,1.8,7.0,False
2913,20050109,2020,5,1,9,286.0,5.0,38.0,17.0,97.0,7.0,0.5,7.4,False
2914,20050110,2020,5,1,10,301.0,4.0,19.0,14.0,98.0,6.6,0.0,6.9,False
2915,20050111,2020,5,1,11,294.0,3.0,12.0,12.0,98.0,6.6,2.0,6.9,False
2916,20050112,2020,5,1,12,299.0,4.0,18.0,13.0,82.0,5.3,30.0,8.2,False
2917,20050113,2020,5,1,13,331.0,5.0,15.0,12.0,73.0,4.9,30.0,9.5,False
2918,20050114,2020,5,1,14,319.0,7.0,2.0,2.0,68.0,4.9,30.0,10.5,False
2919,20050115,2020,5,1,15,303.0,6.0,27.0,10.0,54.0,3.0,30.0,12.0,False
2920,20050116,2020,5,1,16,310.0,9.0,8.0,3.0,56.0,3.4,30.0,11.9,False
2921,20050117,2020,5,1,17,302.0,6.0,11.0,6.0,55.0,2.7,30.0,11.4,False
2922,20050118,2020,5,1,18,330.0,4.0,15.0,8.0,54.0,3.5,30.0,12.6,False
2923,20050119,2020,5,1,19,306.0,8.0,16.0,8.0,51.0,2.0,30.0,11.8,False
2924,20050120,2020,5,1,20,315.0,8.0,10.0,9.0,47.0,-0.2,30.0,10.6,False
2925,20050121,2020,5,1,21,319.0,5.0,42.0,9.0,51.0,0.2,30.0,9.9,False
2926,20050122,2020,5,1,22,312.0,3.0,6.0,5.0,55.0,0.2,30.0,8.7,False
2927,20050123,2020,5,1,23,345.0,2.0,6.0,2.0,60.0,0.8,30.0,8.1,False
2928,20050200,2020,5,2,0,326.0,2.0,6.0,1.0,64.0,0.8,30.0,7.1,False
2929,20050201,2020,5,2,1,313.0,0.0,5.0,1.0,60.0,-0.4,30.0,6.8,False
2930,20050202,2020,5,2,2,279.0,0.0,64.0,17.0,60.0,-0.9,30.0,6.3,False
2931,20050203,2020,5,2,3,74.0,0.0,2.0,1.0,57.0,-2.0,30.0,5.9,False
2932,20050204,2020,5,2,4,83.0,0.0,33.0,12.0,52.0,-4.0,30.0,5.0,False
2933,20050205,2020,5,2,5,41.0,2.0,4.0,4.0,47.0,-5.9,30.0,4.4,False
2934,20050206,2020,5,2,6,81.0,3.0,7.0,3.0,47.0,-6.5,30.0,3.8,False
2935,20050207,2020,5,2,7,81.0,3.0,7.0,3.0,47.0,-6.5,30.0,3.8,False
2936,20050208,2020,5,2,8,43.0,2.0,8.0,7.0,40.0,-5.9,30.0,6.7,False
2937,20050209,2020,5,2,9,338.0,2.0,35.0,34.0,39.0,-4.7,30.0,8.4,False
2938,20050210,2020,5,2,10,315.0,2.0,64.0,16.0,36.0,-5.1,30.0,9.2,False
2939,20050211,2020,5,2,11,331.0,3.0,31.0,9.0,34.0,-4.3,30.0,10.9,False
2940,20050212,2020,5,2,12,328.0,3.0,39.0,7.0,32.0,-3.6,30.0,12.7,False
2941,20050213,2020,5,2,13,336.0,3.0,29.0,6.0,29.0,-2.9,30.0,15.0,False
2942,20050214,2020,5,2,14,9.0,5.0,25.0,6.0,26.0,-3.1,30.0,16.4,False
2943,20050215,2020,5,2,15,1.0,4.0,18.0,15.0,24.0,-3.5,30.0,17.2,False
2944,20050216,2020,5,2,16,315.0,3.0,19.0,10.0,22.0,-4.5,30.0,17.4,False
2945,20050217,2020,5,2,17,333.0,2.0,21.0,9.0,20.0,-5.7,30.0,17.5,False
2946,20050218,2020,5,2,18,323.0,5.0,21.0,8.0,17.0,-7.8,30.0,17.5,False
2947,20050219,2020,5,2,19,299.0,3.0,19.0,7.0,18.0,-7.1,30.0,17.5,False
2948,20050220,2020,5,2,20,320.0,3.0,18.0,8.0,18.0,-7.8,30.0,16.6,False
2949,20050221,2020,5,2,21,321.0,3.0,19.0,7.0,18.0,-9.0,30.0,15.2,False
2950,20050222,2020,5,2,22,342.0,2.0,19.0,7.0,19.0,-10.2,30.0,12.9,False
2951,20050223,2020,5,2,23,81.0,3.0,17.0,7.0,20.0,-10.3,30.0,11.9,False
2952,20050300,2020,5,3,0,118.0,1.0,15.0,7.0,23.0,-9.5,30.0,10.8,False
2953,20050301,2020,5,3,1,247.0,0.0,12.0,6.0,25.0,-9.2,30.0,9.9,False
2954,20050302,2020,5,3,2,79.0,2.0,10.0,5.0,26.0,-9.0,30.0,9.6,False
2955,20050303,2020,5,3,3,110.0,3.0,8.0,5.0,26.0,-9.0,30.0,9.6,False
2956,20050304,2020,5,3,4,107.0,3.0,8.0,4.0,25.0,-8.7,30.0,10.5,False
2957,20050305,2020,5,3,5,87.0,2.0,10.0,4.0,27.0,-8.2,30.0,9.9,False
2958,20050306,2020,5,3,6,118.0,5.0,7.0,4.0,27.0,-8.3,30.0,9.8,False
2959,20050307,2020,5,3,7,118.0,5.0,7.0,4.0,27.0,-8.3,30.0,9.8,False
2960,20050308,2020,5,3,8,127.0,4.0,9.0,6.0,22.0,-9.0,30.0,12.1,False
2961,20050309,2020,5,3,9,121.0,4.0,10.0,10.0,22.0,-8.7,30.0,12.4,False
2962,20050310,2020,5,3,10,182.0,3.0,101.0,38.0,16.0,-8.9,30.0,17.1,False
2963,20050311,2020,5,3,11,197.0,5.0,134.0,20.0,15.0,-9.2,30.0,17.8,False
2964,20050312,2020,5,3,12,286.0,3.0,81.0,16.0,15.0,-8.8,30.0,18.2,False
2965,20050313,2020,5,3,13,171.0,2.0,52.0,14.0,12.0,-11.0,30.0,19.1,False
2966,20050314,2020,5,3,14,51.0,5.0,5.0,2.0,12.0,-10.6,30.0,19.6,False
2967,20050315,2020,5,3,15,62.0,1.0,11.0,6.0,10.0,-12.2,30.0,20.4,False
2968,20050316,2020,5,3,16,156.0,4.0,18.0,8.0,11.0,-10.7,30.0,20.9,False
2969,20050317,2020,5,3,17,317.0,1.0,23.0,11.0,8.0,-14.7,30.0,20.8,False
2970,20050318,2020,5,3,18,257.0,4.0,25.0,10.0,8.0,-14.4,30.0,21.1,False
2971,20050319,2020,5,3,19,172.0,4.0,26.0,11.0,8.0,-14.8,30.0,20.6,False
2972,20050320,2020,5,3,20,186.0,5.0,29.0,14.0,6.0,-18.8,30.0,19.8,False
2973,20050321,2020,5,3,21,172.0,3.0,32.0,13.0,8.0,-17.4,30.0,17.1,False
2974,20050322,2020,5,3,22,140.0,4.0,31.0,12.0,11.0,-14.8,30.0,15.5,False
2975,20050323,2020,5,3,23,117.0,3.0,29.0,12.0,13.0,-13.8,30.0,14.2,False
2976,20050400,2020,5,4,0,119.0,5.0,24.0,11.0,14.0,-13.5,30.0,13.5,False
2977,20050401,2020,5,4,1,121.0,6.0,17.0,9.0,13.0,-14.5,30.0,13.3,False
2978,20050402,2020,5,4,2,120.0,5.0,89.0,18.0,13.0,-14.9,30.0,12.9,False
2979,20050403,2020,5,4,3,117.0,4.0,10.0,6.0,13.0,-14.8,30.0,13.0,False
2980,20050404,2020,5,4,4,118.0,5.0,10.0,7.0,14.0,-14.3,30.0,12.5,False
2981,20050405,2020,5,4,5,87.0,2.0,10.0,4.0,27.0,-8.2,30.0,9.9,False
2982,20050406,2020,5,4,6,118.0,5.0,18.0,11.0,15.0,-13.2,30.0,12.8,False
2983,20050407,2020,5,4,7,118.0,5.0,18.0,11.0,15.0,-13.2,30.0,12.8,False
2984,20050408,2020,5,4,8,99.0,3.0,15.0,10.0,15.0,-11.3,30.0,15.2,False
2985,20050409,2020,5,4,9,128.0,2.0,13.0,11.0,15.0,-9.8,30.0,17.0,False
2986,20050410,2020,5,4,10,263.0,5.0,14.0,12.0,15.0,-8.9,30.0,18.1,False
2987,20050411,2020,5,4,11,281.0,1.0,16.0,12.0,15.0,-9.7,30.0,17.2,False
2988,20050412,2020,5,4,12,270.0,4.0,16.0,11.0,13.0,-10.8,30.0,18.0,False
2989,20050413,2020,5,4,13,274.0,5.0,19.0,8.0,18.0,-6.7,30.0,17.9,False
2990,20050414,2020,5,4,14,279.0,4.0,24.0,9.0,23.0,-3.3,30.0,18.2,False
2991,20050415,2020,5,4,15,298.0,6.0,34.0,12.0,20.0,-5.7,30.0,17.5,False
2992,20050416,2020,5,4,16,297.0,6.0,41.0,14.0,22.0,-5.4,4.4,16.4,False
2993,20050417,2020,5,4,17,306.0,8.0,45.0,14.0,24.0,-4.4,30.0,16.2,False
2994,20050418,2020,5,4,18,316.0,7.0,50.0,15.0,28.0,-3.0,30.0,15.4,False
2995,20050419,2020,5,4,19,329.0,4.0,49.0,16.0,35.0,-0.9,30.0,14.4,False
2996,20050420,2020,5,4,20,329.0,4.0,45.0,16.0,39.0,0.1,30.0,13.8,False
2997,20050421,2020,5,4,21,320.0,2.0,38.0,16.0,42.0,0.2,30.0,12.8,False
2998,20050422,2020,5,4,22,301.0,0.0,30.0,16.0,46.0,0.3,30.0,11.5,False
2999,20050423,2020,5,4,23,231.0,1.0,25.0,16.0,51.0,0.2,30.0,9.9,False
3000,20050500,2020,5,5,0,174.0,2.0,19.0,14.0,52.0,0.0,30.0,9.4,False
3001,20050501,2020,5,5,1,168.0,1.0,14.0,11.0,54.0,0.1,30.0,8.9,False
3002,20050502,2020,5,5,2,184.0,2.0,88.0,23.0,60.0,0.8,30.0,8.1,False
3003,20050503,2020,5,5,3,158.0,0.0,100.0,30.0,62.0,1.2,30.0,8.0,False
3004,20050504,2020,5,5,4,88.0,1.0,103.0,31.0,65.0,1.4,30.0,7.6,False
3005,20050505,2020,5,5,5,83.0,3.0,3.0,2.0,67.0,1.7,30.0,7.4,False
3006,20050506,2020,5,5,6,79.0,3.0,112.0,30.0,68.0,1.8,30.0,7.3,False
3007,20050507,2020,5,5,7,79.0,3.0,99.0,30.0,68.0,1.8,30.0,7.3,False
3008,20050508,2020,5,5,8,81.0,2.0,8.0,1.0,60.0,1.8,30.0,9.1,False
3009,20050509,2020,5,5,9,319.0,3.0,8.0,1.0,50.0,0.8,30.0,10.8,False
3010,20050510,2020,5,5,10,347.0,2.0,105.0,27.0,47.0,0.5,30.0,11.4,False
3011,20050511,2020,5,5,11,258.0,1.0,81.0,22.0,38.0,-0.9,30.0,13.1,False
3012,20050512,2020,5,5,12,269.0,1.0,92.0,20.0,36.0,-0.9,30.0,13.9,False
3013,20050513,2020,5,5,13,296.0,5.0,78.0,15.0,31.0,-2.0,30.0,15.0,False
3014,20050514,2020,5,5,14,293.0,7.0,11.0,6.0,30.0,-2.0,30.0,15.5,False
3015,20050515,2020,5,5,15,294.0,6.0,21.0,10.0,34.0,-0.9,30.0,14.8,False
3016,20050516,2020,5,5,16,322.0,7.0,27.0,13.0,43.0,1.4,30.0,13.7,False
3017,20050517,2020,5,5,17,320.0,7.0,28.0,11.0,47.0,1.8,30.0,12.8,False
3018,20050518,2020,5,5,18,309.0,6.0,29.0,10.0,51.0,2.2,30.0,12.0,False
3019,20050519,2020,5,5,19,317.0,6.0,27.0,9.0,54.0,1.9,30.0,10.8,False
3020,20050520,2020,5,5,20,319.0,8.0,32.0,12.0,49.0,-1.1,30.0,9.0,False
3021,20050521,2020,5,5,21,8.0,4.0,92.0,32.0,61.0,0.1,30.0,7.1,False
3022,20050522,2020,5,5,22,358.0,4.0,120.0,44.0,56.0,-1.2,30.0,7.0,False
3023,20050523,2020,5,5,23,291.0,5.0,100.0,39.0,46.0,-5.0,30.0,5.7,False
3024,20050600,2020,5,6,0,316.0,1.0,61.0,26.0,39.0,-8.3,30.0,4.5,False
3025,20050601,2020,5,6,1,320.0,7.0,38.0,16.0,40.0,-8.6,30.0,3.8,False
3026,20050602,2020,5,6,2,303.0,7.0,7.0,7.0,54.0,-6.8,25.5,1.5,False
3027,20050603,2020,5,6,3,305.0,5.0,12.0,2.0,55.0,-7.7,30.0,0.3,False
3028,20050604,2020,5,6,4,351.0,1.0,37.0,16.0,59.0,-7.6,30.0,-0.6,False
3029,20050605,2020,5,6,5,36.0,1.0,42.0,15.0,57.0,-8.2,30.0,-0.7,False
3030,20050606,2020,5,6,6,76.0,0.0,23.0,17.0,54.0,-8.6,30.0,-0.4,False
3031,20050607,2020,5,6,7,76.0,0.0,23.0,17.0,54.0,-8.6,30.0,-0.4,False
3032,20050608,2020,5,6,8,72.0,0.0,4.0,3.0,51.0,-7.9,30.0,1.1,False
3033,20050609,2020,5,6,9,337.0,1.0,38.0,10.0,42.0,-8.3,30.0,3.4,False
3034,20050610,2020,5,6,10,35.0,4.0,40.0,8.0,41.0,-8.0,30.0,4.1,False
3035,20050611,2020,5,6,11,302.0,4.0,29.0,8.0,39.0,-8.2,30.0,4.6,False
3036,20050612,2020,5,6,12,321.0,5.0,32.0,8.0,36.0,-8.6,30.0,5.2,False
3037,20050613,2020,5,6,13,292.0,5.0,31.0,7.0,34.0,-9.0,30.0,5.6,False
3038,20050614,2020,5,6,14,296.0,7.0,21.0,12.0,34.0,-8.6,30.0,6.1,False
3039,20050615,2020,5,6,15,303.0,10.0,33.0,29.0,35.0,-9.1,30.0,5.1,False
3040,20050616,2020,5,6,16,291.0,10.0,37.0,4.0,46.0,-5.9,26.1,4.7,False
3041,20050617,2020,5,6,17,311.0,8.0,30.0,4.0,41.0,-8.4,30.0,3.6,False
3042,20050618,2020,5,6,18,304.0,8.0,25.0,5.0,36.0,-9.3,30.0,4.5,False
3043,20050619,2020,5,6,19,311.0,13.0,34.0,27.0,35.0,-9.6,30.0,4.5,False
3044,20050620,2020,5,6,20,306.0,11.0,34.0,23.0,30.0,-11.9,30.0,4.1,False
3045,20050621,2020,5,6,21,325.0,7.0,32.0,22.0,41.0,-8.8,30.0,3.2,False
3046,20050622,2020,5,6,22,330.0,3.0,28.0,19.0,45.0,-8.5,30.0,2.2,False
3047,20050623,2020,5,6,23,298.0,5.0,24.0,17.0,46.0,-8.0,30.0,2.4,False
3048,20050700,2020,5,7,0,293.0,1.0,21.0,14.0,53.0,-7.0,30.0,1.5,False
3049,20050701,2020,5,7,1,285.0,3.0,20.0,11.0,50.0,-7.4,30.0,1.9,False
3050,20050702,2020,5,7,2,308.0,5.0,19.0,11.0,48.0,-8.0,30.0,1.8,False
3051,20050703,2020,5,7,3,314.0,4.0,15.0,15.0,50.0,-8.2,30.0,1.1,False
3052,20050704,2020,5,7,4,329.0,1.0,13.0,8.0,51.0,-8.7,30.0,0.2,False
3053,20050705,2020,5,7,5,343.0,1.0,12.0,3.0,52.0,-9.2,30.0,-0.6,False
3054,20050706,2020,5,7,6,28.0,1.0,10.0,1.0,54.0,-9.3,30.0,-1.2,False
3055,20050707,2020,5,7,7,28.0,1.0,10.0,1.0,54.0,-9.3,30.0,-1.2,False
3056,20050708,2020,5,7,8,53.0,1.0,6.0,1.0,50.0,-7.5,30.0,1.8,False
3057,20050709,2020,5,7,9,10.0,3.0,5.0,3.0,43.0,-8.0,30.0,3.4,False
3058,20050710,2020,5,7,10,31.0,3.0,5.0,4.0,34.0,-9.1,30.0,5.5,False
3059,20050711,2020,5,7,11,333.0,2.0,6.0,5.0,28.0,-10.8,30.0,6.4,False
3060,20050712,2020,5,7,12,315.0,4.0,56.0,11.0,24.0,-12.4,30.0,6.8,False
3061,20050713,2020,5,7,13,5.0,3.0,34.0,10.0,24.0,-11.2,30.0,8.2,False
3062,20050714,2020,5,7,14,322.0,4.0,8.0,8.0,20.0,-12.5,30.0,9.3,False
3063,20050715,2020,5,7,15,298.0,2.0,11.0,7.0,17.0,-14.6,30.0,9.2,False
3064,20050716,2020,5,7,16,299.0,5.0,10.0,5.0,16.0,-14.5,30.0,10.2,False
3065,20050717,2020,5,7,17,355.0,6.0,10.0,2.0,15.0,-14.6,30.0,11.0,False
3066,20050718,2020,5,7,18,328.0,3.0,16.0,7.0,16.0,-14.2,30.0,10.6,False
3067,20050719,2020,5,7,19,318.0,5.0,20.0,12.0,16.0,-14.4,30.0,10.3,False
3068,20050720,2020,5,7,20,319.0,5.0,20.0,11.0,17.0,-13.8,30.0,10.2,False
3069,20050721,2020,5,7,21,325.0,5.0,21.0,11.0,18.0,-14.1,30.0,9.0,False
3070,20050722,2020,5,7,22,295.0,2.0,25.0,12.0,21.0,-13.8,30.0,7.1,False
3071,20050723,2020,5,7,23,322.0,1.0,25.0,14.0,26.0,-12.1,30.0,5.9,False
3072,20050800,2020,5,8,0,0.0,0.0,22.0,12.0,27.0,-12.1,30.0,5.4,False
3073,20050801,2020,5,8,1,93.0,1.0,19.0,8.0,28.0,-12.2,30.0,4.8,False
3074,20050802,2020,5,8,2,82.0,2.0,11.0,4.0,28.0,-12.4,30.0,4.5,False
3075,20050803,2020,5,8,3,102.0,2.0,5.0,1.0,28.0,-12.8,30.0,4.1,False
3076,20050804,2020,5,8,4,93.0,2.0,74.0,22.0,28.0,-13.1,30.0,3.7,False
3077,20050805,2020,5,8,5,117.0,3.0,88.0,23.0,29.0,-13.3,30.0,3.0,False
3078,20050806,2020,5,8,6,96.0,2.0,103.0,23.0,28.0,-13.2,30.0,3.6,False
3079,20050807,2020,5,8,7,103.0,2.0,113.0,22.0,29.0,-13.0,30.0,3.4,False
3080,20050808,2020,5,8,8,69.0,1.0,86.0,23.0,27.0,-11.4,30.0,6.2,False
3081,20050809,2020,5,8,9,331.0,1.0,68.0,24.0,24.0,-11.3,30.0,8.1,False
3082,20050810,2020,5,8,10,360.0,3.0,72.0,24.0,22.0,-9.9,30.0,11.0,False
3083,20050811,2020,5,8,11,1.0,3.0,70.0,18.0,19.0,-10.7,30.0,12.3,False
3084,20050812,2020,5,8,12,63.0,1.0,48.0,11.0,17.0,-11.7,30.0,12.7,False
3085,20050813,2020,5,8,13,289.0,2.0,18.0,14.0,16.0,-11.7,30.0,13.6,False
3086,20050814,2020,5,8,14,28.0,1.0,35.0,8.0,15.0,-11.3,30.0,15.1,False
3087,20050815,2020,5,8,15,94.0,1.0,44.0,8.0,14.0,-11.7,30.0,15.7,False
3088,20050816,2020,5,8,16,312.0,4.0,18.0,16.0,13.0,-12.4,30.0,16.0,False
3089,20050817,2020,5,8,17,265.0,4.0,22.0,15.0,14.0,-10.9,30.0,16.7,False
3090,20050818,2020,5,8,18,245.0,3.0,22.0,15.0,13.0,-11.8,30.0,16.8,False
3091,20050819,2020,5,8,19,300.0,5.0,23.0,17.0,14.0,-11.2,30.0,16.3,False
3092,20050820,2020,5,8,20,306.0,4.0,24.0,18.0,15.0,-11.0,30.0,15.5,False
3093,20050821,2020,5,8,21,305.0,4.0,24.0,17.0,16.0,-11.3,30.0,14.2,False
3094,20050822,2020,5,8,22,314.0,2.0,24.0,14.0,19.0,-10.9,30.0,12.0,False
3095,20050823,2020,5,8,23,5.0,0.0,23.0,11.0,20.0,-11.3,30.0,10.7,False
3096,20050900,2020,5,9,0,33.0,1.0,20.0,12.0,22.0,-11.0,30.0,9.7,False
3097,20050901,2020,5,9,1,91.0,2.0,19.0,13.0,24.0,-10.5,30.0,9.0,False
3098,20050902,2020,5,9,2,77.0,2.0,96.0,30.0,25.0,-10.4,30.0,8.5,False
3099,20050903,2020,5,9,3,101.0,2.0,21.0,16.0,28.0,-9.8,30.0,7.5,False
3100,20050904,2020,5,9,4,97.0,2.0,20.0,14.0,27.0,-9.9,30.0,8.0,False
3101,20050905,2020,5,9,5,92.0,3.0,20.0,11.0,28.0,-9.9,30.0,7.4,False
3102,20050906,2020,5,9,6,84.0,3.0,20.0,10.0,28.0,-9.8,30.0,7.5,False
3103,20050907,2020,5,9,7,84.0,3.0,20.0,10.0,28.0,-9.8,30.0,7.5,False
3104,20050908,2020,5,9,8,77.0,1.0,15.0,8.0,27.0,-7.7,30.0,10.5,False
3105,20050909,2020,5,9,9,0.0,0.0,155.0,39.0,26.0,-7.1,30.0,11.8,False
3106,20050910,2020,5,9,10,66.0,3.0,7.0,3.0,22.0,-7.4,30.0,14.0,False
3107,20050911,2020,5,9,11,80.0,7.0,112.0,33.0,29.0,-4.3,30.0,13.4,False
3108,20050912,2020,5,9,12,80.0,7.0,3.0,1.0,25.0,-5.2,30.0,14.6,False
3109,20050913,2020,5,9,13,77.0,6.0,4.0,1.0,24.0,-5.7,30.0,14.6,False
3110,20050914,2020,5,9,14,67.0,8.0,10.0,4.0,24.0,-5.2,30.0,15.2,False
3111,20050915,2020,5,9,15,55.0,8.0,17.0,8.0,23.0,-4.9,30.0,16.2,False
3112,20050916,2020,5,9,16,33.0,5.0,22.0,9.0,19.0,-7.9,30.0,15.7,False
3113,20050917,2020,5,9,17,60.0,5.0,24.0,8.0,21.0,-7.1,30.0,15.1,False
3114,20050918,2020,5,9,18,49.0,9.0,25.0,8.0,18.0,-9.0,30.0,15.2,False
3115,20050919,2020,5,9,19,73.0,7.0,26.0,11.0,17.0,-10.3,30.0,14.5,False
3116,20050920,2020,5,9,20,60.0,8.0,27.0,12.0,16.0,-11.4,30.0,14.0,False
3117,20050921,2020,5,9,21,55.0,4.0,25.0,12.0,18.0,-10.7,30.0,13.1,False
3118,20050922,2020,5,9,22,81.0,4.0,24.0,9.0,19.0,-11.0,30.0,11.9,False
3119,20050923,2020,5,9,23,85.0,6.0,22.0,8.0,20.0,-10.9,30.0,11.2,False
3120,20051000,2020,5,10,0,93.0,9.0,19.0,9.0,19.0,-12.2,30.0,10.5,False
3121,20051001,2020,5,10,1,99.0,4.0,18.0,9.0,19.0,-12.6,30.0,9.9,False
3122,20051002,2020,5,10,2,91.0,6.0,100.0,31.0,17.0,-14.3,30.0,9.6,False
3123,20051003,2020,5,10,3,103.0,4.0,13.0,9.0,16.0,-14.8,30.0,9.8,False
3124,20051004,2020,5,10,4,98.0,6.0,10.0,8.0,13.0,-17.5,30.0,9.6,False
3125,20051005,2020,5,10,5,124.0,2.0,8.0,6.0,16.0,-16.7,30.0,7.5,False
3126,20051006,2020,5,10,6,142.0,3.0,7.0,5.0,15.0,-17.2,30.0,7.9,False
3127,20051007,2020,5,10,7,51.0,0.0,6.0,4.0,20.0,-15.1,30.0,6.2,False
3128,20051008,2020,5,10,8,70.0,2.0,7.0,4.0,13.0,-17.6,30.0,9.4,False
3129,20051009,2020,5,10,9,219.0,0.0,7.0,4.0,16.0,-15.6,30.0,8.9,False
3130,20051010,2020,5,10,10,241.0,1.0,7.0,3.0,14.0,-16.0,30.0,10.4,False
3131,20051011,2020,5,10,11,201.0,2.0,4.0,4.0,12.0,-16.5,30.0,12.1,False
3132,20051012,2020,5,10,12,233.0,3.0,75.0,16.0,11.0,-16.1,30.0,13.9,False
3133,20051013,2020,5,10,13,276.0,1.0,122.0,24.0,9.0,-17.3,30.0,15.4,False
3134,20051014,2020,5,10,14,274.0,4.0,26.0,14.0,7.0,-18.7,30.0,17.5,False
3135,20051015,2020,5,10,15,249.0,2.0,172.0,29.0,6.0,-19.9,30.0,18.4,False
3136,20051016,2020,5,10,16,33.0,1.0,144.0,22.0,5.0,-21.5,30.0,19.1,False
3137,20051017,2020,5,10,17,51.0,5.0,93.0,18.0,5.0,-20.8,30.0,20.0,False
3138,20051018,2020,5,10,18,65.0,5.0,81.0,18.0,5.0,-21.1,30.0,19.6,False
3139,20051019,2020,5,10,19,72.0,4.0,118.0,23.0,5.0,-21.3,30.0,19.3,False
3140,20051020,2020,5,10,20,80.0,2.0,131.0,23.0,5.0,-21.9,30.0,18.5,False
3141,20051021,2020,5,10,21,178.0,0.0,40.0,23.0,7.0,-18.9,30.0,17.2,False
3142,20051022,2020,5,10,22,101.0,2.0,61.0,22.0,7.0,-20.7,30.0,14.8,False
3143,20051023,2020,5,10,23,106.0,2.0,68.0,30.0,8.0,-20.2,30.0,13.4,False
3144,20051100,2020,5,11,0,119.0,3.0,69.0,20.0,9.0,-20.2,30.0,11.7,False
3145,20051101,2020,5,11,1,119.0,4.0,67.0,10.0,9.0,-20.5,30.0,11.3,False
3146,20051102,2020,5,11,2,124.0,4.0,186.0,67.0,9.0,-20.8,30.0,10.8,False
3147,20051103,2020,5,11,3,131.0,3.0,62.0,7.0,10.0,-19.2,30.0,11.3,False
3148,20051104,2020,5,11,4,152.0,2.0,60.0,8.0,11.0,-18.9,30.0,10.3,False
3149,20051105,2020,5,11,5,144.0,3.0,49.0,7.0,13.0,-18.0,30.0,8.9,False
3150,20051106,2020,5,11,6,146.0,2.0,35.0,7.0,13.0,-18.0,30.0,8.9,False
3151,20051107,2020,5,11,7,127.0,3.0,24.0,4.0,13.0,-17.6,30.0,9.5,False
3152,20051108,2020,5,11,8,175.0,2.0,19.0,4.0,15.0,-13.8,30.0,12.1,False
3153,20051109,2020,5,11,9,139.0,1.0,73.0,28.0,10.0,-16.2,30.0,15.2,False
3154,20051110,2020,5,11,10,180.0,1.0,14.0,2.0,10.0,-15.2,30.0,16.5,False
3155,20051111,2020,5,11,11,255.0,2.0,120.0,43.0,9.0,-16.1,30.0,17.0,False
3156,20051112,2020,5,11,12,89.0,5.0,31.0,2.0,7.0,-17.8,30.0,18.7,False
3157,20051113,2020,5,11,13,53.0,7.0,49.0,5.0,7.0,-17.1,30.0,19.7,False
3158,20051114,2020,5,11,14,56.0,3.0,62.0,5.0,6.0,-19.2,30.0,19.3,False
3159,20051115,2020,5,11,15,68.0,4.0,70.0,7.0,6.0,-18.2,30.0,20.7,False
3160,20051116,2020,5,11,16,47.0,5.0,64.0,15.0,6.0,-17.8,30.0,21.3,False
3161,20051117,2020,5,11,17,43.0,4.0,54.0,10.0,5.0,-19.7,30.0,21.6,False
3162,20051118,2020,5,11,18,61.0,6.0,42.0,3.0,5.0,-19.8,30.0,21.4,False
3163,20051119,2020,5,11,19,88.0,5.0,33.0,1.0,4.0,-22.8,30.0,20.8,False
3164,20051120,2020,5,11,20,80.0,3.0,29.0,1.0,4.0,-23.4,30.0,20.0,False
3165,20051121,2020,5,11,21,156.0,3.0,29.0,3.0,6.0,-20.6,30.0,17.4,False
3166,20051122,2020,5,11,22,114.0,3.0,29.0,2.0,8.0,-18.9,30.0,15.1,False
3167,20051123,2020,5,11,23,118.0,4.0,28.0,3.0,8.0,-19.6,30.0,14.2,False
3168,20051200,2020,5,12,0,125.0,25.0,5.0,0.0,9.0,30.0,2.0,11.7,False
3169,20051201,2020,5,12,1,132.0,22.0,5.0,0.0,9.0,30.0,2.0,11.3,False
3170,20051202,2020,5,12,2,125.0,178.0,50.0,0.0,9.0,30.0,2.0,10.8,False
3171,20051203,2020,5,12,3,100.0,16.0,5.0,0.0,10.0,30.0,2.0,11.3,False
3172,20051204,2020,5,12,4,98.0,15.0,6.0,0.0,11.0,30.0,2.0,10.3,False
3173,20051205,2020,5,12,5,91.0,15.0,7.0,0.0,13.0,30.0,2.0,8.9,False
3174,20051206,2020,5,12,6,86.0,17.0,6.0,0.0,13.0,30.0,2.0,8.9,False
3175,20051207,2020,5,12,7,75.0,17.0,4.0,0.0,13.0,30.0,2.0,9.5,False
3176,20051208,2020,5,12,8,114.0,18.0,4.0,0.0,15.0,30.0,2.0,12.1,False
3177,20051209,2020,5,12,9,78.0,19.0,5.0,0.0,10.0,30.0,2.0,15.2,False
3178,20051210,2020,5,12,10,75.0,22.0,5.0,0.0,10.0,30.0,2.0,16.5,False
3179,20051211,2020,5,12,11,229.0,28.0,6.0,0.0,9.0,30.0,2.0,17.0,False
3180,20051212,2020,5,12,12,318.0,37.0,6.0,0.0,7.0,30.0,2.0,18.7,False
3181,20051213,2020,5,12,13,258.0,42.0,6.0,0.0,7.0,30.0,2.0,19.7,False
3182,20051214,2020,5,12,14,270.0,47.0,7.0,0.0,6.0,30.0,2.0,19.3,False
3183,20051215,2020,5,12,15,323.0,58.0,6.0,0.0,6.0,30.0,2.0,20.7,False
3184,20051216,2020,5,12,16,234.0,68.0,6.0,0.0,6.0,30.0,2.0,21.3,False
3185,20051217,2020,5,12,17,302.0,72.0,6.0,0.0,5.0,30.0,2.0,21.6,False
3186,20051218,2020,5,12,18,286.0,71.0,6.0,0.0,5.0,30.0,2.0,21.4,False
3187,20051219,2020,5,12,19,311.0,68.0,7.0,0.0,4.0,30.0,2.0,20.8,False
3188,20051220,2020,5,12,20,285.0,73.0,7.0,0.0,4.0,30.0,2.0,20.0,False
3189,20051221,2020,5,12,21,283.0,77.0,8.0,0.0,6.0,30.0,2.0,17.4,False
3190,20051222,2020,5,12,22,265.0,78.0,10.0,0.0,8.0,30.0,2.0,15.1,False
3191,20051223,2020,5,12,23,191.0,70.0,11.0,0.0,8.0,30.0,2.0,14.2,False
3192,20051300,2020,5,13,0,107.0,2.0,68.0,11.0,8.0,-19.9,30.0,13.9,False
3193,20051301,2020,5,13,1,88.0,2.0,61.0,11.0,8.0,-19.7,30.0,14.1,False
3194,20051302,2020,5,13,2,101.0,2.0,65.0,16.0,8.0,-20.2,30.0,13.4,False
3195,20051303,2020,5,13,3,87.0,1.0,48.0,10.0,10.0,-18.5,30.0,12.2,False
3196,20051304,2020,5,13,4,106.0,2.0,46.0,10.0,12.0,-16.5,30.0,12.0,False
3197,20051305,2020,5,13,5,95.0,2.0,40.0,10.0,15.0,-13.6,30.0,12.3,False
3198,20051306,2020,5,13,6,92.0,1.0,40.0,10.0,19.0,-11.4,30.0,11.4,False
3199,20051307,2020,5,13,7,92.0,1.0,40.0,10.0,19.0,-11.4,30.0,11.4,False
3200,20051308,2020,5,13,8,126.0,2.0,43.0,8.0,21.0,-8.5,30.0,13.4,False
3201,20051309,2020,5,13,9,257.0,2.0,42.0,9.0,17.0,-9.9,30.0,14.9,False
3202,20051310,2020,5,13,10,255.0,3.0,38.0,18.0,18.0,-8.5,30.0,15.7,False
3203,20051311,2020,5,13,11,285.0,3.0,37.0,14.0,20.0,-6.3,30.0,16.8,False
3204,20051312,2020,5,13,12,277.0,4.0,36.0,7.0,20.0,-5.9,30.0,17.3,False
3205,20051313,2020,5,13,13,281.0,5.0,33.0,4.0,19.0,-5.5,30.0,18.6,False
3206,20051314,2020,5,13,14,318.0,5.0,18.0,15.0,15.0,-7.1,30.0,20.4,False
3207,20051315,2020,5,13,15,269.0,2.0,26.0,14.0,16.0,-6.5,30.0,20.1,False
3208,20051316,2020,5,13,16,299.0,3.0,38.0,12.0,17.0,-6.3,30.0,19.4,False
3209,20051317,2020,5,13,17,285.0,3.0,31.0,11.0,17.0,-6.1,30.0,19.6,False
3210,20051318,2020,5,13,18,332.0,5.0,24.0,21.0,16.0,-6.2,30.0,20.4,False
3211,20051319,2020,5,13,19,300.0,3.0,23.0,12.0,17.0,-6.4,30.0,19.2,False
3212,20051320,2020,5,13,20,340.0,4.0,24.0,7.0,18.0,-6.1,30.0,18.7,False
3213,20051321,2020,5,13,21,320.0,8.0,22.0,7.0,28.0,-1.7,11.9,16.9,False
3214,20051322,2020,5,13,22,1.0,3.0,20.0,6.0,34.0,-0.9,30.0,14.8,False
3215,20051323,2020,5,13,23,37.0,2.0,19.0,19.0,35.0,-1.6,30.0,13.6,False
3216,20051400,2020,5,14,0,98.0,1.0,20.0,18.0,36.0,-1.9,30.0,12.8,False
3217,20051401,2020,5,14,1,102.0,2.0,24.0,12.0,33.0,-2.7,30.0,13.2,False
3218,20051402,2020,5,14,2,102.0,1.0,57.0,13.0,33.0,-3.4,30.0,12.4,False
3219,20051403,2020,5,14,3,0.0,0.0,22.0,9.0,38.0,-2.7,30.0,11.1,False
3220,20051404,2020,5,14,4,0.0,0.0,20.0,8.0,43.0,-1.3,30.0,10.8,False
3221,20051405,2020,5,14,5,157.0,1.0,20.0,8.0,44.0,-1.5,30.0,10.2,False
3222,20051406,2020,5,14,6,120.0,2.0,20.0,8.0,48.0,-0.8,30.0,9.7,False
3223,20051407,2020,5,14,7,142.0,2.0,21.0,7.0,48.0,0.0,30.0,10.5,False
3224,20051408,2020,5,14,8,296.0,1.0,23.0,6.0,42.0,0.7,30.0,13.3,False
3225,20051409,2020,5,14,9,290.0,2.0,22.0,6.0,39.0,0.9,30.0,14.7,False
3226,20051410,2020,5,14,10,281.0,4.0,22.0,8.0,35.0,0.5,30.0,15.9,False
3227,20051411,2020,5,14,11,322.0,6.0,22.0,14.0,32.0,0.0,30.0,16.8,False
3228,20051412,2020,5,14,12,284.0,8.0,20.0,16.0,29.0,-0.5,30.0,17.7,False
3229,20051413,2020,5,14,13,291.0,7.0,19.0,11.0,28.0,-0.1,30.0,18.8,False
3230,20051414,2020,5,14,14,310.0,7.0,21.0,8.0,26.0,-1.0,30.0,18.9,False
3231,20051415,2020,5,14,15,306.0,9.0,25.0,10.0,27.0,-0.5,30.0,18.9,False
3232,20051416,2020,5,14,16,282.0,9.0,27.0,11.0,24.0,-0.9,30.0,20.3,False
3233,20051417,2020,5,14,17,283.0,11.0,28.0,10.0,25.0,-0.8,30.0,19.8,False
3234,20051418,2020,5,14,18,294.0,8.0,26.0,8.0,26.0,-0.6,30.0,19.4,False
3235,20051419,2020,5,14,19,308.0,11.0,24.0,9.0,23.0,-1.7,30.0,20.0,False
3236,20051420,2020,5,14,20,308.0,10.0,22.0,9.0,21.0,-3.5,30.0,19.4,False
3237,20051421,2020,5,14,21,319.0,7.0,20.0,9.0,22.0,-3.7,30.0,18.4,False
3238,20051422,2020,5,14,22,317.0,4.0,19.0,8.0,23.0,-4.8,30.0,16.4,False
3239,20051423,2020,5,14,23,333.0,4.0,17.0,7.0,29.0,-2.2,30.0,15.8,False
3240,20051500,2020,5,15,0,323.0,2.0,17.0,8.0,31.0,-1.7,30.0,15.3,False
3241,20051501,2020,5,15,1,32.0,1.0,15.0,5.0,32.0,-2.6,30.0,13.8,False
3242,20051502,2020,5,15,2,1.0,1.0,11.0,3.0,34.0,-1.8,30.0,13.8,False
3243,20051503,2020,5,15,3,348.0,0.0,10.0,4.0,35.0,-1.2,30.0,14.0,False
3244,20051504,2020,5,15,4,72.0,0.0,10.0,6.0,36.0,-1.4,30.0,13.4,False
3245,20051505,2020,5,15,5,334.0,1.0,12.0,8.0,39.0,-0.4,30.0,13.3,False
3246,20051506,2020,5,15,6,146.0,1.0,12.0,8.0,42.0,-1.1,30.0,11.3,False
3247,20051507,2020,5,15,7,146.0,1.0,12.0,8.0,42.0,-1.1,30.0,11.3,False
3248,20051508,2020,5,15,8,87.0,0.0,15.0,10.0,35.0,-0.1,30.0,15.3,False
3249,20051509,2020,5,15,9,265.0,0.0,14.0,10.0,31.0,-1.1,30.0,16.0,False
3250,20051510,2020,5,15,10,270.0,3.0,12.0,9.0,30.0,-0.4,30.0,17.3,False
3251,20051511,2020,5,15,11,313.0,7.0,14.0,9.0,26.0,-0.7,30.0,19.3,False
3252,20051512,2020,5,15,12,307.0,7.0,14.0,10.0,24.0,-0.9,30.0,20.3,False
3253,20051513,2020,5,15,13,305.0,8.0,14.0,10.0,20.0,-3.0,30.0,20.8,False
3254,20051514,2020,5,15,14,297.0,6.0,14.0,11.0,19.0,-2.7,30.0,21.9,False
3255,20051515,2020,5,15,15,299.0,8.0,16.0,11.0,18.0,-2.7,30.0,22.9,False
3256,20051516,2020,5,15,16,328.0,9.0,20.0,10.0,16.0,-3.9,30.0,23.3,False
3257,20051517,2020,5,15,17,298.0,8.0,23.0,10.0,15.0,-4.8,30.0,23.3,False
3258,20051518,2020,5,15,18,323.0,6.0,24.0,10.0,15.0,-4.7,30.0,23.4,False
3259,20051519,2020,5,15,19,323.0,6.0,24.0,10.0,15.0,-4.7,30.0,23.4,False
3260,20051520,2020,5,15,20,323.0,6.0,24.0,10.0,15.0,-4.7,30.0,23.4,False
3261,20051521,2020,5,15,21,319.0,7.0,20.0,9.0,22.0,-3.7,30.0,18.4,False
3262,20051522,2020,5,15,22,317.0,4.0,19.0,8.0,23.0,-4.8,30.0,16.4,False
3263,20051523,2020,5,15,23,351.0,1.0,34.0,9.0,23.0,-4.6,30.0,16.6,False
3264,20051600,2020,5,16,0,329.0,3.0,27.0,8.0,26.0,-3.1,30.0,16.4,False
3265,20051601,2020,5,16,1,59.0,1.0,25.0,11.0,27.0,-4.0,30.0,14.8,False
3266,20051602,2020,5,16,2,279.0,2.0,26.0,14.0,26.0,-4.7,30.0,14.6,False
3267,20051603,2020,5,16,3,176.0,0.0,29.0,15.0,35.0,-2.0,30.0,13.1,False
3268,20051604,2020,5,16,4,176.0,1.0,32.0,18.0,45.0,0.2,30.0,11.7,False
3269,20051605,2020,5,16,5,177.0,1.0,33.0,16.0,58.0,2.0,27.7,9.9,False
3270,20051606,2020,5,16,6,136.0,1.0,33.0,16.0,72.0,5.0,25.5,9.8,False
3271,20051607,2020,5,16,7,136.0,1.0,33.0,16.0,72.0,5.0,25.5,9.8,False
3272,20051608,2020,5,16,8,200.0,0.0,39.0,20.0,76.0,7.0,24.5,11.1,False
3273,20051609,2020,5,16,9,289.0,0.0,40.0,21.0,71.0,8.0,21.2,13.1,False
3274,20051610,2020,5,16,10,353.0,0.0,39.0,23.0,69.0,8.9,26.9,14.5,False
3275,20051611,2020,5,16,11,313.0,2.0,73.0,39.0,50.0,6.3,28.3,16.8,False
3276,20051612,2020,5,16,12,284.0,3.0,135.0,64.0,50.0,7.1,30.0,17.6,False
3277,20051613,2020,5,16,13,303.0,3.0,174.0,77.0,46.0,7.1,30.0,19.0,False
3278,20051614,2020,5,16,14,316.0,4.0,174.0,74.0,31.0,3.2,30.0,20.9,False
3279,20051615,2020,5,16,15,311.0,6.0,156.0,65.0,32.0,3.7,30.0,21.0,False
3280,20051616,2020,5,16,16,320.0,6.0,51.0,18.0,29.0,2.8,30.0,21.6,False
3281,20051617,2020,5,16,17,337.0,7.0,11.0,5.0,33.0,4.2,30.0,21.1,False
3282,20051618,2020,5,16,18,336.0,9.0,35.0,17.0,36.0,4.8,30.0,20.4,False
3283,20051619,2020,5,16,19,314.0,8.0,54.0,26.0,38.0,4.5,30.0,19.1,False
3284,20051620,2020,5,16,20,321.0,7.0,66.0,30.0,40.0,4.4,30.0,18.2,False
3285,20051621,2020,5,16,21,322.0,6.0,68.0,29.0,45.0,4.7,30.0,16.7,False
3286,20051622,2020,5,16,22,339.0,2.0,60.0,24.0,48.0,4.3,30.0,15.2,False
3287,20051623,2020,5,16,23,341.0,3.0,53.0,22.0,52.0,4.5,30.0,14.2,False
3288,20051700,2020,5,17,0,344.0,1.0,49.0,20.0,55.0,4.5,30.0,13.3,False
3289,20051701,2020,5,17,1,87.0,1.0,45.0,18.0,58.0,4.6,30.0,12.6,False
3290,20051702,2020,5,17,2,52.0,0.0,38.0,16.0,62.0,5.1,30.0,12.2,False
3291,20051703,2020,5,17,3,79.0,2.0,32.0,14.0,69.0,5.9,30.0,11.4,False
3292,20051704,2020,5,17,4,65.0,1.0,28.0,13.0,72.0,5.9,30.0,10.7,False
3293,20051705,2020,5,17,5,356.0,1.0,28.0,14.0,61.0,4.4,30.0,11.7,False
3294,20051706,2020,5,17,6,9.0,2.0,30.0,15.0,58.0,4.5,30.0,12.5,False
3295,20051707,2020,5,17,7,9.0,2.0,30.0,15.0,58.0,4.5,30.0,12.5,False
3296,20051708,2020,5,17,8,39.0,1.0,29.0,14.0,58.0,4.8,30.0,12.9,False
3297,20051709,2020,5,17,9,6.0,2.0,30.0,16.0,55.0,5.2,30.0,14.1,False
3298,20051710,2020,5,17,10,339.0,3.0,31.0,18.0,50.0,5.1,30.0,15.5,False
3299,20051711,2020,5,17,11,322.0,4.0,31.0,20.0,43.0,4.3,30.0,16.9,False
3300,20051712,2020,5,17,12,306.0,4.0,29.0,19.0,43.0,4.2,30.0,16.8,False
3301,20051713,2020,5,17,13,312.0,4.0,25.0,17.0,38.0,4.0,30.0,18.6,False
3302,20051714,2020,5,17,14,311.0,4.0,24.0,15.0,35.0,3.3,30.0,19.1,False
3303,20051715,2020,5,17,15,310.0,4.0,27.0,14.0,31.0,3.1,30.0,20.8,False
3304,20051716,2020,5,17,16,298.0,6.0,34.0,16.0,31.0,3.1,30.0,20.8,False
3305,20051717,2020,5,17,17,357.0,6.0,36.0,20.0,30.0,3.2,30.0,21.5,False
3306,20051718,2020,5,17,18,302.0,5.0,37.0,22.0,31.0,3.1,30.0,20.8,False
3307,20051719,2020,5,17,19,329.0,4.0,42.0,24.0,33.0,3.2,30.0,19.9,False
3308,20051720,2020,5,17,20,318.0,5.0,43.0,22.0,33.0,2.6,30.0,19.2,False
3309,20051721,2020,5,17,21,316.0,6.0,40.0,19.0,37.0,2.8,30.0,17.6,False
3310,20051722,2020,5,17,22,321.0,3.0,35.0,16.0,40.0,2.7,30.0,16.3,False
3311,20051723,2020,5,17,23,342.0,1.0,30.0,14.0,44.0,3.0,30.0,15.2,False
3312,20051800,2020,5,18,0,339.0,1.0,25.0,10.0,46.0,2.8,30.0,14.2,False
3313,20051801,2020,5,18,1,349.0,1.0,24.0,6.0,48.0,2.8,30.0,13.6,False
3314,20051802,2020,5,18,2,20.0,1.0,70.0,22.0,48.0,2.7,30.0,13.5,False
3315,20051803,2020,5,18,3,71.0,1.0,19.0,5.0,49.0,2.8,30.0,13.3,False
3316,20051804,2020,5,18,4,98.0,0.0,17.0,7.0,50.0,2.9,30.0,13.1,False
3317,20051805,2020,5,18,5,153.0,2.0,27.0,13.0,51.0,2.0,30.0,11.8,False
3318,20051806,2020,5,18,6,135.0,2.0,43.0,22.0,50.0,1.9,17.8,12.0,False
3319,20051807,2020,5,18,7,135.0,2.0,43.0,22.0,50.0,1.9,17.8,12.0,False
3320,20051808,2020,5,18,8,90.0,1.0,46.0,24.0,44.0,2.1,30.0,14.2,False
3321,20051809,2020,5,18,9,43.0,3.0,40.0,22.0,35.0,1.6,30.0,17.2,False
3322,20051810,2020,5,18,10,35.0,5.0,36.0,21.0,32.0,1.4,30.0,18.4,False
3323,20051811,2020,5,18,11,352.0,3.0,36.0,21.0,29.0,0.9,30.0,19.4,False
3324,20051812,2020,5,18,12,293.0,1.0,33.0,19.0,30.0,1.5,30.0,19.5,False
3325,20051813,2020,5,18,13,262.0,4.0,29.0,18.0,29.0,1.5,30.0,20.1,False
3326,20051814,2020,5,18,14,274.0,2.0,28.0,23.0,24.0,0.1,30.0,21.5,False
3327,20051815,2020,5,18,15,260.0,5.0,32.0,30.0,22.0,-0.2,30.0,22.6,False
3328,20051816,2020,5,18,16,285.0,4.0,40.0,39.0,21.0,-0.2,30.0,23.3,False
3329,20051817,2020,5,18,17,285.0,4.0,40.0,39.0,21.0,-0.2,30.0,23.3,False
3330,20051818,2020,5,18,18,285.0,4.0,40.0,39.0,21.0,-0.2,30.0,23.3,False
3331,20051819,2020,5,18,19,329.0,4.0,42.0,24.0,33.0,3.2,30.0,19.9,False
3332,20051820,2020,5,18,20,318.0,5.0,43.0,22.0,33.0,2.6,30.0,19.2,False
3333,20051821,2020,5,18,21,316.0,6.0,40.0,19.0,37.0,2.8,30.0,17.6,False
3334,20051822,2020,5,18,22,81.0,4.0,48.0,21.0,38.0,3.8,30.0,18.3,False
3335,20051823,2020,5,18,23,76.0,4.0,44.0,17.0,38.0,3.5,30.0,18.0,False
3336,20051900,2020,5,19,0,77.0,2.0,37.0,14.0,38.0,2.9,30.0,17.3,False
3337,20051901,2020,5,19,1,45.0,2.0,32.0,12.0,39.0,2.4,30.0,16.4,False
3338,20051902,2020,5,19,2,41.0,1.0,93.0,19.0,42.0,2.4,30.0,15.2,False
3339,20051903,2020,5,19,3,54.0,0.0,24.0,14.0,46.0,2.9,30.0,14.4,False
3340,20051904,2020,5,19,4,90.0,2.0,21.0,15.0,46.0,2.6,30.0,14.0,False
3341,20051905,2020,5,19,5,73.0,2.0,21.0,14.0,46.0,2.6,30.0,14.0,False
3342,20051906,2020,5,19,6,85.0,3.0,22.0,12.0,45.0,2.5,30.0,14.3,False
3343,20051907,2020,5,19,7,85.0,3.0,22.0,12.0,45.0,2.5,30.0,14.3,False
3344,20051908,2020,5,19,8,79.0,2.0,25.0,13.0,41.0,3.3,30.0,16.6,False
3345,20051909,2020,5,19,9,358.0,2.0,27.0,13.0,35.0,3.2,30.0,19.0,False
3346,20051910,2020,5,19,10,327.0,3.0,29.0,15.0,32.0,2.2,30.0,19.3,False
3347,20051911,2020,5,19,11,319.0,4.0,30.0,18.0,30.0,2.0,30.0,20.1,False
3348,20051912,2020,5,19,12,316.0,6.0,29.0,17.0,30.0,2.4,30.0,20.6,False
3349,20051913,2020,5,19,13,315.0,4.0,28.0,17.0,28.0,2.1,30.0,21.3,False
3350,20051914,2020,5,19,14,307.0,7.0,27.0,16.0,27.0,1.7,30.0,21.5,False
3351,20051915,2020,5,19,15,316.0,8.0,29.0,14.0,26.0,1.5,30.0,21.8,False
3352,20051916,2020,5,19,16,311.0,10.0,30.0,12.0,26.0,1.6,30.0,22.0,False
3353,20051917,2020,5,19,17,330.0,8.0,31.0,12.0,26.0,1.8,30.0,22.2,False
3354,20051918,2020,5,19,18,316.0,7.0,36.0,14.0,25.0,1.3,30.0,22.2,False
3355,20051919,2020,5,19,19,329.0,7.0,43.0,18.0,26.0,1.3,30.0,21.6,False
3356,20051920,2020,5,19,20,320.0,10.0,44.0,22.0,29.0,1.7,30.0,20.3,False
3357,20051921,2020,5,19,21,322.0,8.0,46.0,22.0,31.0,1.6,30.0,19.1,False
3358,20051922,2020,5,19,22,336.0,3.0,46.0,16.0,34.0,1.5,30.0,17.5,False
3359,20051923,2020,5,19,23,358.0,1.0,40.0,9.0,36.0,1.5,30.0,16.6,False
3360,20052000,2020,5,20,0,344.0,3.0,35.0,11.0,36.0,1.7,30.0,16.8,False
3361,20052001,2020,5,20,1,344.0,3.0,31.0,13.0,36.0,1.2,30.0,16.3,False
3362,20052002,2020,5,20,2,342.0,1.0,96.0,20.0,39.0,1.2,30.0,15.0,False
3363,20052003,2020,5,20,3,73.0,0.0,21.0,15.0,43.0,1.7,30.0,14.1,False
3364,20052004,2020,5,20,4,145.0,0.0,20.0,16.0,50.0,1.8,30.0,11.9,False
3365,20052005,2020,5,20,5,73.0,0.0,21.0,14.0,53.0,2.7,30.0,12.0,False
3366,20052006,2020,5,20,6,227.0,1.0,20.0,12.0,58.0,2.8,30.0,10.7,False
3367,20052007,2020,5,20,7,0.0,0.0,18.0,12.0,59.0,3.5,30.0,11.2,False
3368,20052008,2020,5,20,8,164.0,0.0,19.0,12.0,53.0,4.2,30.0,13.6,False
3369,20052009,2020,5,20,9,225.0,1.0,23.0,15.0,49.0,4.4,30.0,15.0,False
3370,20052010,2020,5,20,10,313.0,2.0,36.0,23.0,43.0,4.3,30.0,16.9,False
3371,20052011,2020,5,20,11,321.0,2.0,46.0,27.0,38.0,4.0,30.0,18.6,False
3372,20052012,2020,5,20,12,301.0,6.0,52.0,29.0,35.0,3.7,30.0,19.6,False
3373,20052013,2020,5,20,13,315.0,9.0,54.0,31.0,33.0,3.8,30.0,20.6,False
3374,20052014,2020,5,20,14,305.0,7.0,54.0,30.0,31.0,3.3,30.0,21.1,False
3375,20052015,2020,5,20,15,315.0,7.0,53.0,27.0,31.0,3.8,30.0,21.6,False
3376,20052016,2020,5,20,16,322.0,7.0,50.0,25.0,32.0,3.7,30.0,21.0,False
3377,20052017,2020,5,20,17,323.0,8.0,31.0,12.0,26.0,3.8,28.2,21.6,False
3378,20052018,2020,5,20,18,310.0,10.0,50.0,25.0,31.0,3.4,30.0,21.2,False
3379,20052019,2020,5,20,19,326.0,9.0,51.0,29.0,33.0,4.0,30.0,20.9,False
3380,20052020,2020,5,20,20,319.0,7.0,52.0,28.0,36.0,4.4,30.0,19.9,False
3381,20052021,2020,5,20,21,317.0,6.0,51.0,28.0,39.0,4.5,30.0,18.7,False
3382,20052022,2020,5,20,22,313.0,5.0,48.0,27.0,43.0,4.7,30.0,17.4,False
3383,20052023,2020,5,20,23,324.0,3.0,41.0,22.0,47.0,5.0,30.0,16.3,False
3384,20052100,2020,5,21,0,342.0,2.0,37.0,20.0,52.0,5.1,30.0,14.9,False
3385,20052101,2020,5,21,1,347.0,1.0,38.0,19.0,58.0,5.8,30.0,13.9,False
3386,20052102,2020,5,21,2,307.0,1.0,145.0,24.0,65.0,6.5,30.0,12.9,False
3387,20052103,2020,5,21,3,243.0,0.0,94.0,43.0,74.0,7.1,30.0,11.6,False
3388,20052104,2020,5,21,4,142.0,1.0,90.0,42.0,79.0,7.4,30.0,10.9,False
3389,20052105,2020,5,21,5,177.0,1.0,87.0,38.0,84.0,7.2,30.0,9.8,False
3390,20052106,2020,5,21,6,71.0,0.0,78.0,33.0,74.0,7.2,30.0,11.7,False
3391,20052107,2020,5,21,7,64.0,0.0,70.0,28.0,65.0,6.6,30.0,13.0,False
3392,20052108,2020,5,21,8,0.0,0.0,59.0,22.0,58.0,6.3,30.0,14.4,False
3393,20052109,2020,5,21,9,310.0,2.0,51.0,19.0,66.0,8.1,30.0,14.4,False
3394,20052110,2020,5,21,10,326.0,1.0,44.0,19.0,69.0,8.8,30.0,14.4,False
3395,20052111,2020,5,21,11,337.0,2.0,40.0,20.0,58.0,7.7,30.0,15.9,False
3396,20052112,2020,5,21,12,332.0,6.0,34.0,19.0,51.0,7.1,30.0,17.3,False
3397,20052113,2020,5,21,13,299.0,5.0,23.0,13.0,50.0,7.2,30.0,17.7,False
3398,20052114,2020,5,21,14,309.0,7.0,12.0,7.0,47.0,6.7,30.0,18.2,False
3399,20052115,2020,5,21,15,311.0,9.0,7.0,5.0,45.0,5.9,30.0,18.0,False
3400,20052116,2020,5,21,16,307.0,10.0,7.0,6.0,43.0,4.6,30.0,17.3,False
3401,20052117,2020,5,21,17,304.0,7.0,34.0,12.0,44.0,4.8,30.0,17.1,False
3402,20052118,2020,5,21,18,289.0,7.0,59.0,12.0,50.0,6.0,30.0,16.4,False
3403,20052119,2020,5,21,19,292.0,8.0,20.0,14.0,60.0,7.0,30.0,14.7,False
3404,20052120,2020,5,21,20,290.0,8.0,24.0,12.0,59.0,5.4,26.0,13.2,False
3405,20052121,2020,5,21,21,298.0,6.0,26.0,11.0,65.0,5.4,30.0,11.8,False
3406,20052122,2020,5,21,22,302.0,5.0,21.0,10.0,70.0,5.5,30.0,10.7,False
3407,20052123,2020,5,21,23,321.0,2.0,23.0,10.0,76.0,6.0,30.0,10.0,False
3408,20052200,2020,5,22,0,290.0,3.0,21.0,10.0,75.0,5.6,30.0,9.8,False
3409,20052201,2020,5,22,1,275.0,4.0,77.0,10.0,87.0,7.0,30.0,9.0,False
3410,20052202,2020,5,22,2,271.0,4.0,54.0,11.0,94.0,7.3,24.6,8.2,False
3411,20052203,2020,5,22,3,274.0,5.0,63.0,13.0,98.0,7.6,0.6,7.9,False
3412,20052204,2020,5,22,4,254.0,3.0,49.0,12.0,98.0,6.9,0.3,7.2,False
3413,20052205,2020,5,22,5,268.0,4.0,6.0,4.0,98.0,6.5,7.9,6.8,False
3414,20052206,2020,5,22,6,289.0,3.0,6.0,1.0,98.0,6.4,10.2,6.7,False
3415,20052207,2020,5,22,7,289.0,3.0,6.0,1.0,98.0,6.4,10.2,6.7,False
3416,20052208,2020,5,22,8,288.0,5.0,9.0,4.0,96.0,5.7,12.5,6.3,False
3417,20052209,2020,5,22,9,317.0,6.0,9.0,4.0,98.0,6.0,0.8,6.3,False
3418,20052210,2020,5,22,10,291.0,6.0,6.0,3.0,98.0,6.0,4.7,6.3,False
3419,20052211,2020,5,22,11,262.0,2.0,4.0,4.0,97.0,6.1,6.2,6.5,False
3420,20052212,2020,5,22,12,276.0,4.0,18.0,6.0,95.0,6.4,9.0,7.1,False
3421,20052213,2020,5,22,13,211.0,4.0,17.0,4.0,94.0,6.9,13.0,7.8,False
3422,20052214,2020,5,22,14,255.0,4.0,6.0,5.0,90.0,6.9,14.7,8.4,False
3423,20052215,2020,5,22,15,296.0,5.0,8.0,4.0,81.0,7.0,30.0,10.1,False
3424,20052216,2020,5,22,16,316.0,5.0,9.0,5.0,69.0,5.1,30.0,10.5,False
3425,20052217,2020,5,22,17,331.0,3.0,24.0,3.0,73.0,6.4,30.0,11.0,False
3426,20052218,2020,5,22,18,325.0,3.0,85.0,3.0,62.0,5.0,30.0,12.1,False
3427,20052219,2020,5,22,19,324.0,3.0,13.0,10.0,62.0,5.4,30.0,12.5,False
3428,20052220,2020,5,22,20,325.0,3.0,14.0,6.0,60.0,5.0,30.0,12.5,False
3429,20052221,2020,5,22,21,14.0,1.0,14.0,4.0,64.0,5.2,30.0,11.8,False
3430,20052222,2020,5,22,22,73.0,1.0,15.0,4.0,61.0,4.3,30.0,11.6,False
3431,20052223,2020,5,22,23,191.0,0.0,13.0,4.0,64.0,4.4,30.0,10.9,False
3432,20052300,2020,5,23,0,191.0,0.0,13.0,4.0,64.0,4.4,30.0,10.9,False
3433,20052301,2020,5,23,1,191.0,0.0,13.0,4.0,64.0,4.4,30.0,10.9,False
3434,20052302,2020,5,23,2,271.0,4.0,54.0,11.0,94.0,7.3,24.6,8.2,False
3435,20052303,2020,5,23,3,274.0,5.0,63.0,13.0,98.0,7.6,0.6,7.9,False
3436,20052304,2020,5,23,4,254.0,3.0,49.0,12.0,98.0,6.9,0.3,7.2,False
3437,20052305,2020,5,23,5,268.0,4.0,6.0,4.0,98.0,6.5,7.9,6.8,False
3438,20052306,2020,5,23,6,289.0,3.0,6.0,1.0,98.0,6.4,10.2,6.7,False
3439,20052307,2020,5,23,7,64.0,0.0,70.0,28.0,65.0,6.6,30.0,13.0,False
3440,20052308,2020,5,23,8,288.0,5.0,9.0,4.0,96.0,5.7,12.5,6.3,False
3441,20052309,2020,5,23,9,317.0,6.0,9.0,4.0,98.0,6.0,0.8,6.3,False
3442,20052310,2020,5,23,10,291.0,6.0,6.0,3.0,98.0,6.0,4.7,6.3,False
3443,20052311,2020,5,23,11,262.0,2.0,4.0,4.0,97.0,6.1,6.2,6.5,False
3444,20052312,2020,5,23,12,276.0,4.0,18.0,6.0,95.0,6.4,9.0,7.1,False
3445,20052313,2020,5,23,13,211.0,4.0,17.0,4.0,94.0,6.9,13.0,7.8,False
3446,20052314,2020,5,23,14,255.0,4.0,6.0,5.0,90.0,6.9,14.7,8.4,False
3447,20052315,2020,5,23,15,296.0,5.0,8.0,4.0,81.0,7.0,30.0,10.1,False
3448,20052316,2020,5,23,16,316.0,5.0,9.0,5.0,69.0,5.1,30.0,10.5,False
3449,20052317,2020,5,23,17,331.0,3.0,24.0,3.0,73.0,6.4,30.0,11.0,False
3450,20052318,2020,5,23,18,325.0,3.0,85.0,3.0,62.0,5.0,30.0,12.1,False
3451,20052319,2020,5,23,19,324.0,3.0,13.0,10.0,62.0,5.4,30.0,12.5,False
3452,20052320,2020,5,23,20,325.0,3.0,14.0,6.0,60.0,5.0,30.0,12.5,False
3453,20052321,2020,5,23,21,14.0,1.0,14.0,4.0,64.0,5.2,30.0,11.8,False
3454,20052322,2020,5,23,22,73.0,1.0,15.0,4.0,61.0,4.3,30.0,11.6,False
3455,20052323,2020,5,23,23,191.0,0.0,13.0,4.0,64.0,4.4,30.0,10.9,False
3456,20052400,2020,5,24,0,37.0,3.0,53.0,13.0,43.0,1.2,30.0,13.5,False
3457,20052401,2020,5,24,1,19.0,3.0,14.0,13.0,43.0,1.0,30.0,13.3,False
3458,20052402,2020,5,24,2,100.0,2.0,9.0,6.0,49.0,2.0,30.0,12.4,False
3459,20052403,2020,5,24,3,6.0,1.0,6.0,1.0,44.0,1.0,30.0,12.9,False
3460,20052404,2020,5,24,4,49.0,2.0,39.0,14.0,70.0,4.9,30.0,10.1,False
3461,20052405,2020,5,24,5,116.0,3.0,35.0,14.0,80.0,5.9,16.2,9.2,False
3462,20052406,2020,5,24,6,157.0,2.0,8.0,2.0,74.0,4.9,30.0,9.3,False
3463,20052407,2020,5,24,7,157.0,2.0,8.0,2.0,74.0,4.9,30.0,9.3,False
3464,20052408,2020,5,24,8,5.0,2.0,11.0,6.0,85.0,5.8,9.8,8.2,False
3465,20052409,2020,5,24,9,88.0,4.0,11.0,7.0,82.0,5.4,30.0,8.3,False
3466,20052410,2020,5,24,10,119.0,5.0,5.0,3.0,68.0,4.7,30.0,10.3,False
3467,20052411,2020,5,24,11,164.0,6.0,5.0,3.0,61.0,5.3,30.0,12.6,False
3468,20052412,2020,5,24,12,165.0,5.0,8.0,7.0,76.0,6.3,9.4,10.3,False
3469,20052413,2020,5,24,13,288.0,3.0,7.0,6.0,77.0,6.1,30.0,9.9,False
3470,20052414,2020,5,24,14,68.0,2.0,23.0,12.0,87.0,5.7,6.6,7.7,False
3471,20052415,2020,5,24,15,162.0,2.0,28.0,10.0,83.0,6.4,30.0,9.1,False
3472,20052416,2020,5,24,16,198.0,2.0,17.0,7.0,78.0,6.3,30.0,10.0,False
3473,20052417,2020,5,24,17,318.0,1.0,40.0,5.0,70.0,6.3,30.0,11.6,False
3474,20052418,2020,5,24,18,339.0,4.0,12.0,3.0,68.0,7.0,30.0,12.8,False
3475,20052419,2020,5,24,19,6.0,3.0,15.0,3.0,64.0,6.4,30.0,13.0,False
3476,20052420,2020,5,24,20,13.0,3.0,10.0,9.0,58.0,5.3,30.0,13.4,False
3477,20052421,2020,5,24,21,21.0,4.0,12.0,9.0,67.0,6.4,30.0,12.3,False
3478,20052422,2020,5,24,22,58.0,4.0,25.0,13.0,73.0,6.1,30.0,10.7,False
3479,20052423,2020,5,24,23,67.0,3.0,35.0,17.0,67.0,4.4,30.0,10.3,False
3480,20052500,2020,5,25,0,60.0,2.0,34.0,17.0,66.0,3.8,30.0,9.8,False
3481,20052501,2020,5,25,1,87.0,3.0,29.0,16.0,65.0,3.4,30.0,9.6,False
3482,20052502,2020,5,25,2,94.0,3.0,25.0,17.0,67.0,3.8,30.0,9.6,False
3483,20052503,2020,5,25,3,94.0,3.0,17.0,8.0,62.0,2.6,30.0,9.5,False
3484,20052504,2020,5,25,4,113.0,3.0,11.0,3.0,61.0,2.3,30.0,9.4,False
3485,20052505,2020,5,25,5,211.0,0.0,7.0,1.0,67.0,2.3,30.0,8.1,False
3486,20052506,2020,5,25,6,102.0,2.0,9.0,2.0,61.0,1.4,30.0,8.5,False
3487,20052507,2020,5,25,7,102.0,2.0,9.0,2.0,61.0,1.4,30.0,8.5,False
3488,20052508,2020,5,25,8,7.0,0.0,7.0,3.0,61.0,4.1,30.0,11.3,False
3489,20052509,2020,5,25,9,51.0,1.0,5.0,3.0,49.0,3.8,30.0,14.4,False
3490,20052510,2020,5,25,10,319.0,2.0,49.0,13.0,52.0,5.2,30.0,15.0,False
3491,20052511,2020,5,25,11,310.0,3.0,33.0,9.0,65.0,7.2,30.0,13.7,False
3492,20052512,2020,5,25,12,317.0,3.0,18.0,6.0,59.0,7.2,30.0,15.2,False
3493,20052513,2020,5,25,13,324.0,3.0,2.0,1.0,54.0,7.0,30.0,16.3,False
3494,20052514,2020,5,25,14,319.0,2.0,28.0,5.0,45.0,5.6,30.0,17.7,False
3495,20052515,2020,5,25,15,308.0,3.0,21.0,5.0,34.0,2.2,30.0,18.3,False
3496,20052516,2020,5,25,16,280.0,4.0,9.0,1.0,27.0,-0.2,30.0,19.2,False
3497,20052517,2020,5,25,17,303.0,5.0,8.0,4.0,25.0,-0.9,30.0,19.7,False
3498,20052518,2020,5,25,18,311.0,7.0,9.0,7.0,24.0,-1.2,30.0,20.0,False
3499,20052519,2020,5,25,19,305.0,6.0,12.0,8.0,27.0,0.1,30.0,19.6,False
3500,20052520,2020,5,25,20,318.0,7.0,12.0,9.0,25.0,-1.5,30.0,19.0,False
3501,20052521,2020,5,25,21,309.0,7.0,12.0,8.0,30.0,0.5,30.0,18.4,False
3502,20052522,2020,5,25,22,360.0,3.0,13.0,7.0,36.0,1.5,30.0,16.6,False
3503,20052523,2020,5,25,23,309.0,2.0,11.0,6.0,38.0,1.3,30.0,15.5,False
3504,20052600,2020,5,26,0,80.0,1.0,9.0,4.0,46.0,2.8,30.0,14.3,False
3505,20052601,2020,5,26,1,302.0,2.0,9.0,4.0,40.0,1.3,30.0,14.7,False
3506,20052602,2020,5,26,2,204.0,0.0,11.0,3.0,52.0,2.8,30.0,12.4,False
3507,20052603,2020,5,26,3,135.0,2.0,7.0,4.0,55.0,3.2,30.0,11.9,False
3508,20052604,2020,5,26,4,124.0,2.0,5.0,5.0,55.0,2.6,30.0,11.3,False
3509,20052605,2020,5,26,5,135.0,1.0,6.0,4.0,54.0,2.2,30.0,11.2,False
3510,20052606,2020,5,26,6,127.0,1.0,7.0,5.0,52.0,1.7,30.0,11.2,False
3511,20052607,2020,5,26,7,127.0,1.0,7.0,5.0,52.0,1.7,30.0,11.2,False
3512,20052608,2020,5,26,8,100.0,1.0,6.0,4.0,44.0,2.2,30.0,14.3,False
3513,20052609,2020,5,26,9,147.0,0.0,49.0,16.0,32.0,-0.1,30.0,16.7,False
3514,20052610,2020,5,26,10,298.0,1.0,62.0,15.0,34.0,0.9,30.0,16.8,False
3515,20052611,2020,5,26,11,308.0,1.0,79.0,15.0,33.0,1.2,30.0,17.7,False
3516,20052612,2020,5,26,12,308.0,1.0,70.0,12.0,31.0,0.9,30.0,18.3,False
3517,20052613,2020,5,26,13,298.0,4.0,2.0,1.0,28.0,0.4,30.0,19.4,False
3518,20052614,2020,5,26,14,291.0,4.0,8.0,1.0,27.0,0.7,30.0,20.3,False
3519,20052615,2020,5,26,15,316.0,3.0,12.0,3.0,25.0,0.2,30.0,20.9,False
3520,20052616,2020,5,26,16,347.0,12.0,14.0,4.0,32.0,1.9,30.0,19.0,False
3521,20052617,2020,5,26,17,187.0,5.0,15.0,7.0,36.0,3.5,30.0,18.9,False
3522,20052618,2020,5,26,18,197.0,4.0,16.0,10.0,33.0,3.1,30.0,19.8,False
3523,20052619,2020,5,26,19,160.0,1.0,15.0,10.0,32.0,2.6,30.0,19.8,False
3524,20052620,2020,5,26,20,43.0,6.0,14.0,8.0,38.0,3.3,22.3,17.8,False
3525,20052621,2020,5,26,21,143.0,3.0,16.0,8.0,47.0,5.2,30.0,16.5,False
3526,20052622,2020,5,26,22,146.0,3.0,19.0,8.0,42.0,3.5,30.0,16.4,False
3527,20052623,2020,5,26,23,136.0,4.0,17.0,8.0,46.0,4.0,30.0,15.6,False
3528,20052700,2020,5,27,0,158.0,4.0,14.0,8.0,48.0,4.0,30.0,14.9,False
3529,20052701,2020,5,27,1,153.0,3.0,11.0,8.0,42.0,2.7,30.0,15.5,False
3530,20052702,2020,5,27,2,143.0,4.0,8.0,8.0,43.0,2.4,30.0,14.8,False
3531,20052703,2020,5,27,3,141.0,2.0,6.0,5.0,47.0,2.6,30.0,13.7,False
3532,20052704,2020,5,27,4,134.0,3.0,8.0,3.0,46.0,1.9,30.0,13.3,False
3533,20052705,2020,5,27,5,135.0,3.0,126.0,43.0,45.0,1.4,30.0,13.1,False
3534,20052706,2020,5,27,6,127.0,3.0,7.0,5.0,46.0,1.2,30.0,12.5,False
3535,20052707,2020,5,27,7,150.0,2.0,10.0,6.0,46.0,1.8,30.0,13.2,False
3536,20052708,2020,5,27,8,155.0,2.0,12.0,8.0,40.0,2.6,30.0,16.2,False
3537,20052709,2020,5,27,9,217.0,1.0,12.0,7.0,34.0,2.2,30.0,18.3,False
3538,20052710,2020,5,27,10,262.0,3.0,82.0,27.0,32.0,1.9,30.0,18.9,False
3539,20052711,2020,5,27,11,297.0,3.0,71.0,15.0,26.0,0.1,30.0,20.2,False
3540,20052712,2020,5,27,12,289.0,4.0,53.0,13.0,22.0,-1.3,30.0,21.2,False
3541,20052713,2020,5,27,13,268.0,5.0,12.0,8.0,22.0,-0.7,30.0,22.0,False
3542,20052714,2020,5,27,14,298.0,6.0,16.0,8.0,20.0,-1.3,30.0,22.8,False
3543,20052715,2020,5,27,15,298.0,6.0,16.0,8.0,20.0,-1.3,30.0,22.8,False
3544,20052716,2020,5,27,16,284.0,7.0,23.0,8.0,18.0,-2.1,30.0,23.6,False
3545,20052717,2020,5,27,17,281.0,7.0,27.0,8.0,19.0,-1.7,30.0,23.2,False
3546,20052718,2020,5,27,18,278.0,9.0,19.0,8.0,18.0,-1.8,30.0,24.0,False
3547,20052719,2020,5,27,19,293.0,7.0,12.0,2.0,19.0,-1.8,30.0,23.1,False
3548,20052720,2020,5,27,20,271.0,8.0,14.0,3.0,18.0,-2.7,30.0,22.9,False
3549,20052721,2020,5,27,21,318.0,3.0,17.0,6.0,31.0,2.4,30.0,20.0,False
3550,20052722,2020,5,27,22,301.0,2.0,23.0,7.0,39.0,3.7,30.0,17.8,False
3551,20052723,2020,5,27,23,309.0,5.0,27.0,6.0,47.0,5.3,20.5,16.6,False
3552,20052800,2020,5,28,0,322.0,4.0,23.0,9.0,48.0,4.0,18.5,14.9,False
3553,20052801,2020,5,28,1,358.0,9.0,20.0,11.0,35.0,-2.6,12.5,12.4,False
3554,20052802,2020,5,28,2,108.0,4.0,20.0,13.0,65.0,5.3,18.5,11.6,False
3555,20052803,2020,5,28,3,275.0,6.0,23.0,17.0,79.0,6.1,30.0,9.6,False
3556,20052804,2020,5,28,4,271.0,2.0,42.0,26.0,87.0,5.3,24.7,7.3,False
3557,20052805,2020,5,28,5,310.0,6.0,64.0,41.0,87.0,5.1,11.0,7.1,False
3558,20052806,2020,5,28,6,235.0,2.0,50.0,36.0,87.0,4.9,10.0,6.9,False
3559,20052807,2020,5,28,7,235.0,2.0,50.0,36.0,87.0,4.9,10.0,6.9,False
3560,20052808,2020,5,28,8,319.0,6.0,18.0,9.0,81.0,2.9,17.1,5.9,False
3561,20052809,2020,5,28,9,289.0,5.0,14.0,7.0,88.0,4.6,15.9,6.4,False
3562,20052810,2020,5,28,10,255.0,2.0,18.0,12.0,71.0,2.3,20.5,7.2,False
3563,20052811,2020,5,28,11,259.0,3.0,19.0,14.0,58.0,1.0,16.9,8.8,False
3564,20052812,2020,5,28,12,298.0,6.0,26.0,18.0,51.0,0.2,30.0,9.9,False
3565,20052813,2020,5,28,13,288.0,9.0,34.0,18.0,38.0,-2.4,30.0,11.4,False
3566,20052814,2020,5,28,14,282.0,11.0,38.0,17.0,35.0,-2.3,30.0,12.8,False
3567,20052815,2020,5,28,15,316.0,10.0,36.0,14.0,39.0,-1.8,30.0,11.7,False
3568,20052816,2020,5,28,16,322.0,9.0,46.0,17.0,30.0,-4.6,30.0,12.5,False
3569,20052817,2020,5,28,17,333.0,7.0,61.0,21.0,30.0,-4.8,30.0,12.3,False
3570,20052818,2020,5,28,18,6.0,5.0,74.0,26.0,31.0,-4.4,30.0,12.2,False
3571,20052819,2020,5,28,19,46.0,5.0,83.0,30.0,33.0,-3.4,30.0,12.4,False
3572,20052820,2020,5,28,20,37.0,6.0,106.0,43.0,33.0,-4.3,30.0,11.4,False
3573,20052821,2020,5,28,21,1.0,10.0,133.0,55.0,27.0,-6.9,30.0,11.4,False
3574,20052822,2020,5,28,22,31.0,9.0,136.0,53.0,22.0,-11.0,30.0,9.7,False
3575,20052823,2020,5,28,23,72.0,7.0,114.0,50.0,23.0,-10.9,30.0,9.1,False
3576,20052900,2020,5,29,0,73.0,3.0,92.0,43.0,24.0,-10.6,30.0,8.9,False
3577,20052901,2020,5,29,1,108.0,1.0,79.0,37.0,27.0,-9.3,30.0,8.6,False
3578,20052902,2020,5,29,2,187.0,2.0,55.0,27.0,38.0,-6.4,30.0,6.9,False
3579,20052903,2020,5,29,3,165.0,4.0,38.0,19.0,34.0,-7.6,30.0,7.2,False
3580,20052904,2020,5,29,4,160.0,3.0,27.0,12.0,39.0,-6.6,30.0,6.3,False
3581,20052905,2020,5,29,5,222.0,1.0,20.0,8.0,34.0,-7.6,30.0,7.2,False
3582,20052906,2020,5,29,6,119.0,1.0,15.0,6.0,42.0,-6.0,30.0,5.9,False
3583,20052907,2020,5,29,7,0.0,0.0,12.0,4.0,42.0,-5.0,30.0,7.0,False
3584,20052908,2020,5,29,8,291.0,0.0,9.0,5.0,34.0,-6.2,30.0,8.8,False
3585,20052909,2020,5,29,9,318.0,2.0,113.0,26.0,33.0,-5.4,30.0,10.1,False
3586,20052910,2020,5,29,10,319.0,5.0,107.0,20.0,30.0,-6.3,30.0,10.5,False
3587,20052911,2020,5,29,11,316.0,6.0,80.0,15.0,27.0,-6.8,30.0,11.5,False
3588,20052912,2020,5,29,12,324.0,2.0,3.0,2.0,29.0,-6.1,30.0,11.3,False
3589,20052913,2020,5,29,13,341.0,2.0,7.0,1.0,24.0,-6.5,30.0,13.7,False
3590,20052914,2020,5,29,14,324.0,3.0,30.0,8.0,24.0,-6.5,30.0,13.7,False
3591,20052915,2020,5,29,15,336.0,6.0,21.0,8.0,20.0,-7.3,30.0,15.6,False
3592,20052916,2020,5,29,16,317.0,7.0,18.0,7.0,18.0,-8.6,30.0,15.6,False
3593,20052917,2020,5,29,17,315.0,7.0,8.0,2.0,17.0,-8.7,30.0,16.4,False
3594,20052918,2020,5,29,18,320.0,6.0,9.0,3.0,17.0,-8.7,30.0,16.4,False
3595,20052919,2020,5,29,19,330.0,4.0,12.0,5.0,18.0,-8.2,30.0,16.1,False
3596,20052920,2020,5,29,20,327.0,4.0,13.0,6.0,18.0,-8.4,30.0,15.9,False
3597,20052921,2020,5,29,21,317.0,5.0,16.0,6.0,18.0,-9.0,30.0,15.2,False
3598,20052922,2020,5,29,22,329.0,1.0,18.0,7.0,23.0,-7.4,30.0,13.3,False
3599,20052923,2020,5,29,23,21.0,0.0,17.0,8.0,25.0,-7.2,30.0,12.2,False
3600,20053000,2020,5,30,0,21.0,0.0,17.0,8.0,25.0,-7.2,30.0,12.2,False
3601,20053001,2020,5,30,1,21.0,0.0,17.0,8.0,25.0,-7.2,30.0,12.2,False
3602,20053002,2020,5,30,2,187.0,2.0,55.0,27.0,38.0,-6.4,30.0,6.9,False
3603,20053003,2020,5,30,3,165.0,4.0,38.0,19.0,34.0,-7.6,30.0,7.2,False
3604,20053004,2020,5,30,4,160.0,3.0,27.0,12.0,39.0,-6.6,30.0,6.3,False
3605,20053005,2020,5,30,5,222.0,1.0,20.0,8.0,34.0,-7.6,30.0,7.2,False
3606,20053006,2020,5,30,6,119.0,1.0,15.0,6.0,42.0,-6.0,30.0,5.9,False
3607,20053007,2020,5,30,7,0.0,0.0,12.0,4.0,42.0,-5.0,30.0,7.0,False
3608,20053008,2020,5,30,8,291.0,0.0,9.0,5.0,34.0,-6.2,30.0,8.8,False
3609,20053009,2020,5,30,9,318.0,2.0,113.0,26.0,33.0,-5.4,30.0,10.1,False
3610,20053010,2020,5,30,10,319.0,5.0,107.0,20.0,30.0,-6.3,30.0,10.5,False
3611,20053011,2020,5,30,11,316.0,6.0,80.0,15.0,27.0,-6.8,30.0,11.5,False
3612,20053012,2020,5,30,12,324.0,2.0,3.0,2.0,29.0,-6.1,30.0,11.3,False
3613,20053013,2020,5,30,13,341.0,2.0,7.0,1.0,24.0,-6.5,30.0,13.7,False
3614,20053014,2020,5,30,14,324.0,3.0,30.0,8.0,24.0,-6.5,30.0,13.7,False
3615,20053015,2020,5,30,15,336.0,6.0,21.0,8.0,20.0,-7.3,30.0,15.6,False
3616,20053016,2020,5,30,16,317.0,7.0,18.0,7.0,18.0,-8.6,30.0,15.6,False
3617,20053017,2020,5,30,17,315.0,7.0,8.0,2.0,17.0,-8.7,30.0,16.4,False
3618,20053018,2020,5,30,18,320.0,6.0,9.0,3.0,17.0,-8.7,30.0,16.4,False
3619,20053019,2020,5,30,19,330.0,4.0,12.0,5.0,18.0,-8.2,30.0,16.1,False
3620,20053020,2020,5,30,20,327.0,4.0,13.0,6.0,18.0,-8.4,30.0,15.9,False
3621,20053021,2020,5,30,21,317.0,5.0,16.0,6.0,18.0,-9.0,30.0,15.2,False
3622,20053022,2020,5,30,22,329.0,1.0,18.0,7.0,23.0,-7.4,30.0,13.3,False
3623,20053023,2020,5,30,23,21.0,0.0,17.0,8.0,25.0,-7.2,30.0,12.2,False
3624,20053100,2020,5,31,0,61.0,1.0,22.0,7.0,26.0,-5.1,30.0,14.1,False
3625,20053101,2020,5,31,1,106.0,2.0,18.0,3.0,24.0,-6.3,30.0,13.9,False
3626,20053102,2020,5,31,2,187.0,2.0,55.0,27.0,38.0,-6.4,30.0,6.9,False
3627,20053103,2020,5,31,3,165.0,4.0,38.0,19.0,34.0,-7.6,30.0,7.2,False
3628,20053104,2020,5,31,4,160.0,3.0,27.0,12.0,39.0,-6.6,30.0,6.3,False
3629,20053105,2020,5,31,5,97.0,1.0,15.0,9.0,32.0,-3.6,30.0,12.6,False
3630,20053106,2020,5,31,6,73.0,0.0,15.0,9.0,33.0,-3.6,30.0,12.2,False
3631,20053107,2020,5,31,7,291.0,2.0,17.0,10.0,33.0,-3.1,30.0,12.7,False
3632,20053108,2020,5,31,8,318.0,1.0,22.0,12.0,32.0,-2.8,30.0,13.6,False
3633,20053109,2020,5,31,9,305.0,5.0,24.0,13.0,35.0,-0.9,30.0,14.3,False
3634,20053110,2020,5,31,10,309.0,7.0,23.0,14.0,38.0,0.8,30.0,15.0,False
3635,20053111,2020,5,31,11,295.0,7.0,19.0,14.0,39.0,2.3,30.0,16.3,False
3636,20053112,2020,5,31,12,303.0,10.0,15.0,14.0,30.0,-1.0,30.0,16.6,False
3637,20053113,2020,5,31,13,307.0,10.0,12.0,12.0,20.0,-6.0,30.0,17.1,False
3638,20053114,2020,5,31,14,310.0,12.0,31.0,5.0,23.0,-3.3,30.0,18.1,False
3639,20053115,2020,5,31,15,302.0,9.0,36.0,6.0,18.0,-5.4,30.0,19.5,False
3640,20053116,2020,5,31,16,294.0,9.0,11.0,2.0,24.0,-1.6,30.0,19.5,False
3641,20053117,2020,5,31,17,291.0,7.0,14.0,12.0,20.0,-3.5,30.0,20.1,False
3642,20053118,2020,5,31,18,285.0,11.0,39.0,7.0,17.0,-5.3,30.0,20.6,False
3643,20053119,2020,5,31,19,306.0,10.0,28.0,6.0,13.0,-9.4,30.0,19.8,False
3644,20053120,2020,5,31,20,314.0,12.0,33.0,8.0,13.0,-10.1,30.0,18.9,False
3645,20053121,2020,5,31,21,303.0,6.0,44.0,8.0,15.0,-9.1,30.0,17.9,False
3646,20053122,2020,5,31,22,324.0,2.0,31.0,29.0,20.0,-7.1,30.0,15.8,False
3647,20053123,2020,5,31,23,331.0,0.0,34.0,22.0,21.0,-7.3,30.0,14.8,False
3648,20060100,2020,6,1,0,77.0,0.0,30.0,17.0,24.0,-6.3,30.0,13.9,False
3649,20060101,2020,6,1,1,187.0,1.0,26.0,14.0,29.0,-5.1,30.0,12.4,False
3650,20060102,2020,6,1,2,0.0,0.0,25.0,14.0,29.0,-5.6,30.0,11.9,False
3651,20060103,2020,6,1,3,0.0,0.0,26.0,13.0,30.0,-5.7,30.0,11.2,False
3652,20060104,2020,6,1,4,67.0,1.0,25.0,15.0,32.0,-4.4,30.0,11.7,False
3653,20060105,2020,6,1,5,92.0,3.0,27.0,16.0,35.0,-3.5,30.0,11.4,False
3654,20060106,2020,6,1,6,87.0,2.0,28.0,16.0,35.0,-3.6,30.0,11.3,False
3655,20060107,2020,6,1,7,87.0,2.0,28.0,16.0,35.0,-3.6,30.0,11.3,False
3656,20060108,2020,6,1,8,318.0,1.0,22.0,12.0,32.0,-2.8,30.0,13.6,False
3657,20060109,2020,6,1,9,307.0,2.0,21.0,11.0,22.0,-4.9,30.0,17.0,False
3658,20060110,2020,6,1,10,260.0,2.0,15.0,11.0,24.0,-3.5,30.0,17.2,False
3659,20060111,2020,6,1,11,315.0,3.0,49.0,14.0,21.0,-4.4,30.0,18.3,False
3660,20060112,2020,6,1,12,285.0,2.0,66.0,13.0,23.0,-2.4,30.0,19.2,False
3661,20060113,2020,6,1,13,333.0,7.0,50.0,10.0,19.0,-3.8,30.0,20.6,False
3662,20060114,2020,6,1,14,298.0,7.0,11.0,9.0,16.0,-5.5,30.0,21.3,False
3663,20060115,2020,6,1,15,314.0,9.0,32.0,8.0,14.0,-6.8,30.0,21.9,False
3664,20060116,2020,6,1,16,321.0,8.0,24.0,7.0,14.0,-6.2,30.0,22.6,False
3665,20060117,2020,6,1,17,305.0,9.0,37.0,11.0,14.0,-6.0,30.0,22.9,False
3666,20060118,2020,6,1,18,292.0,6.0,31.0,9.0,14.0,-5.9,30.0,23.0,False
3667,20060119,2020,6,1,19,302.0,5.0,21.0,9.0,12.0,-8.1,30.0,22.7,False
3668,20060120,2020,6,1,20,302.0,5.0,21.0,9.0,12.0,-8.1,30.0,22.7,False
3669,20060121,2020,6,1,21,317.0,7.0,29.0,11.0,13.0,-8.5,30.0,20.9,False
3670,20060122,2020,6,1,22,324.0,2.0,31.0,29.0,20.0,-7.1,30.0,15.8,False
3671,20060123,2020,6,1,23,346.0,1.0,49.0,20.0,17.0,-8.5,30.0,16.6,False
3672,20060200,2020,6,2,0,322.0,0.0,80.0,24.0,21.0,-6.6,30.0,15.7,False
3673,20060201,2020,6,2,1,0.0,0.0,72.0,26.0,26.0,-4.8,30.0,14.4,False
3674,20060202,2020,6,2,2,0.0,0.0,25.0,14.0,29.0,-5.6,30.0,11.9,False
3675,20060203,2020,6,2,3,103.0,2.0,79.0,24.0,28.0,-3.5,30.0,14.8,False
3676,20060204,2020,6,2,4,318.0,2.0,86.0,29.0,26.0,-3.2,30.0,16.3,False
3677,20060205,2020,6,2,5,352.0,1.0,10.0,2.0,29.0,-2.6,30.0,15.3,False
3678,20060206,2020,6,2,6,91.0,2.0,10.0,2.0,31.0,-2.2,30.0,14.8,False
3679,20060207,2020,6,2,7,91.0,2.0,10.0,2.0,31.0,-2.2,30.0,14.8,False
3680,20060208,2020,6,2,8,51.0,1.0,130.0,26.0,27.0,-1.3,30.0,18.0,False
3681,20060209,2020,6,2,9,290.0,3.0,9.0,3.0,25.0,-1.9,30.0,18.5,False
3682,20060210,2020,6,2,10,278.0,2.0,6.0,4.0,23.0,-2.2,30.0,19.4,False
3683,20060211,2020,6,2,11,276.0,4.0,3.0,3.0,24.0,-0.6,30.0,20.7,False
3684,20060212,2020,6,2,12,302.0,5.0,61.0,13.0,25.0,0.9,30.0,21.8,False
3685,20060213,2020,6,2,13,318.0,9.0,33.0,10.0,25.0,1.4,30.0,22.4,False
3686,20060214,2020,6,2,14,291.0,6.0,21.0,9.0,23.0,1.4,30.0,23.8,False
3687,20060215,2020,6,2,15,303.0,7.0,9.0,4.0,18.0,-1.6,30.0,24.2,False
3688,20060216,2020,6,2,16,302.0,8.0,12.0,7.0,17.0,-1.8,30.0,24.9,False
3689,20060217,2020,6,2,17,289.0,7.0,14.0,6.0,16.0,-2.1,30.0,25.5,False
3690,20060218,2020,6,2,18,287.0,6.0,14.0,6.0,16.0,-2.2,30.0,25.4,False
3691,20060219,2020,6,2,19,307.0,10.0,14.0,9.0,18.0,-1.0,30.0,24.9,False
3692,20060220,2020,6,2,20,308.0,9.0,15.0,9.0,21.0,0.6,30.0,24.3,False
3693,20060221,2020,6,2,21,318.0,9.0,19.0,6.0,23.0,1.1,30.0,23.4,False
3694,20060222,2020,6,2,22,307.0,6.0,26.0,7.0,25.0,0.8,30.0,21.7,False
3695,20060223,2020,6,2,23,325.0,3.0,30.0,11.0,29.0,1.0,30.0,19.5,False
3696,20060300,2020,6,3,0,358.0,2.0,31.0,16.0,31.0,0.8,30.0,18.2,False
3697,20060301,2020,6,3,1,26.0,1.0,28.0,15.0,34.0,1.8,30.0,17.9,False
3698,20060302,2020,6,3,2,69.0,2.0,25.0,22.0,36.0,2.0,30.0,17.2,False
3699,20060303,2020,6,3,3,79.0,1.0,20.0,18.0,36.0,1.7,30.0,16.8,False
3700,20060304,2020,6,3,4,75.0,2.0,15.0,8.0,35.0,2.1,30.0,17.7,False
3701,20060305,2020,6,3,5,346.0,3.0,14.0,4.0,49.0,4.3,16.7,14.9,False
3702,20060306,2020,6,3,6,32.0,6.0,13.0,2.0,44.0,3.3,22.6,15.5,False
3703,20060307,2020,6,3,7,61.0,3.0,15.0,4.0,39.0,2.8,30.0,16.8,False
3704,20060308,2020,6,3,8,343.0,2.0,17.0,6.0,35.0,3.0,30.0,18.8,False
3705,20060309,2020,6,3,9,290.0,3.0,9.0,3.0,25.0,-1.9,30.0,18.5,False
3706,20060310,2020,6,3,10,303.0,4.0,11.0,5.0,30.0,2.1,30.0,20.2,False
3707,20060311,2020,6,3,11,289.0,5.0,299.0,42.0,29.0,2.5,30.0,21.2,False
3708,20060312,2020,6,3,12,301.0,7.0,69.0,39.0,28.0,2.7,30.0,22.0,False
3709,20060313,2020,6,3,13,290.0,5.0,8.0,6.0,26.0,2.7,30.0,23.3,False
3710,20060314,2020,6,3,14,275.0,8.0,11.0,5.0,24.0,2.0,30.0,23.8,False
3711,20060315,2020,6,3,15,288.0,10.0,18.0,9.0,25.0,2.8,30.0,24.0,False
3712,20060316,2020,6,3,16,310.0,11.0,25.0,12.0,23.0,1.9,30.0,24.4,False
3713,20060317,2020,6,3,17,313.0,11.0,30.0,12.0,23.0,1.3,30.0,23.6,False
3714,20060318,2020,6,3,18,307.0,10.0,34.0,12.0,25.0,1.8,30.0,22.9,False
3715,20060319,2020,6,3,19,317.0,10.0,33.0,13.0,29.0,2.9,30.0,21.7,False
3716,20060320,2020,6,3,20,317.0,9.0,35.0,14.0,29.0,1.9,30.0,20.5,False
3717,20060321,2020,6,3,21,320.0,6.0,40.0,17.0,31.0,2.2,30.0,19.8,False
3718,20060322,2020,6,3,22,316.0,2.0,44.0,17.0,36.0,3.0,30.0,18.3,False
3719,20060323,2020,6,3,23,305.0,4.0,46.0,20.0,36.0,2.3,30.0,17.5,False
3720,20060400,2020,6,4,0,305.0,4.0,46.0,20.0,36.0,2.3,30.0,17.5,False
3721,20060401,2020,6,4,1,305.0,4.0,46.0,20.0,36.0,2.3,30.0,17.5,False
3722,20060402,2020,6,4,2,69.0,2.0,25.0,22.0,36.0,2.0,30.0,17.2,False
3723,20060403,2020,6,4,3,79.0,1.0,20.0,18.0,36.0,1.7,30.0,16.8,False
3724,20060404,2020,6,4,4,75.0,2.0,15.0,8.0,35.0,2.1,30.0,17.7,False
3725,20060405,2020,6,4,5,346.0,3.0,14.0,4.0,49.0,4.3,16.7,14.9,False
3726,20060406,2020,6,4,6,32.0,6.0,13.0,2.0,44.0,3.3,22.6,15.5,False
3727,20060407,2020,6,4,7,61.0,3.0,15.0,4.0,39.0,2.8,30.0,16.8,False
3728,20060408,2020,6,4,8,343.0,2.0,17.0,6.0,35.0,3.0,30.0,18.8,False
3729,20060409,2020,6,4,9,280.0,2.0,9.0,4.0,39.0,3.0,30.0,17.1,False
3730,20060410,2020,6,4,10,303.0,4.0,11.0,5.0,30.0,2.1,30.0,20.2,False
3731,20060411,2020,6,4,11,289.0,5.0,299.0,42.0,29.0,2.5,30.0,21.2,False
3732,20060412,2020,6,4,12,301.0,7.0,69.0,39.0,28.0,2.7,30.0,22.0,False
3733,20060413,2020,6,4,13,290.0,5.0,8.0,6.0,26.0,2.7,30.0,23.3,False
3734,20060414,2020,6,4,14,275.0,8.0,11.0,5.0,24.0,2.0,30.0,23.8,False
3735,20060415,2020,6,4,15,288.0,10.0,18.0,9.0,25.0,2.8,30.0,24.0,False
3736,20060416,2020,6,4,16,310.0,11.0,25.0,12.0,23.0,1.9,30.0,24.4,False
3737,20060417,2020,6,4,17,313.0,11.0,30.0,12.0,23.0,1.3,30.0,23.6,False
3738,20060418,2020,6,4,18,307.0,10.0,34.0,12.0,25.0,1.8,30.0,22.9,False
3739,20060419,2020,6,4,19,317.0,10.0,33.0,13.0,29.0,2.9,30.0,21.7,False
3740,20060420,2020,6,4,20,317.0,9.0,35.0,14.0,29.0,1.9,30.0,20.5,False
3741,20060421,2020,6,4,21,320.0,6.0,40.0,17.0,31.0,2.2,30.0,19.8,False
3742,20060422,2020,6,4,22,316.0,2.0,44.0,17.0,36.0,3.0,30.0,18.3,False
3743,20060423,2020,6,4,23,305.0,4.0,46.0,20.0,36.0,2.3,30.0,17.5,False
3744,20060500,2020,6,5,0,110.0,2.0,32.0,4.0,41.0,2.8,30.0,16.0,False
3745,20060501,2020,6,5,1,92.0,2.0,28.0,6.0,41.0,2.5,30.0,15.7,False
3746,20060502,2020,6,5,2,130.0,1.0,22.0,6.0,43.0,2.7,30.0,15.2,False
3747,20060503,2020,6,5,3,172.0,3.0,17.0,7.0,43.0,1.9,30.0,14.3,False
3748,20060504,2020,6,5,4,176.0,4.0,13.0,4.0,39.0,1.9,30.0,15.8,False
3749,20060505,2020,6,5,5,152.0,5.0,12.0,3.0,43.0,2.2,30.0,14.6,False
3750,20060506,2020,6,5,6,151.0,4.0,12.0,4.0,41.0,2.0,30.0,15.1,False
3751,20060507,2020,6,5,7,168.0,4.0,11.0,4.0,42.0,2.6,30.0,15.4,False
3752,20060508,2020,6,5,8,153.0,4.0,11.0,4.0,39.0,3.3,30.0,17.4,False
3753,20060509,2020,6,5,9,280.0,2.0,9.0,4.0,39.0,3.0,30.0,17.1,False
3754,20060510,2020,6,5,10,254.0,4.0,8.0,8.0,38.0,3.6,30.0,18.1,False
3755,20060511,2020,6,5,11,202.0,6.0,113.0,16.0,28.0,2.8,30.0,22.2,False
3756,20060512,2020,6,5,12,309.0,6.0,11.0,10.0,35.0,4.0,30.0,19.9,False
3757,20060513,2020,6,5,13,337.0,3.0,25.0,22.0,40.0,5.6,30.0,19.6,False
3758,20060514,2020,6,5,14,206.0,1.0,36.0,26.0,35.0,4.2,30.0,20.1,False
3759,20060515,2020,6,5,15,239.0,3.0,38.0,19.0,29.0,3.2,30.0,22.0,False
3760,20060516,2020,6,5,16,260.0,9.0,47.0,22.0,28.0,3.3,30.0,22.7,False
3761,20060517,2020,6,5,17,295.0,5.0,54.0,26.0,40.0,6.5,17.6,20.5,False
3762,20060518,2020,6,5,18,301.0,10.0,47.0,26.0,66.0,9.2,17.5,15.5,False
3763,20060519,2020,6,5,19,153.0,2.0,42.0,24.0,53.0,7.5,30.0,17.1,False
3764,20060520,2020,6,5,20,313.0,13.0,44.0,25.0,88.0,10.1,30.0,12.0,False
3765,20060521,2020,6,5,21,322.0,4.0,113.0,58.0,90.0,5.8,30.0,7.3,False
3766,20060522,2020,6,5,22,324.0,5.0,185.0,100.0,89.0,5.1,30.0,6.8,False
3767,20060523,2020,6,5,23,88.0,1.0,147.0,75.0,96.0,4.0,7.2,4.6,False
3768,20060600,2020,6,6,0,8.0,3.0,93.0,45.0,92.0,3.3,30.0,4.5,False
3769,20060601,2020,6,6,1,323.0,5.0,68.0,35.0,90.0,3.1,30.0,4.6,False
3770,20060602,2020,6,6,2,315.0,7.0,53.0,31.0,89.0,2.6,30.0,4.2,False
3771,20060603,2020,6,6,3,335.0,5.0,38.0,20.0,86.0,1.8,30.0,3.9,False
3772,20060604,2020,6,6,4,328.0,5.0,23.0,10.0,81.0,0.4,30.0,3.3,False
3773,20060605,2020,6,6,5,334.0,3.0,16.0,6.0,82.0,-0.2,30.0,2.6,False
3774,20060606,2020,6,6,6,346.0,4.0,39.0,15.0,86.0,-0.3,30.0,1.8,False
3775,20060607,2020,6,6,7,356.0,3.0,72.0,31.0,86.0,-0.6,30.0,1.5,False
3776,20060608,2020,6,6,8,42.0,3.0,89.0,44.0,72.0,-1.7,30.0,2.8,False
3777,20060609,2020,6,6,9,339.0,0.0,88.0,51.0,66.0,-1.3,30.0,4.5,False
3778,20060610,2020,6,6,10,333.0,4.0,77.0,45.0,67.0,-0.3,30.0,5.3,False
3779,20060611,2020,6,6,11,341.0,6.0,75.0,38.0,57.0,-1.3,30.0,6.6,False
3780,20060612,2020,6,6,12,316.0,5.0,68.0,33.0,53.0,-1.8,30.0,7.1,False
3781,20060613,2020,6,6,13,298.0,5.0,58.0,26.0,47.0,-2.4,30.0,8.2,False
3782,20060614,2020,6,6,14,257.0,7.0,44.0,22.0,45.0,-1.8,30.0,9.5,False
3783,20060615,2020,6,6,15,281.0,5.0,35.0,14.0,40.0,-2.9,30.0,10.1,False
3784,20060616,2020,6,6,16,278.0,9.0,30.0,10.0,35.0,-3.4,30.0,11.5,False
3785,20060617,2020,6,6,17,295.0,5.0,54.0,26.0,40.0,6.5,17.6,20.5,False
3786,20060618,2020,6,6,18,282.0,12.0,33.0,15.0,24.0,-7.4,30.0,12.6,False
3787,20060619,2020,6,6,19,307.0,9.0,40.0,19.0,54.0,0.0,30.0,8.8,False
3788,20060620,2020,6,6,20,307.0,6.0,37.0,18.0,53.0,-0.5,30.0,8.5,False
3789,20060621,2020,6,6,21,324.0,5.0,31.0,10.0,56.0,-1.2,30.0,7.0,False
3790,20060622,2020,6,6,22,330.0,2.0,27.0,9.0,60.0,-1.5,30.0,5.6,False
3791,20060623,2020,6,6,23,335.0,1.0,26.0,13.0,68.0,-0.9,30.0,4.5,False
3792,20060700,2020,6,7,0,272.0,1.0,26.0,12.0,61.0,-2.6,30.0,4.2,False
3793,20060701,2020,6,7,1,255.0,1.0,26.0,22.0,64.0,-3.2,30.0,2.9,False
3794,20060702,2020,6,7,2,129.0,1.0,45.0,16.0,62.0,-3.2,30.0,3.4,False
3795,20060703,2020,6,7,3,1.0,1.0,21.0,17.0,54.0,-4.4,30.0,4.1,False
3796,20060704,2020,6,7,4,293.0,2.0,17.0,11.0,55.0,-3.9,30.0,4.3,False
3797,20060705,2020,6,7,5,341.0,1.0,16.0,9.0,61.0,-2.9,30.0,3.9,False
3798,20060706,2020,6,7,6,342.0,2.0,16.0,9.0,64.0,-2.5,30.0,3.7,False
3799,20060707,2020,6,7,7,342.0,2.0,16.0,9.0,64.0,-2.5,30.0,3.7,False
3800,20060708,2020,6,7,8,351.0,2.0,24.0,13.0,75.0,-0.9,30.0,3.1,False
3801,20060709,2020,6,7,9,6.0,3.0,28.0,13.0,78.0,0.1,30.0,3.6,False
3802,20060710,2020,6,7,10,314.0,2.0,28.0,12.0,78.0,0.7,30.0,4.2,False
3803,20060711,2020,6,7,11,327.0,3.0,23.0,11.0,64.0,0.2,30.0,6.5,False
3804,20060712,2020,6,7,12,311.0,4.0,17.0,7.0,51.0,-2.3,30.0,7.1,False
3805,20060713,2020,6,7,13,299.0,5.0,12.0,7.0,48.0,-1.7,30.0,8.7,False
3806,20060714,2020,6,7,14,293.0,6.0,11.0,7.0,40.0,-2.6,30.0,10.4,False
3807,20060715,2020,6,7,15,290.0,7.0,8.0,4.0,36.0,-3.9,30.0,10.5,False
3808,20060716,2020,6,7,16,303.0,7.0,8.0,7.0,36.0,-3.8,30.0,10.7,False
3809,20060717,2020,6,7,17,302.0,7.0,9.0,4.0,30.0,-5.6,30.0,11.3,False
3810,20060718,2020,6,7,18,304.0,5.0,9.0,5.0,29.0,-5.0,30.0,12.5,False
3811,20060719,2020,6,7,19,305.0,5.0,8.0,5.0,30.0,-4.9,30.0,12.2,False
3812,20060720,2020,6,7,20,319.0,6.0,9.0,5.0,33.0,-4.1,30.0,11.6,False
3813,20060721,2020,6,7,21,325.0,4.0,14.0,6.0,34.0,-4.2,30.0,11.0,False
3814,20060722,2020,6,7,22,316.0,4.0,18.0,8.0,37.0,-4.3,30.0,9.7,False
3815,20060723,2020,6,7,23,302.0,1.0,18.0,8.0,39.0,-4.7,30.0,8.4,False
3816,20060800,2020,6,8,0,302.0,1.0,18.0,8.0,39.0,-4.7,30.0,8.4,False
3817,20060801,2020,6,8,1,302.0,1.0,18.0,8.0,39.0,-4.7,30.0,8.4,False
3818,20060802,2020,6,8,2,129.0,1.0,45.0,16.0,62.0,-3.2,30.0,3.4,False
3819,20060803,2020,6,8,3,1.0,1.0,21.0,17.0,54.0,-4.4,30.0,4.1,False
3820,20060804,2020,6,8,4,293.0,2.0,17.0,11.0,55.0,-3.9,30.0,4.3,False
3821,20060805,2020,6,8,5,341.0,1.0,16.0,9.0,61.0,-2.9,30.0,3.9,False
3822,20060806,2020,6,8,6,342.0,2.0,16.0,9.0,64.0,-2.5,30.0,3.7,False
3823,20060807,2020,6,8,7,56.0,2.0,4.0,2.0,44.0,-1.7,30.0,10.0,False
3824,20060808,2020,6,8,8,351.0,2.0,24.0,13.0,75.0,-0.9,30.0,3.1,False
3825,20060809,2020,6,8,9,6.0,3.0,28.0,13.0,78.0,0.1,30.0,3.6,False
3826,20060810,2020,6,8,10,314.0,2.0,28.0,12.0,78.0,0.7,30.0,4.2,False
3827,20060811,2020,6,8,11,327.0,3.0,23.0,11.0,64.0,0.2,30.0,6.5,False
3828,20060812,2020,6,8,12,311.0,4.0,17.0,7.0,51.0,-2.3,30.0,7.1,False
3829,20060813,2020,6,8,13,299.0,5.0,12.0,7.0,48.0,-1.7,30.0,8.7,False
3830,20060814,2020,6,8,14,293.0,6.0,11.0,7.0,40.0,-2.6,30.0,10.4,False
3831,20060815,2020,6,8,15,290.0,7.0,8.0,4.0,36.0,-3.9,30.0,10.5,False
3832,20060816,2020,6,8,16,303.0,7.0,8.0,7.0,36.0,-3.8,30.0,10.7,False
3833,20060817,2020,6,8,17,302.0,7.0,9.0,4.0,30.0,-5.6,30.0,11.3,False
3834,20060818,2020,6,8,18,304.0,5.0,9.0,5.0,29.0,-5.0,30.0,12.5,False
3835,20060819,2020,6,8,19,305.0,5.0,8.0,5.0,30.0,-4.9,30.0,12.2,False
3836,20060820,2020,6,8,20,319.0,6.0,9.0,5.0,33.0,-4.1,30.0,11.6,False
3837,20060821,2020,6,8,21,325.0,4.0,14.0,6.0,34.0,-4.2,30.0,11.0,False
3838,20060822,2020,6,8,22,316.0,4.0,18.0,8.0,37.0,-4.3,30.0,9.7,False
3839,20060823,2020,6,8,23,302.0,1.0,18.0,8.0,39.0,-4.7,30.0,8.4,False
3840,20060900,2020,6,9,0,1.0,1.0,15.0,7.0,40.0,-3.0,30.0,10.0,False
3841,20060901,2020,6,9,1,48.0,1.0,13.0,7.0,41.0,-3.0,30.0,9.6,False
3842,20060902,2020,6,9,2,81.0,2.0,11.0,7.0,42.0,-2.9,30.0,9.3,False
3843,20060903,2020,6,9,3,90.0,1.0,12.0,7.0,44.0,-2.5,30.0,9.1,False
3844,20060904,2020,6,9,4,99.0,2.0,12.0,7.0,44.0,-2.8,30.0,8.8,False
3845,20060905,2020,6,9,5,93.0,3.0,9.0,6.0,45.0,-2.7,30.0,8.6,False
3846,20060906,2020,6,9,6,56.0,3.0,6.0,5.0,44.0,-2.8,30.0,8.8,False
3847,20060907,2020,6,9,7,56.0,2.0,4.0,2.0,44.0,-1.7,30.0,10.0,False
3848,20060908,2020,6,9,8,349.0,2.0,4.0,1.0,42.0,-0.6,30.0,11.9,False
3849,20060909,2020,6,9,9,6.0,1.0,2.0,1.0,38.0,-0.4,30.0,13.6,False
3850,20060910,2020,6,9,10,31.0,1.0,90.0,17.0,33.0,-1.5,30.0,14.6,False
3851,20060911,2020,6,9,11,237.0,2.0,89.0,14.0,32.0,-1.9,30.0,14.6,False
3852,20060912,2020,6,9,12,333.0,3.0,48.0,11.0,30.0,-1.7,30.0,15.8,False
3853,20060913,2020,6,9,13,322.0,4.0,35.0,10.0,27.0,-2.2,30.0,16.9,False
3854,20060914,2020,6,9,14,309.0,3.0,17.0,8.0,26.0,-2.1,30.0,17.6,False
3855,20060915,2020,6,9,15,295.0,3.0,34.0,6.0,25.0,-1.3,30.0,19.2,False
3856,20060916,2020,6,9,16,353.0,3.0,5.0,3.0,22.0,-2.6,30.0,19.7,False
3857,20060917,2020,6,9,17,236.0,3.0,23.0,7.0,19.0,-4.9,30.0,19.3,False
3858,20060918,2020,6,9,18,278.0,7.0,28.0,6.0,19.0,-4.1,30.0,20.3,False
3859,20060919,2020,6,9,19,304.0,4.0,11.0,10.0,20.0,-4.4,30.0,19.1,False
3860,20060920,2020,6,9,20,294.0,6.0,13.0,11.0,20.0,-4.4,30.0,19.1,False
3861,20060921,2020,6,9,21,283.0,5.0,16.0,4.0,21.0,-4.5,30.0,18.2,False
3862,20060922,2020,6,9,22,328.0,3.0,37.0,14.0,25.0,-3.9,30.0,16.1,False
3863,20060923,2020,6,9,23,354.0,3.0,54.0,17.0,27.0,-3.9,30.0,14.9,False
3864,20061000,2020,6,10,0,69.0,3.0,57.0,21.0,29.0,-3.7,30.0,14.1,False
3865,20061001,2020,6,10,1,65.0,3.0,51.0,20.0,29.0,-3.8,30.0,13.9,False
3866,20061002,2020,6,10,2,95.0,3.0,46.0,23.0,30.0,-4.0,30.0,13.2,False
3867,20061003,2020,6,10,3,122.0,2.0,61.0,25.0,34.0,-3.3,30.0,12.1,False
3868,20061004,2020,6,10,4,129.0,3.0,82.0,26.0,34.0,-3.5,30.0,11.8,False
3869,20061005,2020,6,10,5,158.0,1.0,122.0,30.0,35.0,-3.3,30.0,11.6,False
3870,20061006,2020,6,10,6,94.0,2.0,151.0,31.0,35.0,-3.6,30.0,11.3,False
3871,20061007,2020,6,10,7,94.0,2.0,151.0,31.0,35.0,-3.6,30.0,11.3,False
3872,20061008,2020,6,10,8,0.0,0.0,124.0,25.0,40.0,0.9,30.0,14.3,False
3873,20061009,2020,6,10,9,298.0,2.0,54.0,19.0,39.0,0.6,30.0,14.4,False
3874,20061010,2020,6,10,10,288.0,1.0,47.0,16.0,38.0,1.3,30.0,15.5,False
3875,20061011,2020,6,10,11,266.0,1.0,47.0,15.0,34.0,0.9,30.0,16.8,False
3876,20061012,2020,6,10,12,270.0,3.0,72.0,14.0,32.0,0.9,30.0,17.8,False
3877,20061013,2020,6,10,13,292.0,5.0,46.0,14.0,29.0,0.2,30.0,18.6,False
3878,20061014,2020,6,10,14,261.0,8.0,15.0,8.0,27.0,0.2,30.0,19.7,False
3879,20061015,2020,6,10,15,275.0,7.0,29.0,12.0,27.0,-0.1,30.0,19.4,False
3880,20061016,2020,6,10,16,299.0,5.0,31.0,14.0,27.0,-0.7,30.0,18.7,False
3881,20061017,2020,6,10,17,311.0,9.0,26.0,8.0,27.0,-0.1,30.0,19.3,False
3882,20061018,2020,6,10,18,326.0,5.0,19.0,2.0,28.0,-0.4,30.0,18.4,False
3883,20061019,2020,6,10,19,326.0,6.0,15.0,4.0,29.0,-0.2,30.0,18.1,False
3884,20061020,2020,6,10,20,351.0,4.0,15.0,5.0,56.0,5.2,18.0,13.8,False
3885,20061021,2020,6,10,21,318.0,5.0,15.0,7.0,44.0,2.6,30.0,14.7,False
3886,20061022,2020,6,10,22,299.0,1.0,18.0,7.0,47.0,2.3,30.0,13.4,False
3887,20061023,2020,6,10,23,33.0,0.0,18.0,9.0,50.0,2.6,30.0,12.8,False
3888,20061100,2020,6,11,0,346.0,0.0,18.0,8.0,49.0,2.3,30.0,12.7,False
3889,20061101,2020,6,11,1,0.0,0.0,12.0,9.0,46.0,1.5,30.0,12.8,False
3890,20061102,2020,6,11,2,240.0,0.0,10.0,7.0,49.0,1.2,30.0,11.5,False
3891,20061103,2020,6,11,3,170.0,1.0,12.0,8.0,53.0,1.5,30.0,10.7,False
3892,20061104,2020,6,11,4,156.0,1.0,12.0,9.0,55.0,1.7,30.0,10.3,False
3893,20061105,2020,6,11,5,164.0,3.0,10.0,10.0,55.0,1.2,30.0,9.8,False
3894,20061106,2020,6,11,6,203.0,2.0,11.0,9.0,57.0,1.3,30.0,9.4,False
3895,20061107,2020,6,11,7,203.0,2.0,11.0,9.0,57.0,1.3,30.0,9.4,False
3896,20061108,2020,6,11,8,175.0,1.0,12.0,8.0,46.0,1.8,30.0,13.1,False
3897,20061109,2020,6,11,9,244.0,1.0,13.0,10.0,21.0,-7.6,30.0,14.4,False
3898,20061110,2020,6,11,10,262.0,3.0,15.0,10.0,23.0,-5.7,30.0,15.3,False
3899,20061111,2020,6,11,11,262.0,4.0,10.0,8.0,29.0,-2.1,30.0,15.9,False
3900,20061112,2020,6,11,12,275.0,2.0,25.0,6.0,31.0,-0.8,30.0,16.4,False
3901,20061113,2020,6,11,13,271.0,3.0,20.0,5.0,28.0,-1.1,30.0,17.6,False
3902,20061114,2020,6,11,14,266.0,6.0,23.0,4.0,27.0,-0.9,30.0,18.4,False
3903,20061115,2020,6,11,15,299.0,8.0,23.0,7.0,23.0,-2.3,30.0,19.3,False
3904,20061116,2020,6,11,16,306.0,8.0,24.0,3.0,21.0,-3.9,30.0,18.9,False
3905,20061117,2020,6,11,17,311.0,9.0,15.0,4.0,22.0,-3.8,30.0,18.3,False
3906,20061118,2020,6,11,18,335.0,7.0,18.0,4.0,25.0,-2.4,30.0,17.9,False
3907,20061119,2020,6,11,19,330.0,9.0,20.0,2.0,25.0,-2.0,30.0,18.4,False
3908,20061120,2020,6,11,20,321.0,7.0,21.0,1.0,25.0,-3.2,30.0,17.0,False
3909,20061121,2020,6,11,21,318.0,5.0,15.0,7.0,44.0,2.6,30.0,14.7,False
3910,20061122,2020,6,11,22,322.0,4.0,24.0,4.0,36.0,-0.6,30.0,14.3,False
3911,20061123,2020,6,11,23,341.0,2.0,23.0,6.0,41.0,0.0,30.0,12.9,False
3912,20061200,2020,6,12,0,33.0,4.0,20.0,5.0,42.0,-0.7,30.0,11.8,False
3913,20061201,2020,6,12,1,34.0,5.0,17.0,2.0,35.0,-2.9,30.0,12.1,False
3914,20061202,2020,6,12,2,80.0,6.0,10.0,1.0,17.0,-12.5,30.0,11.8,False
3915,20061203,2020,6,12,3,78.0,5.0,25.0,13.0,20.0,-10.2,30.0,12.1,False
3916,20061204,2020,6,12,4,85.0,6.0,8.0,6.0,18.0,-11.6,30.0,12.0,False
3917,20061205,2020,6,12,5,82.0,5.0,10.0,4.0,17.0,-12.7,30.0,11.5,False
3918,20061206,2020,6,12,6,75.0,4.0,11.0,4.0,16.0,-13.7,30.0,11.2,False
3919,20061207,2020,6,12,7,75.0,4.0,11.0,4.0,16.0,-13.7,30.0,11.2,False
3920,20061208,2020,6,12,8,65.0,2.0,8.0,7.0,15.0,-12.1,30.0,14.1,False
3921,20061209,2020,6,12,9,68.0,5.0,9.0,6.0,14.0,-12.0,30.0,15.3,False
3922,20061210,2020,6,12,10,83.0,4.0,14.0,3.0,13.0,-12.3,30.0,16.1,False
3923,20061211,2020,6,12,11,89.0,3.0,15.0,5.0,12.0,-12.5,30.0,17.2,False
3924,20061212,2020,6,12,12,58.0,3.0,16.0,9.0,10.0,-14.0,30.0,18.1,False
3925,20061213,2020,6,12,13,70.0,3.0,15.0,9.0,10.0,-14.0,30.0,18.1,False
3926,20061214,2020,6,12,14,76.0,3.0,16.0,11.0,9.0,-14.7,30.0,18.9,False
3927,20061215,2020,6,12,15,17.0,2.0,19.0,11.0,9.0,-14.1,30.0,19.7,False
3928,20061216,2020,6,12,16,28.0,2.0,24.0,13.0,8.0,-15.1,30.0,20.2,False
3929,20061217,2020,6,12,17,67.0,5.0,25.0,12.0,9.0,-13.2,30.0,20.9,False
3930,20061218,2020,6,12,18,11.0,6.0,20.0,10.0,8.0,-14.1,30.0,21.6,False
3931,20061219,2020,6,12,19,45.0,2.0,16.0,9.0,8.0,-14.5,30.0,21.0,False
3932,20061220,2020,6,12,20,42.0,5.0,14.0,6.0,8.0,-14.7,30.0,20.7,False
3933,20061221,2020,6,12,21,20.0,4.0,15.0,7.0,8.0,-15.3,30.0,19.9,False
3934,20061222,2020,6,12,22,63.0,1.0,18.0,7.0,10.0,-13.8,30.0,18.4,False
3935,20061223,2020,6,12,23,115.0,3.0,20.0,6.0,13.0,-12.1,30.0,16.4,False
3936,20061300,2020,6,13,0,115.0,3.0,20.0,6.0,13.0,-12.1,30.0,16.4,False
3937,20061301,2020,6,13,1,115.0,3.0,20.0,6.0,13.0,-12.1,30.0,16.4,False
3938,20061302,2020,6,13,2,80.0,6.0,10.0,1.0,17.0,-12.5,30.0,11.8,False
3939,20061303,2020,6,13,3,78.0,5.0,25.0,13.0,20.0,-10.2,30.0,12.1,False
3940,20061304,2020,6,13,4,85.0,6.0,8.0,6.0,18.0,-11.6,30.0,12.0,False
3941,20061305,2020,6,13,5,82.0,5.0,10.0,4.0,17.0,-12.7,30.0,11.5,False
3942,20061306,2020,6,13,6,75.0,4.0,11.0,4.0,16.0,-13.7,30.0,11.2,False
3943,20061307,2020,6,13,7,133.0,3.0,10.0,6.0,20.0,-6.9,30.0,16.0,False
3944,20061308,2020,6,13,8,65.0,2.0,8.0,7.0,15.0,-12.1,30.0,14.1,False
3945,20061309,2020,6,13,9,68.0,5.0,9.0,6.0,14.0,-12.0,30.0,15.3,False
3946,20061310,2020,6,13,10,83.0,4.0,14.0,3.0,13.0,-12.3,30.0,16.1,False
3947,20061311,2020,6,13,11,89.0,3.0,15.0,5.0,12.0,-12.5,30.0,17.2,False
3948,20061312,2020,6,13,12,58.0,3.0,16.0,9.0,10.0,-14.0,30.0,18.1,False
3949,20061313,2020,6,13,13,70.0,3.0,15.0,9.0,10.0,-14.0,30.0,18.1,False
3950,20061314,2020,6,13,14,76.0,3.0,16.0,11.0,9.0,-14.7,30.0,18.9,False
3951,20061315,2020,6,13,15,17.0,2.0,19.0,11.0,9.0,-14.1,30.0,19.7,False
3952,20061316,2020,6,13,16,28.0,2.0,24.0,13.0,8.0,-15.1,30.0,20.2,False
3953,20061317,2020,6,13,17,67.0,5.0,25.0,12.0,9.0,-13.2,30.0,20.9,False
3954,20061318,2020,6,13,18,11.0,6.0,20.0,10.0,8.0,-14.1,30.0,21.6,False
3955,20061319,2020,6,13,19,45.0,2.0,16.0,9.0,8.0,-14.5,30.0,21.0,False
3956,20061320,2020,6,13,20,42.0,5.0,14.0,6.0,8.0,-14.7,30.0,20.7,False
3957,20061321,2020,6,13,21,20.0,4.0,15.0,7.0,8.0,-15.3,30.0,19.9,False
3958,20061322,2020,6,13,22,63.0,1.0,18.0,7.0,10.0,-13.8,30.0,18.4,False
3959,20061323,2020,6,13,23,115.0,3.0,20.0,6.0,13.0,-12.1,30.0,16.4,False
3960,20061400,2020,6,14,0,119.0,5.0,36.0,12.0,15.0,-9.0,30.0,18.0,False
3961,20061401,2020,6,14,1,113.0,4.0,33.0,10.0,16.0,-8.5,30.0,17.6,False
3962,20061402,2020,6,14,2,120.0,5.0,26.0,6.0,15.0,-9.3,30.0,17.7,False
3963,20061403,2020,6,14,3,114.0,3.0,21.0,9.0,14.0,-10.5,30.0,17.2,False
3964,20061404,2020,6,14,4,116.0,5.0,18.0,12.0,15.0,-9.9,30.0,16.9,False
3965,20061405,2020,6,14,5,105.0,4.0,17.0,12.0,15.0,-9.3,30.0,17.6,False
3966,20061406,2020,6,14,6,136.0,3.0,13.0,9.0,19.0,-8.4,30.0,15.0,False
3967,20061407,2020,6,14,7,133.0,3.0,10.0,6.0,20.0,-6.9,30.0,16.0,False
3968,20061408,2020,6,14,8,120.0,3.0,10.0,6.0,21.0,-5.5,30.0,17.0,False
3969,20061409,2020,6,14,9,128.0,0.0,61.0,16.0,22.0,-4.5,30.0,17.4,False
3970,20061410,2020,6,14,10,141.0,0.0,15.0,4.0,17.0,-5.3,30.0,20.6,False
3971,20061411,2020,6,14,11,232.0,5.0,16.0,6.0,17.0,-5.3,30.0,20.6,False
3972,20061412,2020,6,14,12,267.0,3.0,17.0,9.0,15.0,-6.2,30.0,21.5,False
3973,20061413,2020,6,14,13,310.0,2.0,20.0,11.0,14.0,-5.9,30.0,23.0,False
3974,20061414,2020,6,14,14,269.0,3.0,19.0,12.0,15.0,-4.4,30.0,23.8,False
3975,20061415,2020,6,14,15,277.0,3.0,24.0,19.0,17.0,-2.9,30.0,23.5,False
3976,20061416,2020,6,14,16,58.0,4.0,26.0,16.0,16.0,-4.6,30.0,22.5,False
3977,20061417,2020,6,14,17,17.0,4.0,23.0,12.0,18.0,-3.6,30.0,21.8,False
3978,20061418,2020,6,14,18,323.0,8.0,20.0,10.0,21.0,-1.9,30.0,21.3,False
3979,20061419,2020,6,14,19,291.0,9.0,19.0,10.0,26.0,-0.2,30.0,19.9,False
3980,20061420,2020,6,14,20,292.0,5.0,20.0,10.0,28.0,0.4,30.0,19.3,False
3981,20061421,2020,6,14,21,266.0,2.0,25.0,12.0,28.0,-0.2,30.0,18.7,False
3982,20061422,2020,6,14,22,261.0,3.0,30.0,14.0,30.0,-0.4,30.0,17.3,False
3983,20061423,2020,6,14,23,132.0,0.0,25.0,10.0,30.0,-0.6,30.0,17.1,False
3984,20061500,2020,6,15,0,192.0,5.0,18.0,3.0,36.0,1.4,30.0,16.5,False
3985,20061501,2020,6,15,1,148.0,5.0,46.0,12.0,39.0,1.4,30.0,15.3,False
3986,20061502,2020,6,15,2,162.0,5.0,7.0,3.0,39.0,1.5,30.0,15.4,False
3987,20061503,2020,6,15,3,165.0,3.0,57.0,15.0,43.0,1.4,30.0,13.8,False
3988,20061504,2020,6,15,4,176.0,2.0,5.0,5.0,45.0,1.2,30.0,12.8,False
3989,20061505,2020,6,15,5,158.0,1.0,7.0,3.0,45.0,1.4,30.0,13.1,False
3990,20061506,2020,6,15,6,178.0,1.0,8.0,3.0,46.0,2.4,30.0,13.8,False
3991,20061507,2020,6,15,7,119.0,2.0,9.0,4.0,50.0,3.5,30.0,13.7,False
3992,20061508,2020,6,15,8,162.0,2.0,10.0,6.0,44.0,3.9,30.0,16.1,False
3993,20061509,2020,6,15,9,173.0,2.0,77.0,14.0,37.0,2.8,30.0,17.7,False
3994,20061510,2020,6,15,10,202.0,4.0,11.0,5.0,33.0,2.4,30.0,19.0,False
3995,20061511,2020,6,15,11,226.0,7.0,50.0,11.0,31.0,2.2,30.0,19.8,False
3996,20061512,2020,6,15,12,216.0,5.0,40.0,11.0,31.0,1.8,30.0,19.3,False
3997,20061513,2020,6,15,13,194.0,6.0,36.0,8.0,49.0,6.1,30.0,16.9,False
3998,20061514,2020,6,15,14,153.0,4.0,8.0,7.0,36.0,3.4,30.0,18.8,False
3999,20061515,2020,6,15,15,280.0,7.0,10.0,6.0,30.0,2.0,30.0,20.1,False
4000,20061516,2020,6,15,16,299.0,6.0,10.0,4.0,25.0,0.7,30.0,21.5,False
4001,20061517,2020,6,15,17,293.0,7.0,11.0,4.0,23.0,0.3,30.0,22.4,False
4002,20061518,2020,6,15,18,290.0,6.0,14.0,5.0,23.0,-0.1,30.0,21.9,False
4003,20061519,2020,6,15,19,305.0,8.0,14.0,6.0,23.0,0.1,30.0,22.2,False
4004,20061520,2020,6,15,20,308.0,9.0,12.0,7.0,28.0,1.8,30.0,21.0,False
4005,20061521,2020,6,15,21,326.0,5.0,14.0,10.0,30.0,2.0,30.0,20.1,False
4006,20061522,2020,6,15,22,331.0,5.0,21.0,20.0,33.0,2.1,30.0,18.7,False
4007,20061523,2020,6,15,23,359.0,2.0,24.0,15.0,37.0,2.4,30.0,17.2,False
4008,20061600,2020,6,16,0,352.0,4.0,21.0,8.0,41.0,3.4,30.0,16.7,False
4009,20061601,2020,6,16,1,41.0,1.0,17.0,4.0,47.0,4.0,30.0,15.2,False
4010,20061602,2020,6,16,2,274.0,0.0,13.0,4.0,51.0,4.4,30.0,14.4,False
4011,20061603,2020,6,16,3,296.0,0.0,10.0,4.0,52.0,4.5,30.0,14.2,False
4012,20061604,2020,6,16,4,130.0,0.0,6.0,3.0,59.0,5.4,30.0,13.2,False
4013,20061605,2020,6,16,5,108.0,1.0,99.0,28.0,59.0,5.4,30.0,13.2,False
4014,20061606,2020,6,16,6,100.0,1.0,5.0,4.0,60.0,5.4,30.0,13.0,False
4015,20061607,2020,6,16,7,129.0,2.0,6.0,4.0,58.0,5.4,30.0,13.5,False
4016,20061608,2020,6,16,8,129.0,1.0,7.0,4.0,44.0,5.0,30.0,17.4,False
4017,20061609,2020,6,16,9,317.0,1.0,8.0,6.0,43.0,5.2,30.0,18.0,False
4018,20061610,2020,6,16,10,342.0,2.0,5.0,5.0,41.0,5.1,30.0,18.6,False
4019,20061611,2020,6,16,11,342.0,3.0,128.0,24.0,27.0,0.6,30.0,20.2,False
4020,20061612,2020,6,16,12,305.0,3.0,91.0,18.0,25.0,0.7,30.0,21.6,False
4021,20061613,2020,6,16,13,338.0,5.0,67.0,16.0,23.0,0.5,30.0,22.7,False
4022,20061614,2020,6,16,14,311.0,3.0,40.0,13.0,21.0,-0.5,30.0,23.0,False
4023,20061615,2020,6,16,15,300.0,6.0,25.0,12.0,20.0,-0.5,30.0,23.8,False
4024,20061616,2020,6,16,16,283.0,5.0,12.0,11.0,17.0,-2.2,30.0,24.4,False
4025,20061617,2020,6,16,17,288.0,5.0,14.0,10.0,18.0,-0.7,30.0,25.3,False
4026,20061618,2020,6,16,18,337.0,4.0,14.0,10.0,17.0,-1.6,30.0,25.2,False
4027,20061619,2020,6,16,19,302.0,5.0,14.0,10.0,16.0,-2.7,30.0,24.8,False
4028,20061620,2020,6,16,20,303.0,5.0,16.0,10.0,17.0,-2.2,30.0,24.4,False
4029,20061621,2020,6,16,21,309.0,7.0,20.0,9.0,19.0,-1.6,30.0,23.3,False
4030,20061622,2020,6,16,22,325.0,3.0,23.0,10.0,21.0,-1.9,30.0,21.3,False
4031,20061623,2020,6,16,23,355.0,1.0,26.0,10.0,25.0,-1.3,30.0,19.2,False
4032,20061700,2020,6,17,0,296.0,0.0,25.0,9.0,29.0,0.1,30.0,18.4,False
4033,20061701,2020,6,17,1,88.0,1.0,24.0,6.0,31.0,0.0,30.0,17.3,False
4034,20061702,2020,6,17,2,101.0,1.0,22.0,7.0,35.0,0.5,30.0,15.9,False
4035,20061703,2020,6,17,3,98.0,2.0,20.0,8.0,38.0,2.0,30.0,16.3,False
4036,20061704,2020,6,17,4,91.0,3.0,16.0,8.0,35.0,1.4,15.1,16.9,False
4037,20061705,2020,6,17,5,120.0,3.0,15.0,7.0,33.0,-0.1,30.0,16.2,False
4038,20061706,2020,6,17,6,105.0,3.0,13.0,8.0,28.0,-1.5,30.0,17.1,False
4039,20061707,2020,6,17,7,105.0,3.0,13.0,8.0,28.0,-1.5,30.0,17.1,False
4040,20061708,2020,6,17,8,93.0,2.0,54.0,18.0,26.0,0.3,30.0,20.4,False
4041,20061709,2020,6,17,9,56.0,1.0,10.0,8.0,23.0,0.4,30.0,22.5,False
4042,20061710,2020,6,17,10,72.0,1.0,10.0,5.0,22.0,0.6,30.0,23.5,False
4043,20061711,2020,6,17,11,360.0,1.0,8.0,7.0,22.0,0.6,30.0,23.5,False
4044,20061712,2020,6,17,12,63.0,2.0,10.0,8.0,21.0,0.8,30.0,24.5,False
4045,20061713,2020,6,17,13,265.0,1.0,13.0,10.0,20.0,0.4,30.0,24.9,False
4046,20061714,2020,6,17,14,213.0,3.0,15.0,11.0,19.0,-0.2,30.0,25.0,False
4047,20061715,2020,6,17,15,247.0,4.0,59.0,10.0,18.0,-0.6,30.0,25.4,False
4048,20061716,2020,6,17,16,319.0,1.0,21.0,5.0,17.0,-0.8,30.0,26.1,False
4049,20061717,2020,6,17,17,161.0,3.0,26.0,11.0,17.0,-0.9,30.0,26.0,False
4050,20061718,2020,6,17,18,212.0,2.0,31.0,14.0,16.0,-1.7,30.0,26.1,False
4051,20061719,2020,6,17,19,214.0,5.0,33.0,13.0,14.0,-2.9,30.0,26.8,False
4052,20061720,2020,6,17,20,185.0,2.0,37.0,16.0,16.0,-1.7,30.0,26.1,False
4053,20061721,2020,6,17,21,209.0,1.0,42.0,19.0,18.0,-1.3,30.0,24.6,False
4054,20061722,2020,6,17,22,150.0,2.0,44.0,22.0,20.0,-1.1,30.0,23.0,False
4055,20061723,2020,6,17,23,144.0,3.0,43.0,24.0,19.0,-2.0,30.0,22.8,False
4056,20061800,2020,6,18,0,160.0,3.0,45.0,31.0,21.0,-1.4,30.0,21.9,False
4057,20061801,2020,6,18,1,73.0,0.0,44.0,27.0,22.0,-1.3,30.0,21.3,False
4058,20061802,2020,6,18,2,119.0,4.0,36.0,19.0,23.0,-1.3,30.0,20.5,False
4059,20061803,2020,6,18,3,154.0,4.0,29.0,13.0,24.0,-0.8,30.0,20.4,False
4060,20061804,2020,6,18,4,259.0,3.0,22.0,11.0,40.0,3.5,30.0,17.2,False
4061,20061805,2020,6,18,5,70.0,3.0,22.0,11.0,49.0,5.9,30.0,16.6,False
4062,20061806,2020,6,18,6,293.0,7.0,35.0,16.0,67.0,8.0,30.0,14.0,False
4063,20061807,2020,6,18,7,303.0,5.0,69.0,27.0,88.0,9.8,30.0,11.7,False
4064,20061808,2020,6,18,8,55.0,1.0,75.0,31.0,90.0,10.0,30.0,11.6,False
4065,20061809,2020,6,18,9,50.0,2.0,67.0,32.0,73.0,9.3,30.0,14.1,False
4066,20061810,2020,6,18,10,317.0,4.0,53.0,31.0,62.0,8.8,30.0,16.1,False
4067,20061811,2020,6,18,11,269.0,2.0,37.0,27.0,61.0,9.1,30.0,16.6,False
4068,20061812,2020,6,18,12,265.0,4.0,27.0,21.0,55.0,8.6,30.0,17.7,False
4069,20061813,2020,6,18,13,290.0,5.0,27.0,19.0,52.0,8.8,30.0,18.9,False
4070,20061814,2020,6,18,14,279.0,7.0,31.0,18.0,39.0,5.6,30.0,20.0,False
4071,20061815,2020,6,18,15,296.0,4.0,41.0,21.0,36.0,4.9,30.0,20.5,False
4072,20061816,2020,6,18,16,315.0,7.0,53.0,25.0,31.0,2.7,30.0,20.4,False
4073,20061817,2020,6,18,17,330.0,3.0,57.0,27.0,30.0,2.5,30.0,20.7,False
4074,20061818,2020,6,18,18,324.0,6.0,59.0,29.0,32.0,3.3,30.0,20.5,False
4075,20061819,2020,6,18,19,342.0,7.0,58.0,28.0,31.0,2.6,30.0,20.3,False
4076,20061820,2020,6,18,20,315.0,6.0,54.0,24.0,28.0,0.9,30.0,19.9,False
4077,20061821,2020,6,18,21,319.0,7.0,50.0,18.0,27.0,-0.7,30.0,18.7,False
4078,20061822,2020,6,18,22,333.0,6.0,44.0,15.0,28.0,-0.9,30.0,17.8,False
4079,20061823,2020,6,18,23,326.0,4.0,32.0,14.0,31.0,-0.2,30.0,17.0,False
4080,20061900,2020,6,19,0,333.0,2.0,20.0,9.0,34.0,0.5,30.0,16.4,False
4081,20061901,2020,6,19,1,350.0,4.0,12.0,8.0,36.0,1.2,30.0,16.3,False
4082,20061902,2020,6,19,2,13.0,2.0,51.0,23.0,38.0,1.9,30.0,16.2,False
4083,20061903,2020,6,19,3,162.0,1.0,2.0,1.0,40.0,2.1,30.0,15.6,False
4084,20061904,2020,6,19,4,169.0,1.0,52.0,24.0,43.0,2.2,30.0,14.6,False
4085,20061905,2020,6,19,5,223.0,3.0,46.0,23.0,47.0,1.7,30.0,12.7,False
4086,20061906,2020,6,19,6,176.0,1.0,12.0,11.0,56.0,3.6,30.0,12.1,False
4087,20061907,2020,6,19,7,176.0,1.0,12.0,11.0,56.0,3.6,30.0,12.1,False
4088,20061908,2020,6,19,8,1.0,1.0,15.0,2.0,55.0,4.6,30.0,13.5,False
4089,20061909,2020,6,19,9,29.0,2.0,16.0,9.0,47.0,4.7,30.0,16.0,False
4090,20061910,2020,6,19,10,310.0,1.0,23.0,16.0,43.0,3.9,30.0,16.5,False
4091,20061911,2020,6,19,11,301.0,3.0,26.0,16.0,33.0,1.6,30.0,18.1,False
4092,20061912,2020,6,19,12,312.0,6.0,24.0,16.0,32.0,1.7,30.0,18.7,False
4093,20061913,2020,6,19,13,303.0,6.0,20.0,14.0,31.0,2.4,30.0,20.0,False
4094,20061914,2020,6,19,14,295.0,4.0,19.0,12.0,31.0,2.4,30.0,20.0,False
4095,20061915,2020,6,19,15,284.0,3.0,20.0,13.0,30.0,2.6,30.0,20.8,False
4096,20061916,2020,6,19,16,265.0,4.0,21.0,12.0,29.0,2.3,30.0,21.0,False
4097,20061917,2020,6,19,17,321.0,4.0,19.0,14.0,30.0,2.1,30.0,20.2,False
4098,20061918,2020,6,19,18,296.0,5.0,16.0,16.0,29.0,1.1,30.0,19.6,False
4099,20061919,2020,6,19,19,315.0,5.0,15.0,14.0,29.0,0.7,30.0,19.1,False
4100,20061920,2020,6,19,20,312.0,7.0,13.0,8.0,30.0,0.8,30.0,18.7,False
4101,20061921,2020,6,19,21,308.0,4.0,10.0,5.0,32.0,1.2,30.0,18.2,False
4102,20061922,2020,6,19,22,321.0,4.0,10.0,5.0,35.0,1.9,30.0,17.5,False
4103,20061923,2020,6,19,23,291.0,2.0,7.0,1.0,34.0,1.2,30.0,17.2,False
4104,20062000,2020,6,20,0,182.0,7.0,31.0,15.0,70.0,7.6,30.0,12.9,False
4105,20062001,2020,6,20,1,200.0,4.0,21.0,16.0,69.0,7.0,30.0,12.5,False
4106,20062002,2020,6,20,2,180.0,6.0,39.0,18.0,69.0,6.9,30.0,12.4,False
4107,20062003,2020,6,20,3,162.0,1.0,2.0,1.0,40.0,2.1,30.0,15.6,False
4108,20062004,2020,6,20,4,206.0,3.0,28.0,17.0,68.0,6.3,30.0,12.0,False
4109,20062005,2020,6,20,5,219.0,0.0,5.0,5.0,64.0,5.5,30.0,12.1,False
4110,20062006,2020,6,20,6,254.0,2.0,7.0,4.0,63.0,5.6,30.0,12.4,False
4111,20062007,2020,6,20,7,254.0,2.0,7.0,4.0,63.0,5.6,30.0,12.4,False
4112,20062008,2020,6,20,8,235.0,1.0,8.0,4.0,64.0,6.4,30.0,13.0,False
4113,20062009,2020,6,20,9,261.0,2.0,5.0,1.0,57.0,5.7,30.0,14.1,False
4114,20062010,2020,6,20,10,332.0,3.0,2.0,1.0,47.0,4.4,30.0,15.7,False
4115,20062011,2020,6,20,11,319.0,3.0,39.0,10.0,39.0,3.0,30.0,17.1,False
4116,20062012,2020,6,20,12,331.0,3.0,50.0,9.0,38.0,3.1,30.0,17.6,False
4117,20062013,2020,6,20,13,311.0,3.0,37.0,8.0,36.0,3.6,30.0,19.0,False
4118,20062014,2020,6,20,14,334.0,5.0,23.0,7.0,38.0,3.9,30.0,18.5,False
4119,20062015,2020,6,20,15,272.0,4.0,14.0,7.0,28.0,0.9,30.0,19.9,False
4120,20062016,2020,6,20,16,293.0,6.0,3.0,3.0,25.0,0.4,30.0,21.2,False
4121,20062017,2020,6,20,17,288.0,5.0,4.0,2.0,22.0,-0.8,30.0,21.9,False
4122,20062018,2020,6,20,18,296.0,4.0,6.0,2.0,20.0,-2.3,30.0,21.6,False
4123,20062019,2020,6,20,19,298.0,7.0,6.0,2.0,20.0,-2.2,30.0,21.7,False
4124,20062020,2020,6,20,20,259.0,5.0,8.0,3.0,20.0,-2.5,30.0,21.3,False
4125,20062021,2020,6,20,21,305.0,4.0,16.0,8.0,21.0,-2.7,30.0,20.3,False
4126,20062022,2020,6,20,22,299.0,2.0,25.0,11.0,23.0,-2.8,30.0,18.7,False
4127,20062023,2020,6,20,23,271.0,2.0,30.0,12.0,28.0,-2.6,30.0,15.9,False
4128,20062100,2020,6,21,0,181.0,3.0,141.0,51.0,31.0,-2.2,30.0,14.8,False
4129,20062101,2020,6,21,1,224.0,2.0,464.0,176.0,30.0,-2.4,30.0,15.0,False
4130,20062102,2020,6,21,2,302.0,8.0,533.0,212.0,60.0,3.4,18.4,10.9,False
4131,20062103,2020,6,21,3,312.0,9.0,436.0,188.0,78.0,4.5,30.0,8.1,False
4132,20062104,2020,6,21,4,317.0,10.0,331.0,149.0,82.0,4.4,30.0,7.3,False
4133,20062105,2020,6,21,5,334.0,4.0,210.0,98.0,87.0,4.9,30.0,6.9,False
4134,20062106,2020,6,21,6,24.0,1.0,118.0,55.0,91.0,5.6,30.0,7.0,False
4135,20062107,2020,6,21,7,263.0,4.0,61.0,25.0,94.0,6.0,30.0,6.9,False
4136,20062108,2020,6,21,8,265.0,4.0,28.0,13.0,94.0,5.8,30.0,6.7,False
4137,20062109,2020,6,21,9,252.0,4.0,13.0,8.0,85.0,5.3,30.0,7.7,False
4138,20062110,2020,6,21,10,260.0,5.0,50.0,35.0,73.0,4.2,30.0,8.8,False
4139,20062111,2020,6,21,11,257.0,7.0,64.0,4.0,61.0,2.6,30.0,9.8,False
4140,20062112,2020,6,21,12,257.0,7.0,12.0,11.0,51.0,1.3,30.0,11.0,False
4141,20062113,2020,6,21,13,248.0,9.0,15.0,13.0,43.0,0.4,30.0,12.6,False
4142,20062114,2020,6,21,14,271.0,6.0,12.0,11.0,39.0,-0.9,30.0,12.7,False
4143,20062115,2020,6,21,15,266.0,7.0,10.0,8.0,30.0,-4.2,30.0,13.0,False
4144,20062116,2020,6,21,16,273.0,6.0,12.0,7.0,29.0,-4.3,30.0,13.3,False
4145,20062117,2020,6,21,17,239.0,8.0,14.0,7.0,27.0,-4.6,30.0,14.1,False
4146,20062118,2020,6,21,18,253.0,8.0,15.0,9.0,28.0,-4.6,30.0,13.5,False
4147,20062119,2020,6,21,19,247.0,6.0,17.0,12.0,30.0,-3.7,30.0,13.5,False
4148,20062120,2020,6,21,20,282.0,6.0,19.0,13.0,30.0,-4.2,30.0,12.9,False
4149,20062121,2020,6,21,21,276.0,6.0,21.0,13.0,34.0,-3.8,30.0,11.5,False
4150,20062122,2020,6,21,22,306.0,6.0,24.0,10.0,37.0,-4.3,30.0,9.7,False
4151,20062123,2020,6,21,23,319.0,3.0,18.0,5.0,41.0,-4.4,30.0,8.1,False
4152,20062200,2020,6,22,0,0.0,0.0,8.0,4.0,45.0,-3.8,30.0,7.3,False
4153,20062201,2020,6,22,1,153.0,2.0,5.0,3.0,47.0,-3.9,30.0,6.6,False
4154,20062202,2020,6,22,2,179.0,3.0,4.0,3.0,39.0,-4.7,30.0,8.4,False
4155,20062203,2020,6,22,3,194.0,3.0,45.0,20.0,39.0,-4.7,30.0,8.4,False
4156,20062204,2020,6,22,4,299.0,0.0,42.0,20.0,60.0,-2.3,30.0,4.8,False
4157,20062205,2020,6,22,5,255.0,0.0,4.0,1.0,56.0,-2.9,30.0,5.1,False
4158,20062206,2020,6,22,6,0.0,0.0,20.0,14.0,55.0,-3.8,30.0,4.5,False
4159,20062207,2020,6,22,7,0.0,0.0,20.0,14.0,55.0,-3.8,30.0,4.5,False
4160,20062208,2020,6,22,8,130.0,2.0,7.0,1.0,47.0,-3.6,30.0,6.9,False
4161,20062209,2020,6,22,9,335.0,2.0,6.0,2.0,45.0,-3.7,30.0,7.5,False
4162,20062210,2020,6,22,10,239.0,3.0,26.0,9.0,42.0,-3.1,30.0,9.1,False
4163,20062211,2020,6,22,11,299.0,3.0,40.0,7.0,36.0,-4.3,30.0,10.1,False
4164,20062212,2020,6,22,12,270.0,5.0,22.0,7.0,27.0,-6.9,30.0,11.4,False
4165,20062213,2020,6,22,13,256.0,4.0,27.0,6.0,24.0,-7.9,30.0,12.0,False
4166,20062214,2020,6,22,14,267.0,5.0,33.0,6.0,22.0,-8.8,30.0,12.3,False
4167,20062215,2020,6,22,15,350.0,2.0,12.0,11.0,21.0,-8.6,30.0,13.2,False
4168,20062216,2020,6,22,16,296.0,4.0,16.0,12.0,18.0,-10.2,30.0,13.7,False
4169,20062217,2020,6,22,17,281.0,5.0,19.0,11.0,22.0,-7.5,30.0,13.9,False
4170,20062218,2020,6,22,18,301.0,4.0,21.0,12.0,22.0,-7.1,30.0,14.3,False
4171,20062219,2020,6,22,19,315.0,4.0,21.0,12.0,23.0,-6.8,30.0,14.0,False
4172,20062220,2020,6,22,20,331.0,6.0,20.0,12.0,23.0,-6.9,30.0,13.9,False
4173,20062221,2020,6,22,21,329.0,6.0,21.0,10.0,26.0,-6.1,30.0,12.9,False
4174,20062222,2020,6,22,22,327.0,3.0,27.0,8.0,28.0,-6.5,30.0,11.4,False
4175,20062223,2020,6,22,23,358.0,2.0,24.0,6.0,31.0,-6.5,30.0,9.8,False
4176,20062300,2020,6,23,0,29.0,2.0,26.0,10.0,33.0,-6.1,30.0,9.3,False
4177,20062301,2020,6,23,1,66.0,3.0,46.0,12.0,34.0,-6.2,30.0,8.8,False
4178,20062302,2020,6,23,2,73.0,2.0,43.0,11.0,36.0,-5.6,30.0,8.6,False
4179,20062303,2020,6,23,3,50.0,4.0,2.0,1.0,34.0,-5.8,30.0,9.2,False
4180,20062304,2020,6,23,4,58.0,6.0,24.0,9.0,36.0,-5.1,30.0,9.2,False
4181,20062305,2020,6,23,5,103.0,4.0,3.0,3.0,34.0,-6.1,30.0,8.9,False
4182,20062306,2020,6,23,6,106.0,3.0,20.0,8.0,29.0,-8.9,30.0,8.1,False
4183,20062307,2020,6,23,7,106.0,3.0,20.0,8.0,29.0,-8.9,30.0,8.1,False
4184,20062308,2020,6,23,8,59.0,2.0,6.0,3.0,25.0,-7.7,30.0,11.7,False
4185,20062309,2020,6,23,9,183.0,1.0,6.0,2.0,25.0,-6.1,30.0,13.5,False
4186,20062310,2020,6,23,10,235.0,2.0,3.0,1.0,23.0,-6.9,30.0,13.9,False
4187,20062311,2020,6,23,11,268.0,2.0,96.0,9.0,21.0,-6.9,30.0,15.3,False
4188,20062312,2020,6,23,12,320.0,3.0,27.0,6.0,19.0,-6.7,30.0,17.1,False
4189,20062313,2020,6,23,13,275.0,2.0,115.0,28.0,17.0,-7.2,30.0,18.3,False
4190,20062314,2020,6,23,14,245.0,2.0,75.0,34.0,16.0,-6.9,30.0,19.6,False
4191,20062315,2020,6,23,15,231.0,3.0,7.0,7.0,14.0,-7.8,30.0,20.6,False
4192,20062316,2020,6,23,16,322.0,2.0,12.0,9.0,12.0,-8.7,30.0,22.0,False
4193,20062317,2020,6,23,17,290.0,3.0,21.0,3.0,12.0,-8.5,30.0,22.2,False
4194,20062318,2020,6,23,18,280.0,3.0,10.0,4.0,11.0,-9.3,30.0,22.6,False
4195,20062319,2020,6,23,19,309.0,3.0,21.0,14.0,11.0,-9.2,30.0,22.8,False
4196,20062320,2020,6,23,20,252.0,3.0,24.0,13.0,11.0,-9.5,30.0,22.4,False
4197,20062321,2020,6,23,21,260.0,2.0,25.0,14.0,12.0,-9.2,30.0,21.4,False
4198,20062322,2020,6,23,22,288.0,1.0,28.0,14.0,13.0,-9.6,30.0,19.6,False
4199,20062323,2020,6,23,23,161.0,1.0,30.0,12.0,17.0,-8.5,30.0,16.6,False
4200,20062400,2020,6,24,0,189.0,1.0,27.0,10.0,19.0,-7.9,30.0,15.6,False
4201,20062401,2020,6,24,1,102.0,0.0,23.0,11.0,20.0,-7.8,30.0,15.0,False
4202,20062402,2020,6,24,2,90.0,2.0,15.0,12.0,21.0,-7.5,30.0,14.6,False
4203,20062403,2020,6,24,3,118.0,2.0,70.0,23.0,25.0,-6.6,30.0,12.9,False
4204,20062404,2020,6,24,4,124.0,2.0,79.0,26.0,26.0,-6.1,30.0,12.9,False
4205,20062405,2020,6,24,5,99.0,2.0,8.0,7.0,27.0,-5.8,30.0,12.7,False
4206,20062406,2020,6,24,6,92.0,2.0,8.0,6.0,26.0,-6.0,30.0,13.0,False
4207,20062407,2020,6,24,7,110.0,3.0,7.0,5.0,25.0,-6.3,30.0,13.3,False
4208,20062408,2020,6,24,8,118.0,2.0,7.0,6.0,24.0,-4.3,30.0,16.3,False
4209,20062409,2020,6,24,9,327.0,1.0,105.0,25.0,21.0,-4.3,30.0,18.4,False
4210,20062410,2020,6,24,10,293.0,1.0,9.0,2.0,21.0,-3.8,30.0,19.0,False
4211,20062411,2020,6,24,11,306.0,1.0,8.0,6.0,20.0,-3.7,30.0,19.9,False
4212,20062412,2020,6,24,12,257.0,2.0,84.0,17.0,20.0,-3.5,30.0,20.1,False
4213,20062413,2020,6,24,13,248.0,4.0,54.0,13.0,18.0,-4.3,30.0,20.9,False
4214,20062414,2020,6,24,14,280.0,5.0,50.0,11.0,17.0,-5.3,30.0,20.6,False
4215,20062415,2020,6,24,15,241.0,6.0,21.0,10.0,18.0,-4.5,30.0,20.6,False
4216,20062416,2020,6,24,16,236.0,5.0,20.0,10.0,18.0,-3.6,30.0,21.7,False
4217,20062417,2020,6,24,17,256.0,6.0,24.0,10.0,18.0,-3.6,30.0,21.7,False
4218,20062418,2020,6,24,18,266.0,6.0,28.0,10.0,20.0,-2.4,30.0,21.5,False
4219,20062419,2020,6,24,19,267.0,3.0,32.0,10.0,19.0,-3.0,30.0,21.6,False
4220,20062420,2020,6,24,20,275.0,3.0,53.0,11.0,22.0,-1.9,30.0,20.5,False
4221,20062421,2020,6,24,21,262.0,3.0,32.0,12.0,23.0,-1.5,30.0,20.3,False
4222,20062422,2020,6,24,22,262.0,3.0,22.0,15.0,26.0,-1.6,30.0,18.2,False
4223,20062423,2020,6,24,23,265.0,2.0,25.0,12.0,32.0,-0.1,30.0,16.7,False
4224,20062500,2020,6,25,0,248.0,2.0,19.0,7.0,37.0,1.2,30.0,15.9,False
4225,20062501,2020,6,25,1,224.0,2.0,57.0,22.0,43.0,3.0,30.0,15.5,False
4226,20062502,2020,6,25,2,234.0,3.0,57.0,22.0,44.0,3.2,30.0,15.4,False
4227,20062503,2020,6,25,3,215.0,2.0,53.0,22.0,45.0,3.4,30.0,15.3,False
4228,20062504,2020,6,25,4,281.0,6.0,46.0,21.0,49.0,3.9,30.0,14.5,False
4229,20062505,2020,6,25,5,306.0,2.0,33.0,15.0,63.0,5.8,30.0,12.7,False
4230,20062506,2020,6,25,6,32.0,0.0,23.0,12.0,66.0,6.2,30.0,12.4,False
4231,20062507,2020,6,25,7,32.0,0.0,23.0,12.0,66.0,6.2,30.0,12.4,False
4232,20062508,2020,6,25,8,213.0,1.0,12.0,8.0,61.0,6.0,30.0,13.4,False
4233,20062509,2020,6,25,9,194.0,1.0,10.0,7.0,55.0,6.2,30.0,15.2,False
4234,20062510,2020,6,25,10,274.0,3.0,5.0,4.0,47.0,6.0,30.0,17.4,False
4235,20062511,2020,6,25,11,294.0,4.0,57.0,10.0,43.0,6.0,30.0,18.8,False
4236,20062512,2020,6,25,12,306.0,4.0,19.0,8.0,39.0,5.5,30.0,19.9,False
4237,20062513,2020,6,25,13,294.0,3.0,37.0,6.0,36.0,5.0,30.0,20.6,False
4238,20062514,2020,6,25,14,256.0,3.0,19.0,5.0,31.0,4.4,30.0,22.3,False
4239,20062515,2020,6,25,15,301.0,7.0,15.0,5.0,25.0,1.9,30.0,23.0,False
4240,20062516,2020,6,25,16,334.0,5.0,17.0,6.0,23.0,0.9,30.0,23.2,False
4241,20062517,2020,6,25,17,278.0,5.0,23.0,5.0,18.0,-2.5,30.0,23.1,False
4242,20062518,2020,6,25,18,304.0,5.0,18.0,5.0,18.0,-3.1,30.0,22.4,False
4243,20062519,2020,6,25,19,295.0,7.0,20.0,10.0,20.0,-1.6,30.0,22.5,False
4244,20062520,2020,6,25,20,298.0,7.0,21.0,12.0,22.0,-0.6,30.0,22.1,False
4245,20062521,2020,6,25,21,288.0,6.0,22.0,14.0,24.0,0.1,30.0,21.5,False
4246,20062522,2020,6,25,22,292.0,4.0,23.0,15.0,23.0,-1.2,30.0,20.6,False
4247,20062523,2020,6,25,23,321.0,2.0,22.0,18.0,28.0,0.0,30.0,18.9,False
4248,20062600,2020,6,26,0,306.0,5.0,22.0,21.0,37.0,1.5,30.0,16.2,False
4249,20062601,2020,6,26,1,240.0,1.0,69.0,64.0,39.0,1.3,30.0,15.1,False
4250,20062602,2020,6,26,2,334.0,2.0,69.0,40.0,33.0,-0.6,30.0,15.6,False
4251,20062603,2020,6,26,3,327.0,2.0,18.0,16.0,36.0,-0.1,30.0,14.8,False
4252,20062604,2020,6,26,4,104.0,2.0,19.0,17.0,34.0,-0.7,30.0,15.0,False
4253,20062605,2020,6,26,5,146.0,1.0,19.0,15.0,36.0,-1.2,30.0,13.6,False
4254,20062606,2020,6,26,6,136.0,2.0,19.0,13.0,38.0,-1.0,30.0,13.0,False
4255,20062607,2020,6,26,7,136.0,2.0,19.0,13.0,38.0,-1.0,30.0,13.0,False
4256,20062608,2020,6,26,8,0.0,0.0,18.0,14.0,39.0,0.7,30.0,14.5,False
4257,20062609,2020,6,26,9,95.0,1.0,15.0,13.0,31.0,-0.6,30.0,16.6,False
4258,20062610,2020,6,26,10,29.0,0.0,8.0,8.0,29.0,-0.3,30.0,18.0,False
4259,20062611,2020,6,26,11,269.0,0.0,3.0,2.0,28.0,-0.4,30.0,18.4,False
4260,20062612,2020,6,26,12,246.0,1.0,42.0,7.0,27.0,-0.1,30.0,19.4,False
4261,20062613,2020,6,26,13,240.0,7.0,49.0,40.0,25.0,-0.1,30.0,20.6,False
4262,20062614,2020,6,26,14,247.0,4.0,48.0,37.0,24.0,0.1,30.0,21.5,False
4263,20062615,2020,6,26,15,211.0,4.0,50.0,30.0,23.0,-0.5,30.0,21.5,False
4264,20062616,2020,6,26,16,233.0,5.0,17.0,2.0,22.0,-0.7,30.0,22.0,False
4265,20062617,2020,6,26,17,218.0,6.0,16.0,2.0,22.0,-0.4,30.0,22.3,False
4266,20062618,2020,6,26,18,243.0,6.0,13.0,3.0,20.0,-1.2,30.0,22.9,False
4267,20062619,2020,6,26,19,244.0,7.0,16.0,10.0,19.0,-1.9,30.0,22.9,False
4268,20062620,2020,6,26,20,251.0,6.0,18.0,15.0,19.0,-2.3,30.0,22.4,False
4269,20062621,2020,6,26,21,275.0,5.0,21.0,13.0,20.0,-2.0,30.0,22.0,False
4270,20062622,2020,6,26,22,276.0,2.0,23.0,11.0,23.0,-2.2,30.0,19.5,False
4271,20062623,2020,6,26,23,125.0,1.0,23.0,10.0,28.0,-1.7,30.0,16.9,False
4272,20062700,2020,6,27,0,89.0,1.0,20.0,11.0,28.0,-2.1,30.0,16.5,False
4273,20062701,2020,6,27,1,113.0,3.0,16.0,13.0,29.0,-2.1,30.0,15.9,False
4274,20062702,2020,6,27,2,109.0,3.0,34.0,24.0,29.0,-2.1,30.0,15.9,False
4275,20062703,2020,6,27,3,121.0,4.0,54.0,25.0,31.0,-1.8,30.0,15.2,False
4276,20062704,2020,6,27,4,144.0,4.0,61.0,23.0,29.0,-2.1,30.0,15.9,False
4277,20062705,2020,6,27,5,153.0,5.0,10.0,10.0,33.0,-2.0,30.0,14.0,False
4278,20062706,2020,6,27,6,147.0,5.0,9.0,8.0,31.0,-2.2,30.0,14.8,False
4279,20062707,2020,6,27,7,147.0,5.0,9.0,8.0,31.0,-2.2,30.0,14.8,False
4280,20062708,2020,6,27,8,161.0,4.0,10.0,8.0,28.0,-0.6,30.0,18.2,False
4281,20062709,2020,6,27,9,204.0,3.0,9.0,9.0,24.0,-0.9,30.0,20.3,False
4282,20062710,2020,6,27,10,209.0,2.0,7.0,7.0,23.0,-1.1,30.0,20.8,False
4283,20062711,2020,6,27,11,195.0,5.0,7.0,4.0,20.0,-2.1,30.0,21.9,False
4284,20062712,2020,6,27,12,228.0,4.0,9.0,1.0,21.0,-0.8,30.0,22.6,False
4285,20062713,2020,6,27,13,191.0,4.0,39.0,10.0,19.0,-1.4,30.0,23.5,False
4286,20062714,2020,6,27,14,192.0,5.0,17.0,4.0,18.0,-1.0,30.0,24.9,False
4287,20062715,2020,6,27,15,213.0,6.0,21.0,7.0,17.0,-1.0,30.0,25.9,False
4288,20062716,2020,6,27,16,214.0,4.0,25.0,12.0,16.0,-1.9,30.0,25.8,False
4289,20062717,2020,6,27,17,264.0,3.0,26.0,13.0,15.0,-2.1,30.0,26.7,False
4290,20062718,2020,6,27,18,208.0,3.0,49.0,11.0,14.0,-3.3,30.0,26.3,False
4291,20062719,2020,6,27,19,268.0,5.0,61.0,12.0,13.0,-3.9,30.0,26.8,False
4292,20062720,2020,6,27,20,276.0,4.0,128.0,13.0,12.0,-5.7,30.0,25.9,False
4293,20062721,2020,6,27,21,302.0,3.0,82.0,13.0,12.0,-6.5,30.0,24.8,False
4294,20062722,2020,6,27,22,333.0,2.0,76.0,15.0,14.0,-6.1,30.0,22.8,False
4295,20062723,2020,6,27,23,73.0,3.0,100.0,16.0,15.0,-6.1,30.0,21.6,False
4296,20062800,2020,6,28,0,74.0,2.0,85.0,18.0,16.0,-5.9,30.0,20.8,False
4297,20062801,2020,6,28,1,74.0,1.0,75.0,17.0,18.0,-5.0,30.0,20.0,False
4298,20062802,2020,6,28,2,95.0,2.0,119.0,19.0,19.0,-4.6,30.0,19.6,False
4299,20062803,2020,6,28,3,62.0,3.0,253.0,21.0,18.0,-4.5,30.0,20.7,False
4300,20062804,2020,6,28,4,81.0,4.0,159.0,20.0,18.0,-5.1,30.0,19.9,False
4301,20062805,2020,6,28,5,96.0,3.0,91.0,18.0,20.0,-4.5,30.0,19.0,False
4302,20062806,2020,6,28,6,16.0,0.0,49.0,16.0,24.0,-4.0,30.0,16.7,False
4303,20062807,2020,6,28,7,16.0,0.0,49.0,16.0,24.0,-4.0,30.0,16.7,False
4304,20062808,2020,6,28,8,290.0,3.0,20.0,1.0,49.0,4.5,30.0,15.1,False
4305,20062809,2020,6,28,9,274.0,3.0,31.0,8.0,55.0,6.0,29.7,15.0,False
4306,20062810,2020,6,28,10,272.0,3.0,32.0,10.0,52.0,6.1,30.0,15.9,False
4307,20062811,2020,6,28,11,256.0,3.0,30.0,10.0,43.0,5.2,30.0,18.0,False
4308,20062812,2020,6,28,12,286.0,5.0,34.0,10.0,38.0,5.4,30.0,20.2,False
4309,20062813,2020,6,28,13,321.0,5.0,40.0,12.0,33.0,4.6,30.0,21.5,False
4310,20062814,2020,6,28,14,288.0,4.0,42.0,20.0,29.0,3.9,30.0,22.8,False
4311,20062815,2020,6,28,15,324.0,6.0,49.0,47.0,29.0,4.3,30.0,23.3,False
4312,20062816,2020,6,28,16,315.0,6.0,56.0,55.0,29.0,4.5,30.0,23.6,False
4313,20062817,2020,6,28,17,308.0,9.0,62.0,45.0,31.0,3.9,30.0,21.7,False
4314,20062818,2020,6,28,18,318.0,9.0,60.0,33.0,28.0,2.9,30.0,22.3,False
4315,20062819,2020,6,28,19,319.0,9.0,58.0,31.0,29.0,1.9,30.0,20.5,False
4316,20062820,2020,6,28,20,317.0,10.0,56.0,30.0,32.0,1.9,30.0,19.0,False
4317,20062821,2020,6,28,21,314.0,10.0,56.0,29.0,37.0,2.0,30.0,16.7,False
4318,20062822,2020,6,28,22,306.0,5.0,54.0,26.0,42.0,1.9,30.0,14.7,False
4319,20062823,2020,6,28,23,323.0,4.0,45.0,22.0,42.0,1.0,30.0,13.7,False
4320,20062900,2020,6,29,0,331.0,2.0,36.0,17.0,43.0,0.4,30.0,12.6,False
4321,20062901,2020,6,29,1,345.0,1.0,33.0,11.0,41.0,-1.4,30.0,11.4,False
4322,20062902,2020,6,29,2,316.0,2.0,30.0,6.0,42.0,-1.8,30.0,10.6,False
4323,20062903,2020,6,29,3,350.0,2.0,26.0,9.0,42.0,-2.3,30.0,10.0,False
4324,20062904,2020,6,29,4,349.0,1.0,24.0,10.0,41.0,-3.4,30.0,9.2,False
4325,20062905,2020,6,29,5,0.0,0.0,37.0,18.0,40.0,-4.3,30.0,8.5,False
4326,20062906,2020,6,29,6,310.0,1.0,41.0,18.0,40.0,-4.5,30.0,8.3,False
4327,20062907,2020,6,29,7,310.0,1.0,41.0,18.0,40.0,-4.5,30.0,8.3,False
4328,20062908,2020,6,29,8,331.0,2.0,25.0,13.0,40.0,-3.7,30.0,9.2,False
4329,20062909,2020,6,29,9,319.0,4.0,19.0,10.0,39.0,-3.2,30.0,10.1,False
4330,20062910,2020,6,29,10,326.0,5.0,12.0,7.0,37.0,-2.8,30.0,11.4,False
4331,20062911,2020,6,29,11,302.0,5.0,8.0,5.0,35.0,-2.4,30.0,12.7,False
4332,20062912,2020,6,29,12,334.0,4.0,6.0,4.0,33.0,-1.7,30.0,14.3,False
4333,20062913,2020,6,29,13,320.0,5.0,7.0,5.0,30.0,-1.7,30.0,15.8,False
4334,20062914,2020,6,29,14,291.0,5.0,7.0,4.0,29.0,-1.6,30.0,16.5,False
4335,20062915,2020,6,29,15,343.0,3.0,5.0,3.0,32.0,0.0,30.0,16.8,False
4336,20062916,2020,6,29,16,308.0,6.0,2.0,2.0,31.0,0.2,30.0,17.5,False
4337,20062917,2020,6,29,17,301.0,6.0,18.0,8.0,31.0,0.4,30.0,17.7,False
4338,20062918,2020,6,29,18,325.0,7.0,16.0,15.0,34.0,1.0,30.0,16.9,False
4339,20062919,2020,6,29,19,311.0,7.0,11.0,9.0,38.0,1.3,30.0,15.6,False
4340,20062920,2020,6,29,20,315.0,7.0,24.0,9.0,39.0,0.7,30.0,14.5,False
4341,20062921,2020,6,29,21,326.0,5.0,4.0,2.0,41.0,0.3,30.0,13.3,False
4342,20062922,2020,6,29,22,315.0,7.0,21.0,10.0,47.0,1.2,30.0,12.2,False
4343,20062923,2020,6,29,23,307.0,5.0,23.0,15.0,88.0,7.1,30.0,9.0,False
4344,20063000,2020,6,30,0,300.0,5.0,26.0,14.0,97.0,7.1,0.2,7.5,False
4345,20063001,2020,6,30,1,294.0,5.0,31.0,15.0,98.0,6.6,0.2,6.9,False
4346,20063002,2020,6,30,2,318.0,4.0,23.0,14.0,98.0,5.9,0.1,6.2,False
4347,20063003,2020,6,30,3,297.0,4.0,2.0,1.0,99.0,5.9,0.1,6.0,False
4348,20063004,2020,6,30,4,302.0,3.0,2.0,1.0,99.0,5.8,0.0,5.9,False
4349,20063005,2020,6,30,5,268.0,1.0,4.0,2.0,99.0,5.9,0.1,6.0,False
4350,20063006,2020,6,30,6,291.0,3.0,4.0,2.0,99.0,6.0,0.2,6.1,False
4351,20063007,2020,6,30,7,291.0,3.0,4.0,2.0,99.0,6.0,0.2,6.1,False
4352,20063008,2020,6,30,8,253.0,2.0,5.0,2.0,99.0,6.1,0.8,6.2,False
4353,20063009,2020,6,30,9,278.0,2.0,5.0,1.0,99.0,6.3,3.1,6.4,False
4354,20063010,2020,6,30,10,204.0,0.0,6.0,1.0,99.0,7.2,1.2,7.3,False
4355,20063011,2020,6,30,11,147.0,1.0,7.0,4.0,82.0,6.9,30.0,9.8,False
4356,20063012,2020,6,30,12,272.0,2.0,26.0,3.0,76.0,5.9,30.0,9.9,False
4357,20063013,2020,6,30,13,210.0,2.0,16.0,3.0,77.0,6.3,30.0,10.1,False
4358,20063014,2020,6,30,14,198.0,2.0,4.0,4.0,71.0,7.5,30.0,12.6,False
4359,20063015,2020,6,30,15,212.0,5.0,20.0,3.0,68.0,7.2,30.0,13.0,False
4360,20063016,2020,6,30,16,206.0,5.0,7.0,3.0,59.0,6.7,30.0,14.6,False
4361,20063017,2020,6,30,17,199.0,5.0,5.0,5.0,54.0,5.0,30.0,14.2,False
4362,20063018,2020,6,30,18,200.0,6.0,8.0,7.0,51.0,4.6,30.0,14.6,False
4363,20063019,2020,6,30,19,230.0,5.0,11.0,3.0,54.0,3.8,30.0,12.9,False
4364,20063020,2020,6,30,20,218.0,7.0,24.0,3.0,53.0,3.0,30.0,12.3,False
4365,20063021,2020,6,30,21,202.0,5.0,19.0,13.0,57.0,3.2,30.0,11.4,False
4366,20063022,2020,6,30,22,198.0,4.0,26.0,10.0,58.0,3.1,30.0,11.0,False
4367,20063023,2020,6,30,23,183.0,2.0,24.0,6.0,63.0,3.3,30.0,10.0,False
4368,20070100,2020,7,1,0,182.0,4.0,15.0,2.0,64.0,2.7,30.0,9.1,False
4369,20070101,2020,7,1,1,163.0,4.0,28.0,9.0,67.0,2.5,30.0,8.3,False
4370,20070102,2020,7,1,2,174.0,3.0,31.0,11.0,66.0,1.9,30.0,7.9,False
4371,20070103,2020,7,1,3,167.0,3.0,19.0,11.0,66.0,1.6,30.0,7.5,False
4372,20070104,2020,7,1,4,171.0,3.0,42.0,13.0,63.0,1.1,30.0,7.7,False
4373,20070105,2020,7,1,5,176.0,3.0,30.0,16.0,65.0,1.3,30.0,7.4,False
4374,20070106,2020,7,1,6,162.0,3.0,43.0,18.0,71.0,1.6,30.0,6.5,False
4375,20070107,2020,7,1,7,53.0,1.0,38.0,28.0,71.0,2.3,30.0,7.2,False
4376,20070108,2020,7,1,8,113.0,0.0,58.0,31.0,57.0,2.3,30.0,10.4,False
4377,20070109,2020,7,1,9,155.0,3.0,33.0,21.0,51.0,2.1,30.0,11.9,False
4378,20070110,2020,7,1,10,4.0,3.0,36.0,15.0,52.0,3.5,30.0,13.1,False
4379,20070111,2020,7,1,11,283.0,1.0,48.0,14.0,49.0,3.0,30.0,13.5,False
4380,20070112,2020,7,1,12,199.0,1.0,16.0,7.0,43.0,2.4,30.0,14.9,False
4381,20070113,2020,7,1,13,227.0,1.0,9.0,6.0,39.0,1.9,30.0,15.8,False
4382,20070114,2020,7,1,14,250.0,3.0,16.0,4.0,36.0,1.7,30.0,16.9,False
4383,20070115,2020,7,1,15,180.0,3.0,22.0,3.0,34.0,2.1,30.0,18.2,False
4384,20070116,2020,7,1,16,245.0,2.0,6.0,5.0,30.0,1.3,30.0,19.3,False
4385,20070117,2020,7,1,17,242.0,4.0,12.0,10.0,27.0,0.1,30.0,19.6,False
4386,20070118,2020,7,1,18,227.0,4.0,18.0,11.0,27.0,0.5,30.0,20.1,False
4387,20070119,2020,7,1,19,242.0,4.0,22.0,11.0,26.0,0.3,30.0,20.4,False
4388,20070120,2020,7,1,20,308.0,1.0,23.0,11.0,28.0,1.0,30.0,20.0,False
4389,20070121,2020,7,1,21,265.0,2.0,26.0,12.0,29.0,1.2,30.0,19.7,False
4390,20070122,2020,7,1,22,319.0,2.0,36.0,24.0,33.0,1.7,30.0,18.2,False
4391,20070123,2020,7,1,23,354.0,1.0,39.0,24.0,39.0,2.5,30.0,16.5,False
4392,20070200,2020,7,2,0,50.0,1.0,32.0,15.0,45.0,3.7,30.0,15.6,False
4393,20070201,2020,7,2,1,87.0,1.0,24.0,11.0,50.0,4.1,30.0,14.4,False
4394,20070202,2020,7,2,2,70.0,2.0,15.0,9.0,51.0,4.0,30.0,14.0,False
4395,20070203,2020,7,2,3,77.0,2.0,9.0,7.0,54.0,4.4,30.0,13.5,False
4396,20070204,2020,7,2,4,73.0,3.0,7.0,5.0,53.0,4.2,30.0,13.6,False
4397,20070205,2020,7,2,5,80.0,3.0,5.0,3.0,54.0,3.8,30.0,12.9,False
4398,20070206,2020,7,2,6,84.0,2.0,4.0,4.0,53.0,3.8,30.0,13.2,False
4399,20070207,2020,7,2,7,84.0,2.0,4.0,4.0,53.0,3.8,30.0,13.2,False
4400,20070208,2020,7,2,8,30.0,2.0,6.0,4.0,46.0,4.0,30.0,15.6,False
4401,20070209,2020,7,2,9,354.0,2.0,9.0,4.0,42.0,4.0,30.0,17.0,False
4402,20070210,2020,7,2,10,35.0,1.0,12.0,5.0,39.0,3.8,30.0,17.9,False
4403,20070211,2020,7,2,11,11.0,3.0,8.0,7.0,33.0,2.9,30.0,19.6,False
4404,20070212,2020,7,2,12,359.0,3.0,92.0,19.0,33.0,2.7,30.0,19.4,False
4405,20070213,2020,7,2,13,342.0,3.0,102.0,13.0,31.0,2.8,30.0,20.5,False
4406,20070214,2020,7,2,14,20.0,4.0,136.0,10.0,31.0,3.5,30.0,21.3,False
4407,20070215,2020,7,2,15,322.0,5.0,4.0,4.0,26.0,1.7,30.0,22.1,False
4408,20070216,2020,7,2,16,307.0,4.0,4.0,3.0,24.0,0.4,30.0,21.9,False
4409,20070217,2020,7,2,17,312.0,6.0,4.0,2.0,23.0,0.5,30.0,22.7,False
4410,20070218,2020,7,2,18,312.0,5.0,6.0,1.0,21.0,-0.6,30.0,22.8,False
4411,20070219,2020,7,2,19,353.0,6.0,9.0,1.0,23.0,0.4,30.0,22.6,False
4412,20070220,2020,7,2,20,309.0,5.0,11.0,4.0,25.0,1.3,30.0,22.2,False
4413,20070221,2020,7,2,21,328.0,3.0,20.0,8.0,28.0,2.2,30.0,21.5,False
4414,20070222,2020,7,2,22,332.0,3.0,30.0,13.0,31.0,2.3,30.0,19.9,False
4415,20070223,2020,7,2,23,341.0,2.0,33.0,17.0,35.0,2.5,30.0,18.2,False
4416,20070300,2020,7,3,0,50.0,2.0,30.0,15.0,37.0,2.7,30.0,17.5,False
4417,20070301,2020,7,3,1,42.0,2.0,25.0,13.0,38.0,2.8,30.0,17.2,False
4418,20070302,2020,7,3,2,74.0,2.0,60.0,26.0,40.0,3.0,30.0,16.6,False
4419,20070303,2020,7,3,3,86.0,2.0,56.0,26.0,42.0,3.1,30.0,16.0,False
4420,20070304,2020,7,3,4,88.0,2.0,7.0,5.0,45.0,3.5,30.0,15.4,False
4421,20070305,2020,7,3,5,80.0,2.0,5.0,4.0,43.0,3.1,30.0,15.6,False
4422,20070306,2020,7,3,6,81.0,3.0,5.0,4.0,43.0,2.8,30.0,15.3,False
4423,20070307,2020,7,3,7,81.0,3.0,5.0,4.0,43.0,2.8,30.0,15.3,False
4424,20070308,2020,7,3,8,69.0,2.0,7.0,6.0,36.0,3.1,30.0,18.4,False
4425,20070309,2020,7,3,9,340.0,2.0,5.0,2.0,31.0,2.6,30.0,20.3,False
4426,20070310,2020,7,3,10,2.0,4.0,2.0,2.0,31.0,3.4,30.0,21.2,False
4427,20070311,2020,7,3,11,316.0,4.0,8.0,7.0,29.0,2.6,30.0,21.4,False
4428,20070312,2020,7,3,12,332.0,4.0,49.0,12.0,27.0,3.0,30.0,23.0,False
4429,20070313,2020,7,3,13,323.0,4.0,43.0,9.0,24.0,1.9,30.0,23.6,False
4430,20070314,2020,7,3,14,314.0,2.0,45.0,8.0,24.0,2.1,30.0,23.9,False
4431,20070315,2020,7,3,15,280.0,5.0,5.0,4.0,23.0,2.6,30.0,25.2,False
4432,20070316,2020,7,3,16,309.0,3.0,11.0,3.0,21.0,1.2,30.0,25.0,False
4433,20070317,2020,7,3,17,312.0,6.0,19.0,8.0,21.0,1.1,30.0,24.9,False
4434,20070318,2020,7,3,18,291.0,5.0,26.0,12.0,20.0,0.3,30.0,24.8,False
4435,20070319,2020,7,3,19,296.0,7.0,46.0,20.0,20.0,0.7,30.0,25.2,False
4436,20070320,2020,7,3,20,312.0,8.0,82.0,34.0,21.0,0.4,30.0,24.1,False
4437,20070321,2020,7,3,21,308.0,6.0,85.0,35.0,22.0,0.7,30.0,23.7,False
4438,20070322,2020,7,3,22,301.0,3.0,79.0,32.0,25.0,1.5,30.0,22.5,False
4439,20070323,2020,7,3,23,338.0,4.0,74.0,30.0,36.0,5.0,30.0,20.6,False
4440,20070400,2020,7,4,0,45.0,0.0,69.0,30.0,42.0,5.7,30.0,18.9,False
4441,20070401,2020,7,4,1,14.0,0.0,75.0,32.0,52.0,7.4,25.3,17.3,False
4442,20070402,2020,7,4,2,289.0,1.0,87.0,35.0,55.0,7.3,25.6,16.3,False
4443,20070403,2020,7,4,3,70.0,1.0,108.0,45.0,53.0,6.8,26.5,16.4,False
4444,20070404,2020,7,4,4,15.0,1.0,150.0,64.0,53.0,6.3,30.0,15.9,False
4445,20070405,2020,7,4,5,353.0,2.0,175.0,74.0,52.0,5.8,30.0,15.6,False
4446,20070406,2020,7,4,6,53.0,2.0,192.0,80.0,52.0,5.5,30.0,15.3,False
4447,20070407,2020,7,4,7,53.0,2.0,192.0,80.0,52.0,5.5,30.0,15.3,False
4448,20070408,2020,7,4,8,315.0,1.0,168.0,71.0,52.0,6.0,30.0,15.8,False
4449,20070409,2020,7,4,9,257.0,0.0,155.0,64.0,36.0,2.9,30.0,18.2,False
4450,20070410,2020,7,4,10,320.0,3.0,144.0,61.0,33.0,1.9,30.0,18.4,False
4451,20070411,2020,7,4,11,319.0,5.0,140.0,64.0,29.0,1.4,30.0,19.9,False
4452,20070412,2020,7,4,12,317.0,5.0,144.0,66.0,27.0,0.8,30.0,20.4,False
4453,20070413,2020,7,4,13,312.0,5.0,158.0,70.0,27.0,2.0,30.0,21.8,False
4454,20070414,2020,7,4,14,314.0,7.0,164.0,70.0,26.0,1.5,30.0,21.8,False
4455,20070415,2020,7,4,15,306.0,4.0,150.0,62.0,25.0,2.0,30.0,23.1,False
4456,20070416,2020,7,4,16,288.0,5.0,134.0,53.0,23.0,2.0,30.0,24.5,False
4457,20070417,2020,7,4,17,332.0,4.0,118.0,46.0,22.0,1.5,30.0,24.6,False
4458,20070418,2020,7,4,18,288.0,4.0,94.0,37.0,22.0,0.8,30.0,23.8,False
4459,20070419,2020,7,4,19,308.0,5.0,74.0,28.0,21.0,0.1,30.0,23.7,False
4460,20070420,2020,7,4,20,337.0,6.0,62.0,25.0,21.0,-0.2,30.0,23.3,False
4461,20070421,2020,7,4,21,343.0,6.0,60.0,23.0,24.0,0.6,30.0,22.1,False
4462,20070422,2020,7,4,22,327.0,4.0,56.0,23.0,27.0,0.6,30.0,20.2,False
4463,20070423,2020,7,4,23,342.0,3.0,53.0,22.0,30.0,0.6,30.0,18.5,False
4464,20070500,2020,7,5,0,9.0,2.0,53.0,21.0,33.0,1.1,30.0,17.5,False
4465,20070501,2020,7,5,1,351.0,3.0,50.0,20.0,36.0,1.8,30.0,17.0,False
4466,20070502,2020,7,5,2,289.0,1.0,87.0,35.0,55.0,7.3,25.6,16.3,False
4467,20070503,2020,7,5,3,68.0,2.0,37.0,16.0,39.0,2.1,30.0,16.0,False
4468,20070504,2020,7,5,4,59.0,3.0,33.0,15.0,36.0,0.9,30.0,16.0,False
4469,20070505,2020,7,5,5,65.0,3.0,30.0,15.0,36.0,0.4,30.0,15.4,False
4470,20070506,2020,7,5,6,74.0,4.0,28.0,13.0,33.0,-0.2,30.0,16.1,False
4471,20070507,2020,7,5,7,74.0,4.0,28.0,13.0,33.0,-0.2,30.0,16.1,False
4472,20070508,2020,7,5,8,44.0,3.0,44.0,25.0,26.0,-1.3,30.0,18.6,False
4473,20070509,2020,7,5,9,334.0,1.0,58.0,28.0,23.0,-1.7,30.0,20.1,False
4474,20070510,2020,7,5,10,335.0,1.0,74.0,32.0,28.0,0.4,30.0,19.3,False
4475,20070511,2020,7,5,11,286.0,4.0,78.0,32.0,28.0,0.9,30.0,19.9,False
4476,20070512,2020,7,5,12,298.0,5.0,72.0,31.0,34.0,3.5,30.0,19.8,False
4477,20070513,2020,7,5,13,330.0,6.0,59.0,26.0,27.0,1.9,30.0,21.7,False
4478,20070514,2020,7,5,14,301.0,4.0,46.0,21.0,28.0,1.9,30.0,21.1,False
4479,20070515,2020,7,5,15,336.0,5.0,38.0,18.0,25.0,2.3,30.0,23.4,False
4480,20070516,2020,7,5,16,298.0,7.0,36.0,15.0,24.0,1.5,30.0,23.2,False
4481,20070517,2020,7,5,17,318.0,8.0,37.0,13.0,26.0,2.4,30.0,22.9,False
4482,20070518,2020,7,5,18,304.0,7.0,40.0,12.0,28.0,2.4,30.0,21.7,False
4483,20070519,2020,7,5,19,313.0,7.0,36.0,12.0,32.0,4.0,30.0,21.4,False
4484,20070520,2020,7,5,20,301.0,6.0,31.0,12.0,34.0,3.9,30.0,20.2,False
4485,20070521,2020,7,5,21,318.0,7.0,28.0,15.0,38.0,4.6,30.0,19.3,False
4486,20070522,2020,7,5,22,323.0,4.0,27.0,16.0,45.0,5.4,30.0,17.4,False
4487,20070523,2020,7,5,23,328.0,4.0,27.0,14.0,49.0,5.1,30.0,15.8,False
4488,20070600,2020,7,6,0,1.0,1.0,31.0,14.0,50.0,4.3,30.0,14.6,False
4489,20070601,2020,7,6,1,38.0,1.0,28.0,11.0,51.0,4.0,30.0,14.0,False
4490,20070602,2020,7,6,2,52.0,2.0,24.0,8.0,52.0,4.0,30.0,13.7,False
4491,20070603,2020,7,6,3,57.0,2.0,20.0,6.0,52.0,4.0,30.0,13.7,False
4492,20070604,2020,7,6,4,54.0,2.0,14.0,5.0,54.0,4.4,30.0,13.5,False
4493,20070605,2020,7,6,5,63.0,0.0,8.0,5.0,57.0,4.4,30.0,12.7,False
4494,20070606,2020,7,6,6,106.0,2.0,4.0,3.0,60.0,4.9,30.0,12.4,False
4495,20070607,2020,7,6,7,106.0,2.0,4.0,3.0,60.0,4.9,30.0,12.4,False
4496,20070608,2020,7,6,8,81.0,1.0,55.0,24.0,49.0,4.1,30.0,14.7,False
4497,20070609,2020,7,6,9,4.0,1.0,10.0,10.0,46.0,4.6,20.4,16.2,False
4498,20070610,2020,7,6,10,352.0,2.0,17.0,13.0,46.0,4.8,30.0,16.4,False
4499,20070611,2020,7,6,11,353.0,2.0,15.0,11.0,45.0,5.0,30.0,17.0,False
4500,20070612,2020,7,6,12,302.0,3.0,11.0,9.0,40.0,4.6,30.0,18.4,False
4501,20070613,2020,7,6,13,288.0,2.0,9.0,8.0,33.0,2.8,30.0,19.5,False
4502,20070614,2020,7,6,14,334.0,2.0,28.0,8.0,33.0,3.4,30.0,20.2,False
4503,20070615,2020,7,6,15,284.0,3.0,21.0,15.0,29.0,3.0,30.0,21.8,False
4504,20070616,2020,7,6,16,286.0,4.0,34.0,16.0,28.0,2.7,30.0,22.0,False
4505,20070617,2020,7,6,17,275.0,6.0,41.0,16.0,30.0,2.9,30.0,21.1,False
4506,20070618,2020,7,6,18,306.0,6.0,40.0,15.0,33.0,2.8,30.0,19.5,False
4507,20070619,2020,7,6,19,309.0,1.0,34.0,13.0,34.0,3.3,30.0,19.6,False
4508,20070620,2020,7,6,20,274.0,4.0,31.0,16.0,33.0,2.7,30.0,19.4,False
4509,20070621,2020,7,6,21,326.0,5.0,37.0,17.0,37.0,3.6,30.0,18.6,False
4510,20070622,2020,7,6,22,317.0,6.0,35.0,15.0,45.0,4.8,30.0,16.8,False
4511,20070623,2020,7,6,23,332.0,2.0,31.0,16.0,52.0,5.4,30.0,15.2,False
4512,20070700,2020,7,7,0,65.0,0.0,26.0,16.0,56.0,5.6,30.0,14.2,False
4513,20070701,2020,7,7,1,19.0,1.0,23.0,15.0,59.0,5.9,30.0,13.8,False
4514,20070702,2020,7,7,2,113.0,1.0,18.0,15.0,63.0,5.8,30.0,12.7,False
4515,20070703,2020,7,7,3,316.0,1.0,13.0,13.0,62.0,5.9,30.0,13.0,False
4516,20070704,2020,7,7,4,116.0,1.0,13.0,13.0,66.0,5.5,30.0,11.6,False
4517,20070705,2020,7,7,5,105.0,1.0,15.0,12.0,66.0,5.5,30.0,11.6,False
4518,20070706,2020,7,7,6,0.0,0.0,13.0,11.0,66.0,5.3,30.0,11.4,False
4519,20070707,2020,7,7,7,0.0,0.0,13.0,11.0,66.0,5.3,30.0,11.4,False
4520,20070708,2020,7,7,8,55.0,1.0,9.0,6.0,58.0,6.3,30.0,14.4,False
4521,20070709,2020,7,7,9,352.0,2.0,46.0,13.0,57.0,6.8,30.0,15.3,False
4522,20070710,2020,7,7,10,327.0,2.0,48.0,16.0,55.0,6.4,30.0,15.4,False
4523,20070711,2020,7,7,11,289.0,3.0,40.0,13.0,51.0,6.5,30.0,16.7,False
4524,20070712,2020,7,7,12,316.0,4.0,23.0,11.0,42.0,5.2,30.0,18.3,False
4525,20070713,2020,7,7,13,285.0,4.0,17.0,14.0,37.0,4.4,30.0,19.4,False
4526,20070714,2020,7,7,14,310.0,2.0,32.0,16.0,36.0,4.5,30.0,20.0,False
4527,20070715,2020,7,7,15,317.0,5.0,39.0,17.0,33.0,3.8,30.0,20.6,False
4528,20070716,2020,7,7,16,265.0,4.0,38.0,19.0,33.0,4.1,30.0,21.0,False
4529,20070717,2020,7,7,17,284.0,5.0,35.0,18.0,36.0,4.6,30.0,20.1,False
4530,20070718,2020,7,7,18,278.0,7.0,31.0,17.0,37.0,4.5,30.0,19.6,False
4531,20070719,2020,7,7,19,288.0,5.0,28.0,19.0,42.0,5.7,30.0,18.9,False
4532,20070720,2020,7,7,20,307.0,7.0,24.0,20.0,47.0,6.5,30.0,18.0,False
4533,20070721,2020,7,7,21,303.0,7.0,18.0,4.0,48.0,6.3,30.0,17.4,False
4534,20070722,2020,7,7,22,191.0,5.0,24.0,21.0,67.0,8.9,30.0,15.0,False
4535,20070723,2020,7,7,23,168.0,4.0,24.0,15.0,75.0,9.5,30.0,13.9,False
4536,20070800,2020,7,8,0,182.0,2.0,20.0,13.0,76.0,9.3,30.0,13.4,False
4537,20070801,2020,7,8,1,170.0,2.0,14.0,12.0,75.0,9.0,30.0,13.3,False
4538,20070802,2020,7,8,2,219.0,1.0,28.0,24.0,67.0,7.7,30.0,13.7,False
4539,20070803,2020,7,8,3,241.0,2.0,57.0,30.0,68.0,7.5,30.0,13.3,False
4540,20070804,2020,7,8,4,242.0,1.0,88.0,34.0,67.0,7.5,30.0,13.5,False
4541,20070805,2020,7,8,5,215.0,2.0,91.0,38.0,72.0,7.9,30.0,12.8,False
4542,20070806,2020,7,8,6,187.0,2.0,91.0,40.0,77.0,7.4,30.0,11.3,False
4543,20070807,2020,7,8,7,187.0,2.0,91.0,40.0,77.0,7.4,30.0,11.3,False
4544,20070808,2020,7,8,8,196.0,1.0,5.0,2.0,70.0,8.2,30.0,13.6,False
4545,20070809,2020,7,8,9,268.0,2.0,4.0,4.0,64.0,8.2,30.0,14.9,False
4546,20070810,2020,7,8,10,291.0,3.0,41.0,15.0,59.0,8.0,30.0,16.0,False
4547,20070811,2020,7,8,11,324.0,4.0,39.0,12.0,50.0,6.5,30.0,17.0,False
4548,20070812,2020,7,8,12,326.0,4.0,39.0,10.0,46.0,6.4,30.0,18.2,False
4549,20070813,2020,7,8,13,304.0,6.0,13.0,7.0,39.0,4.7,30.0,19.0,False
4550,20070814,2020,7,8,14,292.0,6.0,33.0,6.0,38.0,5.4,30.0,20.2,False
4551,20070815,2020,7,8,15,278.0,4.0,20.0,4.0,35.0,4.6,30.0,20.6,False
4552,20070816,2020,7,8,16,291.0,7.0,2.0,2.0,33.0,4.7,30.0,21.6,False
4553,20070817,2020,7,8,17,260.0,7.0,21.0,4.0,30.0,4.4,30.0,22.9,False
4554,20070818,2020,7,8,18,280.0,8.0,8.0,4.0,29.0,4.1,30.0,23.1,False
4555,20070819,2020,7,8,19,301.0,7.0,16.0,4.0,29.0,3.3,30.0,22.1,False
4556,20070820,2020,7,8,20,280.0,6.0,24.0,4.0,31.0,3.9,30.0,21.8,False
4557,20070821,2020,7,8,21,280.0,6.0,24.0,4.0,31.0,3.9,30.0,21.8,False
4558,20070822,2020,7,8,22,303.0,2.0,28.0,14.0,47.0,5.8,30.0,17.2,False
4559,20070823,2020,7,8,23,154.0,0.0,33.0,17.0,47.0,4.7,30.0,16.0,False
4560,20070900,2020,7,9,0,292.0,2.0,33.0,17.0,49.0,5.1,30.0,15.8,False
4561,20070901,2020,7,9,1,322.0,0.0,28.0,16.0,65.0,7.7,30.0,14.2,False
4562,20070902,2020,7,9,2,287.0,1.0,20.0,11.0,69.0,7.8,30.0,13.4,False
4563,20070903,2020,7,9,3,4.0,0.0,16.0,9.0,72.0,7.5,30.0,12.4,False
4564,20070904,2020,7,9,4,183.0,0.0,14.0,10.0,74.0,6.8,30.0,11.3,False
4565,20070905,2020,7,9,5,149.0,1.0,12.0,6.0,70.0,6.8,30.0,12.1,False
4566,20070906,2020,7,9,6,122.0,2.0,11.0,6.0,70.0,6.9,30.0,12.2,False
4567,20070907,2020,7,9,7,122.0,2.0,11.0,6.0,70.0,6.9,30.0,12.2,False
4568,20070908,2020,7,9,8,68.0,1.0,10.0,7.0,65.0,7.6,30.0,14.1,False
4569,20070909,2020,7,9,9,314.0,2.0,7.0,2.0,63.0,7.0,30.0,13.9,False
4570,20070910,2020,7,9,10,318.0,2.0,12.0,9.0,61.0,7.5,30.0,14.9,False
4571,20070911,2020,7,9,11,345.0,3.0,22.0,7.0,54.0,7.3,30.0,16.6,False
4572,20070912,2020,7,9,12,319.0,4.0,29.0,12.0,50.0,6.7,30.0,17.2,False
4573,20070913,2020,7,9,13,295.0,5.0,29.0,18.0,42.0,5.1,30.0,18.2,False
4574,20070914,2020,7,9,14,318.0,5.0,44.0,43.0,39.0,4.7,30.0,18.9,False
4575,20070915,2020,7,9,15,297.0,6.0,4.0,3.0,35.0,4.2,30.0,20.1,False
4576,20070916,2020,7,9,16,286.0,6.0,9.0,7.0,37.0,4.3,30.0,19.3,False
4577,20070917,2020,7,9,17,297.0,7.0,12.0,8.0,35.0,4.2,30.0,20.1,False
4578,20070918,2020,7,9,18,288.0,6.0,11.0,6.0,33.0,3.8,30.0,20.6,False
4579,20070919,2020,7,9,19,315.0,6.0,11.0,4.0,35.0,4.3,30.0,20.2,False
4580,20070920,2020,7,9,20,305.0,6.0,15.0,8.0,36.0,4.5,30.0,20.0,False
4581,20070921,2020,7,9,21,306.0,7.0,18.0,9.0,38.0,4.1,30.0,18.7,False
4582,20070922,2020,7,9,22,310.0,7.0,20.0,9.0,44.0,5.0,30.0,17.4,False
4583,20070923,2020,7,9,23,308.0,5.0,25.0,9.0,48.0,5.4,30.0,16.4,False
4584,20071000,2020,7,10,0,297.0,2.0,28.0,11.0,53.0,5.6,30.0,15.1,False
4585,20071001,2020,7,10,1,0.0,0.0,28.0,10.0,56.0,5.7,30.0,14.3,False
4586,20071002,2020,7,10,2,24.0,1.0,24.0,7.0,60.0,6.1,30.0,13.7,False
4587,20071003,2020,7,10,3,70.0,1.0,19.0,7.0,59.0,5.9,30.0,13.8,False
4588,20071004,2020,7,10,4,69.0,1.0,14.0,7.0,61.0,5.9,30.0,13.3,False
4589,20071005,2020,7,10,5,68.0,1.0,12.0,8.0,64.0,6.0,30.0,12.6,False
4590,20071006,2020,7,10,6,85.0,1.0,14.0,9.0,66.0,6.3,30.0,12.5,False
4591,20071007,2020,7,10,7,85.0,1.0,14.0,9.0,66.0,6.3,30.0,12.5,False
4592,20071008,2020,7,10,8,66.0,0.0,12.0,8.0,52.0,6.1,30.0,15.9,False
4593,20071009,2020,7,10,9,344.0,3.0,9.0,9.0,53.0,7.5,30.0,17.1,False
4594,20071010,2020,7,10,10,357.0,2.0,92.0,16.0,52.0,7.6,30.0,17.6,False
4595,20071011,2020,7,10,11,328.0,3.0,73.0,9.0,45.0,6.3,30.0,18.4,False
4596,20071012,2020,7,10,12,329.0,3.0,44.0,4.0,41.0,6.3,30.0,19.9,False
4597,20071013,2020,7,10,13,303.0,4.0,50.0,3.0,35.0,5.4,30.0,21.5,False
4598,20071014,2020,7,10,14,298.0,3.0,22.0,3.0,30.0,4.3,30.0,22.8,False
4599,20071015,2020,7,10,15,298.0,5.0,21.0,3.0,32.0,4.4,30.0,21.8,False
4600,20071016,2020,7,10,16,311.0,8.0,4.0,3.0,30.0,4.9,30.0,23.5,False
4601,20071017,2020,7,10,17,298.0,5.0,7.0,6.0,28.0,4.6,30.0,24.3,False
4602,20071018,2020,7,10,18,278.0,5.0,10.0,7.0,29.0,5.1,30.0,24.2,False
4603,20071019,2020,7,10,19,295.0,4.0,11.0,7.0,28.0,4.3,30.0,23.9,False
4604,20071020,2020,7,10,20,313.0,6.0,12.0,7.0,29.0,4.0,30.0,23.0,False
4605,20071021,2020,7,10,21,295.0,4.0,17.0,8.0,28.0,3.4,30.0,22.9,False
4606,20071022,2020,7,10,22,295.0,4.0,24.0,11.0,31.0,3.5,30.0,21.3,False
4607,20071023,2020,7,10,23,264.0,2.0,28.0,12.0,34.0,2.8,30.0,19.0,False
4608,20071100,2020,7,11,0,245.0,2.0,30.0,13.0,38.0,3.2,30.0,17.7,False
4609,20071101,2020,7,11,1,154.0,1.0,27.0,12.0,40.0,3.2,30.0,16.9,False
4610,20071102,2020,7,11,2,165.0,1.0,19.0,10.0,44.0,3.9,30.0,16.2,False
4611,20071103,2020,7,11,3,100.0,2.0,13.0,8.0,45.0,4.6,30.0,16.6,False
4612,20071104,2020,7,11,4,99.0,2.0,10.0,6.0,47.0,5.0,30.0,16.3,False
4613,20071105,2020,7,11,5,177.0,0.0,9.0,6.0,51.0,5.0,30.0,15.0,False
4614,20071106,2020,7,11,6,99.0,0.0,7.0,5.0,53.0,5.4,30.0,14.9,False
4615,20071107,2020,7,11,7,99.0,0.0,7.0,5.0,53.0,5.4,30.0,14.9,False
4616,20071108,2020,7,11,8,0.0,0.0,34.0,14.0,45.0,6.3,30.0,18.4,False
4617,20071109,2020,7,11,9,261.0,1.0,38.0,13.0,40.0,5.7,30.0,19.7,False
4618,20071110,2020,7,11,10,270.0,3.0,5.0,4.0,43.0,7.1,30.0,20.1,False
4619,20071111,2020,7,11,11,277.0,4.0,7.0,5.0,38.0,6.2,30.0,21.1,False
4620,20071112,2020,7,11,12,282.0,3.0,8.0,6.0,34.0,5.4,30.0,22.0,False
4621,20071113,2020,7,11,13,275.0,5.0,10.0,6.0,31.0,5.2,30.0,23.2,False
4622,20071114,2020,7,11,14,279.0,4.0,9.0,5.0,29.0,4.1,30.0,23.1,False
4623,20071115,2020,7,11,15,176.0,2.0,10.0,6.0,30.0,4.5,30.0,23.0,False
4624,20071116,2020,7,11,16,232.0,3.0,13.0,7.0,27.0,4.0,30.0,24.1,False
4625,20071117,2020,7,11,17,172.0,3.0,19.0,9.0,26.0,3.8,30.0,24.5,False
4626,20071118,2020,7,11,18,256.0,3.0,30.0,8.0,26.0,3.1,30.0,23.7,False
4627,20071119,2020,7,11,19,293.0,6.0,31.0,5.0,62.0,10.3,16.3,17.7,False
4628,20071120,2020,7,11,20,96.0,3.0,17.0,6.0,47.0,7.4,30.0,19.0,False
4629,20071121,2020,7,11,21,4.0,4.0,60.0,10.0,59.0,10.0,22.8,18.1,False
4630,20071122,2020,7,11,22,42.0,1.0,51.0,10.0,55.0,8.8,30.0,18.0,False
4631,20071123,2020,7,11,23,143.0,0.0,44.0,12.0,48.0,6.9,30.0,18.1,False
4632,20071200,2020,7,12,0,203.0,1.0,18.0,17.0,45.0,5.9,30.0,18.0,False
4633,20071201,2020,7,12,1,175.0,1.0,17.0,12.0,53.0,6.7,30.0,16.3,False
4634,20071202,2020,7,12,2,282.0,0.0,15.0,8.0,51.0,6.7,30.0,16.9,False
4635,20071203,2020,7,12,3,107.0,2.0,13.0,4.0,52.0,7.0,30.0,16.9,False
4636,20071204,2020,7,12,4,49.0,2.0,9.0,3.0,53.0,7.7,30.0,17.4,False
4637,20071205,2020,7,12,5,266.0,0.0,8.0,4.0,61.0,8.4,30.0,15.9,False
4638,20071206,2020,7,12,6,178.0,7.0,7.0,3.0,89.0,11.1,6.2,12.9,False
4639,20071207,2020,7,12,7,178.0,7.0,7.0,3.0,89.0,11.1,6.2,12.9,False
4640,20071208,2020,7,12,8,182.0,5.0,9.0,6.0,91.0,11.1,17.3,12.5,False
4641,20071209,2020,7,12,9,177.0,3.0,10.0,8.0,93.0,11.2,10.7,12.3,False
4642,20071210,2020,7,12,10,174.0,2.0,13.0,10.0,91.0,11.1,17.5,12.5,False
4643,20071211,2020,7,12,11,272.0,2.0,12.0,10.0,95.0,11.6,12.7,12.4,False
4644,20071212,2020,7,12,12,325.0,1.0,20.0,15.0,92.0,11.2,25.1,12.5,False
4645,20071213,2020,7,12,13,309.0,4.0,35.0,22.0,94.0,12.2,23.9,13.1,False
4646,20071214,2020,7,12,14,323.0,3.0,38.0,21.0,91.0,11.8,30.0,13.2,False
4647,20071215,2020,7,12,15,358.0,4.0,29.0,14.0,84.0,11.9,30.0,14.6,False
4648,20071216,2020,7,12,16,4.0,3.0,22.0,11.0,86.0,11.2,15.3,13.5,False
4649,20071217,2020,7,12,17,8.0,3.0,21.0,8.0,77.0,12.0,30.0,16.0,False
4650,20071218,2020,7,12,18,12.0,4.0,21.0,9.0,73.0,10.9,30.0,15.7,False
4651,20071219,2020,7,12,19,30.0,4.0,17.0,12.0,72.0,10.5,30.0,15.5,False
4652,20071220,2020,7,12,20,27.0,3.0,15.0,10.0,68.0,10.1,30.0,16.0,False
4653,20071221,2020,7,12,21,349.0,2.0,14.0,9.0,65.0,9.1,30.0,15.7,False
4654,20071222,2020,7,12,22,32.0,1.0,12.0,5.0,73.0,9.8,30.0,14.6,False
4655,20071223,2020,7,12,23,0.0,0.0,50.0,36.0,77.0,9.9,30.0,13.9,False
4656,20071300,2020,7,13,0,337.0,2.0,11.0,3.0,82.0,10.8,30.0,13.8,False
4657,20071301,2020,7,13,1,0.0,0.0,13.0,9.0,86.0,11.2,30.0,13.5,False
4658,20071302,2020,7,13,2,0.0,0.0,14.0,7.0,84.0,10.4,30.0,13.0,False
4659,20071303,2020,7,13,3,245.0,0.0,17.0,5.0,88.0,10.5,30.0,12.4,False
4660,20071304,2020,7,13,4,277.0,1.0,14.0,5.0,84.0,9.4,30.0,12.0,False
4661,20071305,2020,7,13,5,37.0,0.0,10.0,4.0,85.0,9.0,30.0,11.4,False
4662,20071306,2020,7,13,6,0.0,0.0,5.0,1.0,84.0,8.9,30.0,11.5,False
4663,20071307,2020,7,13,7,0.0,0.0,5.0,1.0,84.0,8.9,30.0,11.5,False
4664,20071308,2020,7,13,8,284.0,2.0,24.0,20.0,82.0,9.2,29.7,12.2,False
4665,20071309,2020,7,13,9,262.0,4.0,48.0,16.0,91.0,10.1,16.2,11.5,False
4666,20071310,2020,7,13,10,242.0,3.0,26.0,8.0,91.0,8.5,14.1,9.9,False
4667,20071311,2020,7,13,11,237.0,2.0,24.0,4.0,94.0,8.9,10.9,9.8,False
4668,20071312,2020,7,13,12,83.0,2.0,24.0,4.0,82.0,7.0,8.3,9.9,False
4669,20071313,2020,7,13,13,41.0,2.0,28.0,4.0,77.0,6.7,29.0,10.6,False
4670,20071314,2020,7,13,14,78.0,2.0,10.0,10.0,78.0,7.1,22.8,10.8,False
4671,20071315,2020,7,13,15,0.0,0.0,10.0,6.0,67.0,6.2,30.0,12.1,False
4672,20071316,2020,7,13,16,228.0,1.0,10.0,10.0,67.0,6.7,30.0,12.7,False
4673,20071317,2020,7,13,17,280.0,3.0,13.0,10.0,82.0,9.2,20.2,12.2,False
4674,20071318,2020,7,13,18,122.0,3.0,13.0,11.0,72.0,8.3,30.0,13.2,False
4675,20071319,2020,7,13,19,249.0,3.0,23.0,4.0,83.0,8.1,13.8,10.9,False
4676,20071320,2020,7,13,20,139.0,2.0,22.0,5.0,74.0,8.5,30.0,13.0,False
4677,20071321,2020,7,13,21,58.0,0.0,27.0,6.0,59.0,5.5,30.0,13.3,False
4678,20071322,2020,7,13,22,132.0,1.0,29.0,16.0,68.0,7.1,30.0,12.9,False
4679,20071323,2020,7,13,23,164.0,3.0,34.0,13.0,73.0,7.1,30.0,11.8,False
4680,20071400,2020,7,14,0,152.0,4.0,26.0,9.0,78.0,7.5,30.0,11.2,False
4681,20071401,2020,7,14,1,160.0,4.0,19.0,7.0,78.0,7.1,30.0,10.8,False
4682,20071402,2020,7,14,2,150.0,4.0,56.0,21.0,79.0,7.3,30.0,10.8,False
4683,20071403,2020,7,14,3,154.0,4.0,52.0,23.0,79.0,7.3,30.0,10.8,False
4684,20071404,2020,7,14,4,164.0,4.0,86.0,27.0,74.0,7.0,30.0,11.5,False
4685,20071405,2020,7,14,5,157.0,4.0,157.0,27.0,78.0,7.3,30.0,11.0,False
4686,20071406,2020,7,14,6,161.0,5.0,129.0,27.0,76.0,7.0,30.0,11.1,False
4687,20071407,2020,7,14,7,161.0,5.0,129.0,27.0,76.0,7.0,30.0,11.1,False
4688,20071408,2020,7,14,8,153.0,2.0,43.0,21.0,73.0,8.4,30.0,13.1,False
4689,20071409,2020,7,14,9,171.0,2.0,44.0,20.0,60.0,7.8,30.0,15.5,False
4690,20071410,2020,7,14,10,191.0,4.0,28.0,17.0,60.0,8.0,30.0,15.7,False
4691,20071411,2020,7,14,11,214.0,6.0,55.0,14.0,56.0,8.2,30.0,17.0,False
4692,20071412,2020,7,14,12,225.0,7.0,24.0,12.0,54.0,8.0,30.0,17.4,False
4693,20071413,2020,7,14,13,191.0,4.0,30.0,11.0,53.0,7.6,30.0,17.3,False
4694,20071414,2020,7,14,14,223.0,7.0,29.0,17.0,49.0,7.9,30.0,18.8,False
4695,20071415,2020,7,14,15,238.0,7.0,32.0,30.0,46.0,7.7,30.0,19.6,False
4696,20071416,2020,7,14,16,250.0,5.0,18.0,11.0,41.0,6.0,30.0,19.6,False
4697,20071417,2020,7,14,17,223.0,6.0,21.0,11.0,38.0,6.2,30.0,21.0,False
4698,20071418,2020,7,14,18,264.0,5.0,23.0,12.0,34.0,4.6,30.0,21.1,False
4699,20071419,2020,7,14,19,234.0,4.0,25.0,13.0,35.0,4.9,30.0,20.9,False
4700,20071420,2020,7,14,20,301.0,4.0,27.0,14.0,36.0,5.0,30.0,20.6,False
4701,20071421,2020,7,14,21,337.0,5.0,28.0,14.0,41.0,5.8,30.0,19.4,False
4702,20071422,2020,7,14,22,334.0,2.0,26.0,12.0,53.0,7.3,30.0,16.9,False
4703,20071423,2020,7,14,23,325.0,2.0,23.0,11.0,53.0,6.3,30.0,15.9,False
4704,20071500,2020,7,15,0,321.0,1.0,20.0,10.0,57.0,6.4,30.0,14.8,False
4705,20071501,2020,7,15,1,0.0,0.0,15.0,8.0,66.0,7.2,30.0,13.4,False
4706,20071502,2020,7,15,2,125.0,1.0,11.0,6.0,79.0,8.2,30.0,11.7,False
4707,20071503,2020,7,15,3,79.0,1.0,14.0,10.0,72.0,7.2,30.0,12.1,False
4708,20071504,2020,7,15,4,41.0,1.0,15.0,9.0,69.0,6.2,30.0,11.7,False
4709,20071505,2020,7,15,5,111.0,2.0,13.0,8.0,68.0,5.7,30.0,11.4,False
4710,20071506,2020,7,15,6,88.0,2.0,11.0,8.0,61.0,4.4,30.0,11.7,False
4711,20071507,2020,7,15,7,81.0,1.0,11.0,6.0,58.0,4.2,30.0,12.2,False
4712,20071508,2020,7,15,8,359.0,1.0,11.0,6.0,52.0,4.4,30.0,14.1,False
4713,20071509,2020,7,15,9,10.0,1.0,11.0,3.0,56.0,6.3,30.0,15.0,False
4714,20071510,2020,7,15,10,333.0,1.0,54.0,19.0,55.0,6.3,30.0,15.3,False
4715,20071511,2020,7,15,11,322.0,4.0,3.0,3.0,56.0,6.7,30.0,15.4,False
4716,20071512,2020,7,15,12,285.0,5.0,55.0,16.0,54.0,7.0,30.0,16.3,False
4717,20071513,2020,7,15,13,307.0,3.0,67.0,13.0,51.0,7.1,30.0,17.3,False
4718,20071514,2020,7,15,14,309.0,4.0,31.0,10.0,46.0,6.8,30.0,18.6,False
4719,20071515,2020,7,15,15,317.0,3.0,20.0,9.0,45.0,7.4,30.0,19.6,False
4720,20071516,2020,7,15,16,302.0,3.0,17.0,8.0,42.0,6.4,30.0,19.6,False
4721,20071517,2020,7,15,17,314.0,7.0,21.0,8.0,37.0,5.9,30.0,21.2,False
4722,20071518,2020,7,15,18,319.0,6.0,21.0,8.0,37.0,6.0,30.0,21.3,False
4723,20071519,2020,7,15,19,317.0,6.0,14.0,7.0,38.0,6.2,30.0,21.0,False
4724,20071520,2020,7,15,20,325.0,4.0,19.0,16.0,41.0,6.2,30.0,19.8,False
4725,20071521,2020,7,15,21,330.0,4.0,26.0,16.0,43.0,6.7,30.0,19.6,False
4726,20071522,2020,7,15,22,327.0,3.0,34.0,17.0,48.0,7.1,30.0,18.3,False
4727,20071523,2020,7,15,23,357.0,1.0,35.0,17.0,54.0,7.5,30.0,16.9,False
4728,20071600,2020,7,16,0,330.0,0.0,31.0,15.0,57.0,8.0,30.0,16.5,False
4729,20071601,2020,7,16,1,38.0,1.0,24.0,14.0,62.0,8.6,30.0,15.9,False
4730,20071602,2020,7,16,2,25.0,2.0,16.0,11.0,62.0,8.4,30.0,15.7,False
4731,20071603,2020,7,16,3,81.0,1.0,12.0,7.0,66.0,8.7,30.0,15.0,False
4732,20071604,2020,7,16,4,75.0,2.0,12.0,7.0,65.0,8.6,30.0,15.1,False
4733,20071605,2020,7,16,5,68.0,2.0,10.0,6.0,64.0,8.4,30.0,15.2,False
4734,20071606,2020,7,16,6,110.0,3.0,9.0,6.0,60.0,7.5,30.0,15.2,False
4735,20071607,2020,7,16,7,110.0,3.0,9.0,6.0,60.0,7.5,30.0,15.2,False
4736,20071608,2020,7,16,8,103.0,1.0,6.0,4.0,54.0,7.7,30.0,17.1,False
4737,20071609,2020,7,16,9,281.0,0.0,6.0,6.0,46.0,7.4,30.0,19.3,False
4738,20071610,2020,7,16,10,263.0,2.0,43.0,14.0,46.0,7.5,30.0,19.4,False
4739,20071611,2020,7,16,11,280.0,3.0,40.0,10.0,41.0,6.7,30.0,20.4,False
4740,20071612,2020,7,16,12,222.0,1.0,37.0,8.0,38.0,6.3,30.0,21.2,False
4741,20071613,2020,7,16,13,158.0,0.0,32.0,8.0,37.0,6.0,30.0,21.3,False
4742,20071614,2020,7,16,14,55.0,3.0,13.0,8.0,35.0,5.8,30.0,21.9,False
4743,20071615,2020,7,16,15,137.0,3.0,16.0,9.0,37.0,6.1,30.0,21.4,False
4744,20071616,2020,7,16,16,179.0,3.0,13.0,6.0,35.0,6.8,30.0,23.1,False
4745,20071617,2020,7,16,17,216.0,2.0,14.0,5.0,32.0,6.0,30.0,23.6,False
4746,20071618,2020,7,16,18,325.0,1.0,21.0,5.0,29.0,5.6,30.0,24.8,False
4747,20071619,2020,7,16,19,166.0,5.0,23.0,8.0,48.0,8.9,30.0,20.3,False
4748,20071620,2020,7,16,20,146.0,5.0,19.0,9.0,51.0,9.8,30.0,20.3,False
4749,20071621,2020,7,16,21,158.0,2.0,33.0,15.0,46.0,8.3,30.0,20.3,False
4750,20071622,2020,7,16,22,129.0,4.0,48.0,16.0,49.0,8.5,30.0,19.5,False
4751,20071623,2020,7,16,23,145.0,3.0,46.0,15.0,51.0,8.0,14.4,18.3,False
4752,20071700,2020,7,17,0,129.0,3.0,38.0,15.0,57.0,8.8,30.0,17.4,False
4753,20071701,2020,7,17,1,127.0,2.0,31.0,13.0,61.0,9.1,30.0,16.6,False
4754,20071702,2020,7,17,2,74.0,5.0,23.0,10.0,50.0,7.5,30.0,18.1,False
4755,20071703,2020,7,17,3,129.0,4.0,14.0,6.0,60.0,8.4,30.0,16.2,False
4756,20071704,2020,7,17,4,144.0,5.0,8.0,3.0,69.0,9.1,30.0,14.7,False
4757,20071705,2020,7,17,5,134.0,5.0,4.0,3.0,58.0,7.7,30.0,16.0,False
4758,20071706,2020,7,17,6,136.0,3.0,6.0,4.0,57.0,7.9,30.0,16.4,False
4759,20071707,2020,7,17,7,136.0,3.0,6.0,4.0,57.0,7.9,30.0,16.4,False
4760,20071708,2020,7,17,8,130.0,2.0,6.0,3.0,57.0,9.1,30.0,17.7,False
4761,20071709,2020,7,17,9,181.0,1.0,45.0,21.0,48.0,8.7,30.0,20.0,False
4762,20071710,2020,7,17,10,280.0,1.0,37.0,15.0,47.0,8.1,30.0,19.7,False
4763,20071711,2020,7,17,11,323.0,0.0,45.0,11.0,42.0,7.6,30.0,21.0,False
4764,20071712,2020,7,17,12,235.0,1.0,32.0,9.0,40.0,7.6,30.0,21.8,False
4765,20071713,2020,7,17,13,242.0,3.0,24.0,7.0,32.0,5.3,30.0,22.8,False
4766,20071714,2020,7,17,14,250.0,2.0,20.0,6.0,33.0,6.8,30.0,24.0,False
4767,20071715,2020,7,17,15,251.0,3.0,21.0,6.0,29.0,5.3,30.0,24.5,False
4768,20071716,2020,7,17,16,7.0,3.0,10.0,8.0,21.0,2.0,30.0,26.0,False
4769,20071717,2020,7,17,17,244.0,1.0,12.0,6.0,19.0,0.6,5.0,26.0,False
4770,20071718,2020,7,17,18,21.0,2.0,14.0,7.0,18.0,0.0,30.0,26.1,False
4771,20071719,2020,7,17,19,338.0,2.0,20.0,7.0,18.0,0.4,30.0,26.6,False
4772,20071720,2020,7,17,20,6.0,0.0,28.0,7.0,16.0,-1.8,30.0,25.9,False
4773,20071721,2020,7,17,21,352.0,0.0,32.0,6.0,18.0,-0.7,30.0,25.3,False
4774,20071722,2020,7,17,22,109.0,2.0,35.0,7.0,27.0,2.7,30.0,22.6,False
4775,20071723,2020,7,17,23,112.0,4.0,33.0,9.0,25.0,0.5,30.0,21.3,False
4776,20071800,2020,7,18,0,113.0,4.0,33.0,9.0,26.0,0.8,30.0,21.0,False
4777,20071801,2020,7,18,1,117.0,4.0,32.0,7.0,28.0,1.2,30.0,20.3,False
4778,20071802,2020,7,18,2,141.0,5.0,28.0,4.0,31.0,2.5,30.0,20.2,False
4779,20071803,2020,7,18,3,144.0,5.0,20.0,4.0,30.0,2.1,30.0,20.2,False
4780,20071804,2020,7,18,4,143.0,5.0,16.0,7.0,34.0,3.6,30.0,19.9,False
4781,20071805,2020,7,18,5,143.0,4.0,10.0,6.0,34.0,3.4,30.0,19.7,False
4782,20071806,2020,7,18,6,141.0,4.0,7.0,4.0,36.0,3.7,30.0,19.1,False
4783,20071807,2020,7,18,7,131.0,5.0,7.0,2.0,39.0,4.7,30.0,19.0,False
4784,20071808,2020,7,18,8,125.0,3.0,7.0,3.0,38.0,6.1,30.0,20.9,False
4785,20071809,2020,7,18,9,138.0,2.0,55.0,22.0,32.0,5.9,30.0,23.5,False
4786,20071810,2020,7,18,10,215.0,2.0,5.0,3.0,28.0,4.7,30.0,24.4,False
4787,20071811,2020,7,18,11,242.0,2.0,37.0,10.0,28.0,5.3,30.0,25.1,False
4788,20071812,2020,7,18,12,171.0,1.0,38.0,6.0,26.0,4.9,30.0,25.9,False
4789,20071813,2020,7,18,13,253.0,2.0,24.0,6.0,23.0,3.7,30.0,26.5,False
4790,20071814,2020,7,18,14,130.0,1.0,38.0,6.0,21.0,2.9,30.0,27.1,False
4791,20071815,2020,7,18,15,305.0,2.0,6.0,6.0,19.0,2.1,30.0,27.8,False
4792,20071816,2020,7,18,16,312.0,3.0,13.0,8.0,18.0,1.7,30.0,28.2,False
4793,20071817,2020,7,18,17,254.0,2.0,18.0,11.0,18.0,2.1,30.0,28.8,False
4794,20071818,2020,7,18,18,322.0,3.0,19.0,10.0,17.0,1.7,30.0,29.2,False
4795,20071819,2020,7,18,19,354.0,3.0,19.0,10.0,17.0,1.7,30.0,29.2,False
4796,20071820,2020,7,18,20,245.0,2.0,19.0,10.0,18.0,2.5,30.0,29.3,False
4797,20071821,2020,7,18,21,311.0,1.0,20.0,8.0,18.0,1.7,30.0,28.3,False
4798,20071822,2020,7,18,22,161.0,2.0,23.0,10.0,29.0,5.1,30.0,24.3,False
4799,20071823,2020,7,18,23,150.0,3.0,25.0,11.0,27.0,3.8,30.0,23.9,False
4800,20071900,2020,7,19,0,141.0,3.0,28.0,12.0,26.0,2.9,30.0,23.5,False
4801,20071901,2020,7,19,1,137.0,3.0,73.0,27.0,27.0,3.3,30.0,23.3,False
4802,20071902,2020,7,19,2,138.0,2.0,30.0,18.0,28.0,3.2,30.0,22.6,False
4803,20071903,2020,7,19,3,132.0,2.0,26.0,16.0,30.0,3.5,30.0,21.8,False
4804,20071904,2020,7,19,4,131.0,2.0,21.0,14.0,32.0,3.4,30.0,20.7,False
4805,20071905,2020,7,19,5,126.0,3.0,17.0,11.0,29.0,2.4,30.0,21.1,False
4806,20071906,2020,7,19,6,121.0,3.0,16.0,10.0,28.0,1.8,30.0,21.0,False
4807,20071907,2020,7,19,7,122.0,3.0,15.0,8.0,29.0,2.1,30.0,20.8,False
4808,20071908,2020,7,19,8,118.0,2.0,12.0,6.0,28.0,3.7,30.0,23.2,False
4809,20071909,2020,7,19,9,135.0,2.0,13.0,6.0,24.0,3.5,30.0,25.5,False
4810,20071910,2020,7,19,10,225.0,3.0,15.0,5.0,22.0,3.4,30.0,26.9,False
4811,20071911,2020,7,19,11,229.0,5.0,13.0,6.0,20.0,2.0,30.0,26.8,False
4812,20071912,2020,7,19,12,194.0,5.0,8.0,7.0,21.0,2.6,30.0,26.7,False
4813,20071913,2020,7,19,13,235.0,6.0,41.0,8.0,21.0,3.0,30.0,27.2,False
4814,20071914,2020,7,19,14,260.0,5.0,10.0,9.0,21.0,3.6,30.0,27.9,False
4815,20071915,2020,7,19,15,261.0,3.0,16.0,7.0,22.0,4.6,30.0,28.3,False
4816,20071916,2020,7,19,16,209.0,9.0,12.0,4.0,24.0,5.7,30.0,28.2,False
4817,20071917,2020,7,19,17,237.0,7.0,11.0,6.0,20.0,3.5,30.0,28.7,False
4818,20071918,2020,7,19,18,235.0,12.0,16.0,9.0,26.0,5.8,30.0,26.9,False
4819,20071919,2020,7,19,19,235.0,10.0,15.0,11.0,25.0,5.7,30.0,27.5,False
4820,20071920,2020,7,19,20,256.0,8.0,17.0,13.0,26.0,5.3,30.0,26.3,False
4821,20071921,2020,7,19,21,296.0,5.0,20.0,11.0,28.0,4.6,30.0,24.3,False
4822,20071922,2020,7,19,22,348.0,6.0,20.0,7.0,32.0,5.2,30.0,22.7,False
4823,20071923,2020,7,19,23,269.0,4.0,22.0,7.0,38.0,7.0,30.0,21.9,False
4824,20072000,2020,7,20,0,309.0,6.0,22.0,9.0,41.0,7.1,30.0,20.8,False
4825,20072001,2020,7,20,1,336.0,3.0,19.0,8.0,41.0,7.6,30.0,21.4,False
4826,20072002,2020,7,20,2,43.0,2.0,15.0,9.0,44.0,8.3,30.0,21.0,False
4827,20072003,2020,7,20,3,358.0,1.0,12.0,10.0,43.0,7.9,30.0,20.9,False
4828,20072004,2020,7,20,4,355.0,0.0,10.0,10.0,45.0,7.7,30.0,20.0,False
4829,20072005,2020,7,20,5,306.0,0.0,9.0,8.0,50.0,8.5,30.0,19.2,False
4830,20072006,2020,7,20,6,270.0,2.0,9.0,8.0,51.0,9.0,30.0,19.4,False
4831,20072007,2020,7,20,7,39.0,1.0,10.0,7.0,54.0,9.4,30.0,18.9,False
4832,20072008,2020,7,20,8,286.0,1.0,11.0,6.0,53.0,9.3,30.0,19.1,False
4833,20072009,2020,7,20,9,296.0,1.0,12.0,5.0,49.0,8.8,30.0,19.8,False
4834,20072010,2020,7,20,10,279.0,1.0,11.0,4.0,48.0,8.9,30.0,20.2,False
4835,20072011,2020,7,20,11,343.0,2.0,10.0,5.0,40.0,7.7,30.0,21.9,False
4836,20072012,2020,7,20,12,296.0,1.0,8.0,5.0,41.0,7.9,30.0,21.7,False
4837,20072013,2020,7,20,13,332.0,2.0,26.0,7.0,34.0,7.3,30.0,24.1,False
4838,20072014,2020,7,20,14,301.0,3.0,9.0,4.0,29.0,6.4,30.0,25.8,False
4839,20072015,2020,7,20,15,271.0,2.0,11.0,2.0,28.0,6.0,30.0,25.9,False
4840,20072016,2020,7,20,16,295.0,2.0,8.0,4.0,27.0,5.7,30.0,26.2,False
4841,20072017,2020,7,20,17,281.0,5.0,7.0,5.0,25.0,5.9,30.0,27.7,False
4842,20072018,2020,7,20,18,274.0,4.0,12.0,6.0,26.0,6.1,30.0,27.3,False
4843,20072019,2020,7,20,19,301.0,3.0,21.0,9.0,27.0,5.8,30.0,26.3,False
4844,20072020,2020,7,20,20,299.0,4.0,28.0,12.0,27.0,5.3,30.0,25.7,False
4845,20072021,2020,7,20,21,321.0,5.0,29.0,15.0,28.0,5.3,30.0,25.1,False
4846,20072022,2020,7,20,22,273.0,5.0,29.0,13.0,33.0,6.6,30.0,23.8,False
4847,20072023,2020,7,20,23,253.0,0.0,24.0,8.0,39.0,6.8,30.0,21.3,False
4848,20072100,2020,7,21,0,41.0,1.0,15.0,6.0,40.0,7.1,30.0,21.2,False
4849,20072101,2020,7,21,1,132.0,1.0,11.0,5.0,43.0,7.7,30.0,20.7,False
4850,20072102,2020,7,21,2,0.0,0.0,30.0,15.0,46.0,8.1,30.0,20.1,False
4851,20072103,2020,7,21,3,178.0,1.0,43.0,15.0,48.0,7.5,30.0,18.7,False
4852,20072104,2020,7,21,4,228.0,3.0,44.0,19.0,57.0,8.8,30.0,17.4,False
4853,20072105,2020,7,21,5,213.0,5.0,9.0,9.0,65.0,10.0,30.0,16.6,False
4854,20072106,2020,7,21,6,195.0,6.0,11.0,7.0,82.0,12.1,30.0,15.1,False
4855,20072107,2020,7,21,7,189.0,3.0,11.0,3.0,84.0,12.2,30.0,14.9,False
4856,20072108,2020,7,21,8,126.0,5.0,11.0,3.0,75.0,10.8,27.0,15.2,False
4857,20072109,2020,7,21,9,3.0,3.0,56.0,33.0,75.0,12.1,30.0,16.5,False
4858,20072110,2020,7,21,10,360.0,2.0,7.0,1.0,63.0,11.0,30.0,18.2,False
4859,20072111,2020,7,21,11,7.0,5.0,6.0,3.0,60.0,11.1,30.0,19.0,False
4860,20072112,2020,7,21,12,357.0,6.0,6.0,4.0,59.0,11.8,30.0,20.0,False
4861,20072113,2020,7,21,13,1.0,2.0,6.0,5.0,55.0,11.3,30.0,20.7,False
4862,20072114,2020,7,21,14,268.0,0.0,20.0,4.0,55.0,10.8,30.0,20.1,False
4863,20072115,2020,7,21,15,273.0,2.0,24.0,5.0,57.0,11.4,30.0,20.2,False
4864,20072116,2020,7,21,16,253.0,4.0,47.0,4.0,61.0,12.1,30.0,19.8,False
4865,20072117,2020,7,21,17,259.0,7.0,7.0,3.0,68.0,12.2,30.0,18.2,False
4866,20072118,2020,7,21,18,276.0,1.0,11.0,5.0,88.0,13.4,16.2,15.4,False
4867,20072119,2020,7,21,19,47.0,1.0,8.0,5.0,86.0,13.4,30.0,15.7,False
4868,20072120,2020,7,21,20,203.0,2.0,16.0,5.0,95.0,14.2,10.0,15.0,False
4869,20072121,2020,7,21,21,220.0,4.0,14.0,5.0,95.0,13.9,5.2,14.7,False
4870,20072122,2020,7,21,22,168.0,3.0,14.0,9.0,88.0,13.0,30.0,15.0,False
4871,20072123,2020,7,21,23,175.0,2.0,19.0,11.0,83.0,12.5,30.0,15.4,False
4872,20072200,2020,7,22,0,190.0,3.0,24.0,12.0,83.0,12.6,30.0,15.5,False
4873,20072201,2020,7,22,1,193.0,2.0,22.0,12.0,80.0,12.1,30.0,15.5,False
4874,20072202,2020,7,22,2,178.0,3.0,16.0,10.0,84.0,12.0,30.0,14.7,False
4875,20072203,2020,7,22,3,175.0,3.0,9.0,6.0,84.0,12.0,30.0,14.7,False
4876,20072204,2020,7,22,4,209.0,3.0,36.0,12.0,87.0,12.4,30.0,14.5,False
4877,20072205,2020,7,22,5,213.0,3.0,36.0,11.0,90.0,12.4,28.9,14.0,False
4878,20072206,2020,7,22,6,173.0,2.0,30.0,10.0,92.0,12.2,20.1,13.5,False
4879,20072207,2020,7,22,7,173.0,2.0,30.0,10.0,92.0,12.2,20.1,13.5,False
4880,20072208,2020,7,22,8,196.0,1.0,13.0,6.0,78.0,11.4,30.0,15.2,False
4881,20072209,2020,7,22,9,199.0,2.0,15.0,8.0,75.0,11.9,30.0,16.3,False
4882,20072210,2020,7,22,10,253.0,1.0,28.0,10.0,71.0,11.6,30.0,16.9,False
4883,20072211,2020,7,22,11,239.0,4.0,46.0,9.0,70.0,12.2,30.0,17.7,False
4884,20072212,2020,7,22,12,264.0,4.0,45.0,6.0,63.0,11.7,30.0,18.9,False
4885,20072213,2020,7,22,13,268.0,6.0,30.0,6.0,58.0,11.6,30.0,20.1,False
4886,20072214,2020,7,22,14,250.0,8.0,14.0,14.0,50.0,9.9,30.0,20.7,False
4887,20072215,2020,7,22,15,268.0,6.0,22.0,6.0,46.0,10.0,30.0,22.1,False
4888,20072216,2020,7,22,16,280.0,7.0,19.0,6.0,44.0,9.7,30.0,22.6,False
4889,20072217,2020,7,22,17,269.0,6.0,23.0,6.0,42.0,9.0,30.0,22.5,False
4890,20072218,2020,7,22,18,303.0,6.0,24.0,6.0,41.0,8.8,30.0,22.7,False
4891,20072219,2020,7,22,19,300.0,6.0,18.0,6.0,41.0,9.0,30.0,22.9,False
4892,20072220,2020,7,22,20,304.0,6.0,32.0,8.0,40.0,8.2,30.0,22.5,False
4893,20072221,2020,7,22,21,308.0,6.0,17.0,11.0,47.0,9.4,30.0,21.1,False
4894,20072222,2020,7,22,22,317.0,3.0,21.0,8.0,51.0,9.5,30.0,19.9,False
4895,20072223,2020,7,22,23,318.0,3.0,23.0,8.0,60.0,10.0,30.0,17.9,False
4896,20072300,2020,7,23,0,161.0,0.0,22.0,9.0,66.0,10.3,30.0,16.7,False
4897,20072301,2020,7,23,1,199.0,0.0,21.0,9.0,57.0,8.9,30.0,17.5,False
4898,20072302,2020,7,23,2,109.0,0.0,22.0,12.0,62.0,9.2,30.0,16.5,False
4899,20072303,2020,7,23,3,134.0,1.0,19.0,12.0,59.0,8.1,30.0,16.1,False
4900,20072304,2020,7,23,4,209.0,3.0,36.0,12.0,87.0,12.4,30.0,14.5,False
4901,20072305,2020,7,23,5,112.0,0.0,7.0,5.0,69.0,8.6,30.0,14.2,False
4902,20072306,2020,7,23,6,22.0,0.0,8.0,6.0,78.0,10.0,30.0,13.8,False
4903,20072307,2020,7,23,7,22.0,0.0,8.0,6.0,78.0,10.0,30.0,13.8,False
4904,20072308,2020,7,23,8,18.0,1.0,10.0,7.0,59.0,8.5,30.0,16.5,False
4905,20072309,2020,7,23,9,60.0,1.0,16.0,13.0,59.0,9.2,30.0,17.3,False
4906,20072310,2020,7,23,10,299.0,0.0,18.0,13.0,61.0,9.9,30.0,17.5,False
4907,20072311,2020,7,23,11,273.0,1.0,20.0,13.0,59.0,9.7,30.0,17.8,False
4908,20072312,2020,7,23,12,298.0,2.0,18.0,9.0,54.0,9.0,30.0,18.5,False
4909,20072313,2020,7,23,13,266.0,4.0,15.0,5.0,57.0,9.7,30.0,18.4,False
4910,20072314,2020,7,23,14,269.0,4.0,22.0,4.0,60.0,10.6,30.0,18.5,False
4911,20072315,2020,7,23,15,225.0,5.0,17.0,4.0,91.0,13.7,8.3,15.2,False
4912,20072316,2020,7,23,16,251.0,3.0,20.0,5.0,80.0,13.4,30.0,16.9,False
4913,20072317,2020,7,23,17,212.0,2.0,10.0,10.0,59.0,10.3,30.0,18.5,False
4914,20072318,2020,7,23,18,228.0,4.0,27.0,5.0,58.0,10.3,30.0,18.7,False
4915,20072319,2020,7,23,19,227.0,3.0,24.0,12.0,63.0,11.0,30.0,18.2,False
4916,20072320,2020,7,23,20,283.0,8.0,20.0,4.0,81.0,12.1,30.0,15.3,False
4917,20072321,2020,7,23,21,155.0,0.0,19.0,4.0,84.0,11.9,30.0,14.6,False
4918,20072322,2020,7,23,22,204.0,2.0,17.0,3.0,79.0,11.6,30.0,15.2,False
4919,20072323,2020,7,23,23,152.0,1.0,15.0,4.0,85.0,11.8,30.0,14.3,False
4920,20072400,2020,7,24,0,0.0,0.0,14.0,6.0,73.0,10.2,30.0,15.0,False
4921,20072401,2020,7,24,1,158.0,2.0,12.0,8.0,77.0,11.1,30.0,15.1,False
4922,20072402,2020,7,24,2,274.0,3.0,11.0,7.0,90.0,12.6,30.0,14.2,False
4923,20072403,2020,7,24,3,135.0,0.0,9.0,6.0,85.0,11.5,30.0,14.0,False
4924,20072404,2020,7,24,4,174.0,1.0,7.0,4.0,80.0,10.9,30.0,14.3,False
4925,20072405,2020,7,24,5,172.0,2.0,7.0,3.0,78.0,10.8,30.0,14.6,False
4926,20072406,2020,7,24,6,201.0,3.0,5.0,2.0,72.0,9.3,30.0,14.3,False
4927,20072407,2020,7,24,7,165.0,1.0,6.0,5.0,73.0,9.4,30.0,14.2,False
4928,20072408,2020,7,24,8,243.0,5.0,22.0,22.0,76.0,10.1,30.0,14.3,False
4929,20072409,2020,7,24,9,188.0,4.0,28.0,18.0,89.0,11.7,30.0,13.5,False
4930,20072410,2020,7,24,10,196.0,4.0,21.0,17.0,81.0,11.6,30.0,14.8,False
4931,20072411,2020,7,24,11,234.0,3.0,19.0,8.0,76.0,11.8,30.0,16.0,False
4932,20072412,2020,7,24,12,216.0,3.0,15.0,6.0,66.0,11.2,30.0,17.6,False
4933,20072413,2020,7,24,13,236.0,4.0,18.0,6.0,54.0,9.6,30.0,19.1,False
4934,20072414,2020,7,24,14,243.0,4.0,8.0,6.0,55.0,10.0,30.0,19.2,False
4935,20072415,2020,7,24,15,253.0,5.0,12.0,6.0,51.0,10.2,30.0,20.7,False
4936,20072416,2020,7,24,16,285.0,4.0,5.0,5.0,48.0,10.1,30.0,21.6,False
4937,20072417,2020,7,24,17,270.0,4.0,7.0,4.0,43.0,9.0,30.0,22.2,False
4938,20072418,2020,7,24,18,286.0,4.0,10.0,5.0,41.0,8.8,30.0,22.7,False
4939,20072419,2020,7,24,19,277.0,5.0,9.0,5.0,37.0,7.4,30.0,22.8,False
4940,20072420,2020,7,24,20,283.0,8.0,20.0,4.0,81.0,12.1,30.0,15.3,False
4941,20072421,2020,7,24,21,291.0,3.0,16.0,5.0,35.0,5.5,30.0,21.6,False
4942,20072422,2020,7,24,22,204.0,2.0,17.0,3.0,79.0,11.6,30.0,15.2,False
4943,20072423,2020,7,24,23,190.0,0.0,26.0,13.0,49.0,6.6,30.0,17.4,False
4944,20072500,2020,7,25,0,151.0,1.0,21.0,11.0,46.0,5.4,30.0,17.1,False
4945,20072501,2020,7,25,1,171.0,2.0,14.0,5.0,53.0,6.7,30.0,16.3,False
4946,20072502,2020,7,25,2,138.0,1.0,11.0,10.0,55.0,7.2,30.0,16.2,False
4947,20072503,2020,7,25,3,113.0,2.0,44.0,26.0,58.0,7.1,30.0,15.3,False
4948,20072504,2020,7,25,4,132.0,2.0,12.0,4.0,58.0,7.1,30.0,15.3,False
4949,20072505,2020,7,25,5,124.0,2.0,40.0,21.0,59.0,7.1,30.0,15.0,False
4950,20072506,2020,7,25,6,117.0,2.0,33.0,18.0,61.0,7.3,30.0,14.7,False
4951,20072507,2020,7,25,7,117.0,2.0,33.0,18.0,61.0,7.3,30.0,14.7,False
4952,20072508,2020,7,25,8,102.0,1.0,8.0,3.0,55.0,8.2,30.0,17.3,False
4953,20072509,2020,7,25,9,49.0,0.0,30.0,16.0,47.0,8.8,30.0,20.5,False
4954,20072510,2020,7,25,10,262.0,1.0,9.0,4.0,47.0,8.5,30.0,20.2,False
4955,20072511,2020,7,25,11,298.0,2.0,8.0,6.0,42.0,7.6,30.0,21.0,False
4956,20072512,2020,7,25,12,279.0,4.0,54.0,11.0,35.0,5.9,30.0,22.1,False
4957,20072513,2020,7,25,13,258.0,3.0,53.0,10.0,37.0,7.4,30.0,22.8,False
4958,20072514,2020,7,25,14,243.0,4.0,8.0,6.0,55.0,10.0,30.0,19.2,False
4959,20072515,2020,7,25,15,296.0,3.0,16.0,12.0,32.0,7.1,30.0,24.9,False
4960,20072516,2020,7,25,16,296.0,3.0,16.0,12.0,32.0,7.1,30.0,24.9,False
4961,20072517,2020,7,25,17,296.0,3.0,16.0,12.0,32.0,7.1,30.0,24.9,False
4962,20072518,2020,7,25,18,286.0,4.0,10.0,5.0,41.0,8.8,30.0,22.7,False
4963,20072519,2020,7,25,19,277.0,5.0,9.0,5.0,37.0,7.4,30.0,22.8,False
4964,20072520,2020,7,25,20,341.0,5.0,41.0,13.0,46.0,8.7,30.0,20.7,False
4965,20072521,2020,7,25,21,27.0,3.0,39.0,9.0,45.0,8.1,30.0,20.4,False
4966,20072522,2020,7,25,22,304.0,3.0,24.0,9.0,30.0,2.7,30.0,20.9,False
4967,20072523,2020,7,25,23,190.0,0.0,26.0,13.0,49.0,6.6,30.0,17.4,False
4968,20072600,2020,7,26,0,185.0,0.0,29.0,15.0,66.0,9.6,30.0,15.9,False
4969,20072601,2020,7,26,1,239.0,0.0,32.0,16.0,70.0,9.8,30.0,15.2,False
4970,20072602,2020,7,26,2,111.0,1.0,37.0,16.0,75.0,9.8,30.0,14.2,False
4971,20072603,2020,7,26,3,115.0,1.0,31.0,15.0,61.0,7.7,30.0,15.2,False
4972,20072604,2020,7,26,4,75.0,1.0,26.0,13.0,58.0,6.3,30.0,14.5,False
4973,20072605,2020,7,26,5,88.0,1.0,20.0,11.0,73.0,8.8,30.0,13.5,False
4974,20072606,2020,7,26,6,358.0,1.0,14.0,10.0,71.0,8.4,30.0,13.6,False
4975,20072607,2020,7,26,7,358.0,1.0,14.0,10.0,71.0,8.4,30.0,13.6,False
4976,20072608,2020,7,26,8,48.0,2.0,10.0,9.0,66.0,9.6,30.0,15.9,False
4977,20072609,2020,7,26,9,24.0,1.0,45.0,23.0,51.0,7.5,30.0,17.8,False
4978,20072610,2020,7,26,10,346.0,2.0,34.0,15.0,40.0,5.2,30.0,19.1,False
4979,20072611,2020,7,26,11,331.0,3.0,58.0,11.0,37.0,4.8,30.0,19.9,False
4980,20072612,2020,7,26,12,279.0,4.0,54.0,11.0,35.0,5.9,30.0,22.1,False
4981,20072613,2020,7,26,13,258.0,3.0,53.0,10.0,37.0,7.4,30.0,22.8,False
4982,20072614,2020,7,26,14,323.0,6.0,11.0,9.0,36.0,6.8,30.0,22.6,False
4983,20072615,2020,7,26,15,323.0,6.0,11.0,9.0,36.0,6.8,30.0,22.6,False
4984,20072616,2020,7,26,16,323.0,6.0,11.0,9.0,36.0,6.8,30.0,22.6,False
4985,20072617,2020,7,26,17,292.0,4.0,16.0,12.0,32.0,5.1,30.0,24.3,False
4986,20072618,2020,7,26,18,292.0,4.0,10.0,5.0,41.0,5.1,30.0,24.3,False
4987,20072619,2020,7,26,19,292.0,4.0,9.0,5.0,37.0,5.1,30.0,24.3,False
4988,20072620,2020,7,26,20,308.0,5.0,11.0,3.0,27.0,3.5,30.0,23.6,False
4989,20072621,2020,7,26,21,306.0,5.0,18.0,7.0,27.0,2.8,30.0,22.7,False
4990,20072622,2020,7,26,22,304.0,3.0,24.0,9.0,30.0,2.7,30.0,20.9,False
4991,20072623,2020,7,26,23,302.0,2.0,27.0,12.0,35.0,3.5,30.0,19.3,False
4992,20072700,2020,7,27,0,37.0,1.0,22.0,11.0,38.0,3.8,30.0,18.4,False
4993,20072701,2020,7,27,1,16.0,1.0,19.0,10.0,39.0,3.8,30.0,17.9,False
4994,20072702,2020,7,27,2,61.0,1.0,14.0,8.0,41.0,4.3,30.0,17.7,False
4995,20072703,2020,7,27,3,64.0,2.0,39.0,24.0,41.0,3.8,30.0,17.2,False
4996,20072704,2020,7,27,4,78.0,3.0,29.0,24.0,37.0,2.6,30.0,17.4,False
4997,20072705,2020,7,27,5,69.0,3.0,6.0,3.0,35.0,1.6,30.0,17.2,False
4998,20072706,2020,7,27,6,80.0,3.0,6.0,1.0,39.0,3.0,15.3,17.0,False
4999,20072707,2020,7,27,7,100.0,2.0,61.0,21.0,41.0,3.4,14.5,16.7,False
5000,20072708,2020,7,27,8,82.0,3.0,8.0,1.0,38.0,4.3,30.0,18.9,False
5001,20072709,2020,7,27,9,42.0,3.0,8.0,1.0,31.0,3.8,30.0,21.6,False
5002,20072710,2020,7,27,10,51.0,3.0,39.0,17.0,28.0,3.0,30.0,22.4,False
5003,20072711,2020,7,27,11,6.0,2.0,43.0,12.0,28.0,3.9,30.0,23.4,False
5004,20072712,2020,7,27,12,328.0,2.0,38.0,10.0,26.0,3.6,30.0,24.3,False
5005,20072713,2020,7,27,13,308.0,5.0,10.0,5.0,99.0,11.1,3.2,11.3,False
5006,20072714,2020,7,27,14,323.0,6.0,11.0,9.0,36.0,6.8,30.0,22.6,False
5007,20072715,2020,7,27,15,323.0,6.0,11.0,9.0,36.0,6.8,30.0,22.6,False
5008,20072716,2020,7,27,16,300.0,2.0,11.0,5.0,84.0,10.7,30.0,13.3,False
5009,20072717,2020,7,27,17,270.0,4.0,6.0,5.0,77.0,0.8,30.0,26.2,False
5010,20072718,2020,7,27,18,270.0,4.0,13.0,5.0,68.0,0.8,30.0,26.2,False
5011,20072719,2020,7,27,19,303.0,3.0,24.0,5.0,58.0,2.6,30.0,25.9,False
5012,20072720,2020,7,27,20,293.0,4.0,11.0,3.0,27.0,2.0,30.0,25.2,False
5013,20072721,2020,7,27,21,316.0,5.0,51.0,16.0,23.0,1.5,30.0,23.9,False
5014,20072722,2020,7,27,22,315.0,5.0,43.0,17.0,37.0,6.0,30.0,21.3,False
5015,20072723,2020,7,27,23,302.0,2.0,27.0,12.0,35.0,3.5,30.0,19.3,False
5016,20072800,2020,7,28,0,284.0,7.0,37.0,16.0,45.0,6.9,30.0,19.1,False
5017,20072801,2020,7,28,1,272.0,3.0,26.0,10.0,75.0,10.4,26.9,14.8,False
5018,20072802,2020,7,28,2,61.0,1.0,14.0,8.0,41.0,4.3,30.0,17.7,False
5019,20072803,2020,7,28,3,345.0,3.0,9.0,7.0,95.0,11.5,19.6,12.3,False
5020,20072804,2020,7,28,4,313.0,3.0,8.0,2.0,95.0,11.3,28.6,12.1,False
5021,20072805,2020,7,28,5,294.0,1.0,4.0,1.0,97.0,11.6,10.8,12.1,False
5022,20072806,2020,7,28,6,285.0,3.0,7.0,1.0,98.0,11.7,1.2,12.0,False
5023,20072807,2020,7,28,7,285.0,3.0,7.0,1.0,98.0,11.7,1.2,12.0,False
5024,20072808,2020,7,28,8,252.0,2.0,7.0,5.0,98.0,11.4,8.3,11.7,False
5025,20072809,2020,7,28,9,234.0,3.0,3.0,2.0,97.0,11.0,7.7,11.5,False
5026,20072810,2020,7,28,10,51.0,3.0,39.0,17.0,28.0,3.0,30.0,22.4,False
5027,20072811,2020,7,28,11,6.0,2.0,43.0,12.0,28.0,3.9,30.0,23.4,False
5028,20072812,2020,7,28,12,328.0,2.0,38.0,10.0,26.0,3.6,30.0,24.3,False
5029,20072813,2020,7,28,13,308.0,5.0,10.0,5.0,99.0,11.1,3.2,11.3,False
5030,20072814,2020,7,28,14,296.0,3.0,13.0,5.0,93.0,11.0,30.0,12.1,False
5031,20072815,2020,7,28,15,318.0,2.0,8.0,2.0,84.0,10.4,30.0,13.0,False
5032,20072816,2020,7,28,16,300.0,2.0,11.0,5.0,84.0,10.7,30.0,13.3,False
5033,20072817,2020,7,28,17,300.0,2.0,6.0,5.0,77.0,10.3,30.0,14.3,False
5034,20072818,2020,7,28,18,317.0,4.0,13.0,5.0,68.0,10.0,30.0,15.9,False
5035,20072819,2020,7,28,19,321.0,4.0,24.0,5.0,58.0,7.9,30.0,16.2,False
5036,20072820,2020,7,28,20,330.0,4.0,3.0,2.0,64.0,9.2,30.0,16.0,False
5037,20072821,2020,7,28,21,325.0,2.0,9.0,3.0,67.0,9.3,30.0,15.4,False
5038,20072822,2020,7,28,22,27.0,0.0,20.0,4.0,76.0,9.6,30.0,13.8,False
5039,20072823,2020,7,28,23,169.0,1.0,24.0,10.0,55.0,8.0,30.0,17.1,False
5040,20072900,2020,7,29,0,133.0,2.0,15.0,8.0,78.0,8.8,30.0,12.5,False
5041,20072901,2020,7,29,1,95.0,1.0,13.0,7.0,76.0,8.3,30.0,12.4,False
5042,20072902,2020,7,29,2,99.0,2.0,12.0,7.0,75.0,7.8,30.0,12.1,False
5043,20072903,2020,7,29,3,88.0,2.0,8.0,3.0,73.0,7.3,30.0,12.0,False
5044,20072904,2020,7,29,4,92.0,2.0,4.0,1.0,71.0,6.5,30.0,11.6,False
5045,20072905,2020,7,29,5,95.0,2.0,48.0,45.0,69.0,6.0,30.0,11.5,False
5046,20072906,2020,7,29,6,97.0,2.0,31.0,30.0,74.0,6.7,30.0,11.2,False
5047,20072907,2020,7,29,7,97.0,2.0,31.0,30.0,74.0,6.7,30.0,11.2,False
5048,20072908,2020,7,29,8,97.0,2.0,31.0,30.0,74.0,6.7,30.0,11.2,False
5049,20072909,2020,7,29,9,39.0,4.0,14.0,3.0,61.0,7.8,30.0,15.3,False
5050,20072910,2020,7,29,10,5.0,3.0,80.0,40.0,56.0,7.5,30.0,16.3,False
5051,20072911,2020,7,29,11,142.0,3.0,11.0,9.0,85.0,10.3,14.7,12.8,False
5052,20072912,2020,7,29,12,20.0,4.0,38.0,15.0,51.0,7.6,30.0,17.9,False
5053,20072913,2020,7,29,13,20.0,4.0,38.0,15.0,51.0,7.6,30.0,17.9,False
5054,20072914,2020,7,29,14,20.0,4.0,38.0,15.0,51.0,7.6,30.0,17.9,False
5055,20072915,2020,7,29,15,318.0,2.0,8.0,2.0,84.0,10.4,30.0,13.0,False
5056,20072916,2020,7,29,16,300.0,2.0,11.0,5.0,84.0,10.7,30.0,13.3,False
5057,20072917,2020,7,29,17,300.0,2.0,6.0,5.0,77.0,10.3,30.0,14.3,False
5058,20072918,2020,7,29,18,339.0,1.0,6.0,5.0,32.0,4.5,30.0,21.9,False
5059,20072919,2020,7,29,19,298.0,3.0,6.0,6.0,32.0,4.6,30.0,22.0,False
5060,20072920,2020,7,29,20,326.0,2.0,11.0,7.0,31.0,4.0,30.0,21.9,False
5061,20072921,2020,7,29,21,292.0,2.0,15.0,7.0,34.0,4.6,30.0,21.1,False
5062,20072922,2020,7,29,22,299.0,1.0,21.0,9.0,46.0,7.1,30.0,19.0,False
5063,20072923,2020,7,29,23,169.0,1.0,24.0,10.0,55.0,8.0,30.0,17.1,False
5064,20073000,2020,7,30,0,0.0,0.0,22.0,11.0,52.0,6.8,30.0,16.7,False
5065,20073001,2020,7,30,1,143.0,1.0,61.0,10.0,56.0,7.2,30.0,16.0,False
5066,20073002,2020,7,30,2,99.0,2.0,18.0,9.0,56.0,6.9,30.0,15.6,False
5067,20073003,2020,7,30,3,114.0,2.0,17.0,13.0,54.0,6.3,30.0,15.6,False
5068,20073004,2020,7,30,4,121.0,3.0,16.0,15.0,54.0,6.4,30.0,15.7,False
5069,20073005,2020,7,30,5,148.0,2.0,15.0,10.0,55.0,6.5,30.0,15.5,False
5070,20073006,2020,7,30,6,220.0,1.0,12.0,4.0,77.0,10.1,30.0,14.1,False
5071,20073007,2020,7,30,7,220.0,1.0,12.0,4.0,77.0,10.1,30.0,14.1,False
5072,20073008,2020,7,30,8,290.0,1.0,10.0,4.0,90.0,11.3,21.3,12.9,False
5073,20073009,2020,7,30,9,272.0,1.0,12.0,6.0,92.0,11.0,13.8,12.3,False
5074,20073010,2020,7,30,10,185.0,1.0,12.0,8.0,87.0,10.3,14.3,12.4,False
5075,20073011,2020,7,30,11,142.0,3.0,11.0,9.0,85.0,10.3,14.7,12.8,False
5076,20073012,2020,7,30,12,204.0,4.0,12.0,10.0,76.0,9.9,30.0,14.1,False
5077,20073013,2020,7,30,13,194.0,6.0,15.0,12.0,86.0,11.6,30.0,13.9,False
5078,20073014,2020,7,30,14,240.0,2.0,13.0,10.0,90.0,11.1,9.7,12.7,False
5079,20073015,2020,7,30,15,196.0,3.0,9.0,6.0,90.0,11.5,10.3,13.1,False
5080,20073016,2020,7,30,16,215.0,5.0,8.0,7.0,89.0,11.6,25.4,13.4,False
5081,20073017,2020,7,30,17,316.0,10.0,8.0,8.0,97.0,10.6,0.2,11.1,False
5082,20073018,2020,7,30,18,7.0,1.0,8.0,6.0,95.0,9.5,16.6,10.3,False
5083,20073019,2020,7,30,19,129.0,1.0,9.0,6.0,81.0,8.6,30.0,11.8,False
5084,20073020,2020,7,30,20,246.0,2.0,7.0,6.0,65.0,7.4,30.0,13.9,False
5085,20073021,2020,7,30,21,238.0,3.0,5.0,4.0,77.0,8.4,30.0,12.3,False
5086,20073022,2020,7,30,22,190.0,2.0,7.0,4.0,82.0,8.9,30.0,11.9,False
5087,20073023,2020,7,30,23,217.0,2.0,7.0,5.0,88.0,9.1,30.0,11.0,False
5088,20073100,2020,7,31,0,209.0,3.0,9.0,8.0,92.0,9.7,30.0,10.9,False
5089,20073101,2020,7,31,1,231.0,3.0,17.0,13.0,91.0,9.6,30.0,11.0,False
5090,20073102,2020,7,31,2,246.0,3.0,23.0,15.0,88.0,8.5,30.0,10.4,False
5091,20073103,2020,7,31,3,269.0,2.0,19.0,15.0,92.0,8.5,30.0,9.7,False
5092,20073104,2020,7,31,4,210.0,0.0,5.0,4.0,92.0,7.7,30.0,8.9,False
5093,20073105,2020,7,31,5,250.0,0.0,6.0,4.0,89.0,7.1,30.0,8.8,False
5094,20073106,2020,7,31,6,282.0,0.0,5.0,3.0,86.0,6.3,30.0,8.5,False
5095,20073107,2020,7,31,7,282.0,0.0,5.0,3.0,86.0,6.3,30.0,8.5,False
5096,20073108,2020,7,31,8,218.0,0.0,5.0,2.0,84.0,7.3,30.0,9.9,False
5097,20073109,2020,7,31,9,353.0,1.0,4.0,3.0,80.0,7.5,30.0,10.8,False
5098,20073110,2020,7,31,10,3.0,1.0,25.0,17.0,66.0,5.9,30.0,12.0,False
5099,20073111,2020,7,31,11,318.0,1.0,40.0,11.0,58.0,4.8,30.0,12.9,False
5100,20073112,2020,7,31,12,314.0,2.0,39.0,11.0,60.0,6.1,30.0,13.7,False
5101,20073113,2020,7,31,13,301.0,2.0,21.0,9.0,56.0,5.7,30.0,14.3,False
5102,20073114,2020,7,31,14,327.0,4.0,24.0,8.0,54.0,6.0,30.0,15.2,False
5103,20073115,2020,7,31,15,300.0,3.0,12.0,6.0,51.0,5.6,30.0,15.7,False
5104,20073116,2020,7,31,16,298.0,6.0,19.0,6.0,42.0,3.8,30.0,16.8,False
5105,20073117,2020,7,31,17,312.0,5.0,12.0,6.0,39.0,2.9,30.0,16.9,False
5106,20073118,2020,7,31,18,304.0,4.0,16.0,6.0,33.0,1.2,30.0,17.6,False
5107,20073119,2020,7,31,19,308.0,4.0,18.0,6.0,33.0,1.2,30.0,17.6,False
5108,20073120,2020,7,31,20,327.0,4.0,18.0,12.0,33.0,1.0,30.0,17.4,False
5109,20073121,2020,7,31,21,313.0,4.0,20.0,6.0,36.0,1.3,30.0,16.4,False
5110,20073122,2020,7,31,22,355.0,2.0,31.0,8.0,48.0,3.2,30.0,14.0,False
5111,20073123,2020,7,31,23,358.0,1.0,21.0,9.0,45.0,1.6,30.0,13.3,False
5112,20080100,2020,8,1,0,13.0,1.0,11.0,9.0,46.0,1.5,30.0,12.8,False
5113,20080101,2020,8,1,1,10.0,1.0,16.0,10.0,48.0,1.3,30.0,12.0,False
5114,20080102,2020,8,1,2,3.0,1.0,14.0,10.0,49.0,0.8,30.0,11.1,False
5115,20080103,2020,8,1,3,76.0,2.0,18.0,9.0,51.0,1.1,30.0,10.8,False
5116,20080104,2020,8,1,4,34.0,1.0,3.0,2.0,46.0,0.3,30.0,11.5,False
5117,20080105,2020,8,1,5,72.0,2.0,4.0,3.0,44.0,-0.5,30.0,11.3,False
5118,20080106,2020,8,1,6,69.0,2.0,3.0,3.0,40.0,-1.3,30.0,11.9,False
5119,20080107,2020,8,1,7,69.0,2.0,3.0,3.0,40.0,-1.3,30.0,11.9,False
5120,20080108,2020,8,1,8,42.0,3.0,28.0,27.0,40.0,0.7,30.0,14.1,False
5121,20080109,2020,8,1,9,18.0,2.0,72.0,40.0,42.0,3.0,30.0,15.9,False
5122,20080110,2020,8,1,10,343.0,3.0,23.0,17.0,43.0,3.8,30.0,16.4,False
5123,20080111,2020,8,1,11,345.0,4.0,35.0,12.0,42.0,3.8,30.0,16.8,False
5124,20080112,2020,8,1,12,322.0,6.0,28.0,8.0,39.0,3.0,30.0,17.1,False
5125,20080113,2020,8,1,13,341.0,4.0,24.0,7.0,34.0,2.4,30.0,18.6,False
5126,20080114,2020,8,1,14,319.0,4.0,18.0,6.0,28.0,0.1,30.0,19.0,False
5127,20080115,2020,8,1,15,323.0,5.0,8.0,6.0,26.0,0.0,30.0,20.1,False
5128,20080116,2020,8,1,16,301.0,5.0,8.0,6.0,25.0,-0.1,30.0,20.6,False
5129,20080117,2020,8,1,17,304.0,6.0,11.0,6.0,25.0,0.0,30.0,20.7,False
5130,20080118,2020,8,1,18,307.0,5.0,7.0,2.0,23.0,-1.2,30.0,20.6,False
5131,20080119,2020,8,1,19,322.0,4.0,16.0,6.0,24.0,-0.7,30.0,20.5,False
5132,20080120,2020,8,1,20,309.0,5.0,12.0,6.0,27.0,0.0,30.0,19.5,False
5133,20080121,2020,8,1,21,323.0,3.0,28.0,6.0,29.0,0.3,30.0,18.7,False
5134,20080122,2020,8,1,22,319.0,2.0,21.0,7.0,36.0,1.7,30.0,16.9,False
5135,20080123,2020,8,1,23,59.0,0.0,25.0,9.0,43.0,3.2,30.0,15.7,False
5136,20080200,2020,8,2,0,86.0,3.0,20.0,11.0,44.0,2.8,30.0,14.9,False
5137,20080201,2020,8,2,1,93.0,2.0,43.0,24.0,43.0,2.2,30.0,14.6,False
5138,20080202,2020,8,2,2,96.0,2.0,22.0,14.0,45.0,2.4,30.0,14.2,False
5139,20080203,2020,8,2,3,114.0,3.0,16.0,13.0,49.0,2.5,30.0,13.0,False
5140,20080204,2020,8,2,4,99.0,1.0,23.0,12.0,47.0,1.8,30.0,12.8,False
5141,20080205,2020,8,2,5,118.0,2.0,26.0,10.0,45.0,0.4,30.0,11.9,False
5142,20080206,2020,8,2,6,98.0,2.0,11.0,10.0,49.0,1.8,30.0,12.2,False
5143,20080207,2020,8,2,7,98.0,2.0,11.0,10.0,49.0,1.8,30.0,12.2,False
5144,20080208,2020,8,2,8,102.0,2.0,20.0,11.0,40.0,0.8,30.0,14.2,False
5145,20080209,2020,8,2,9,99.0,1.0,18.0,15.0,35.0,2.0,30.0,17.6,False
5146,20080210,2020,8,2,10,206.0,1.0,16.0,9.0,26.0,-1.0,30.0,18.9,False
5147,20080211,2020,8,2,11,227.0,2.0,35.0,7.0,29.0,0.9,30.0,19.4,False
5148,20080212,2020,8,2,12,46.0,0.0,27.0,7.0,28.0,1.5,30.0,20.6,False
5149,20080213,2020,8,2,13,72.0,0.0,28.0,7.0,27.0,2.1,30.0,21.9,False
5150,20080214,2020,8,2,14,254.0,4.0,19.0,6.0,26.0,1.8,30.0,22.2,False
5151,20080215,2020,8,2,15,301.0,1.0,11.0,6.0,24.0,1.2,30.0,22.8,False
5152,20080216,2020,8,2,16,255.0,2.0,10.0,6.0,25.0,2.4,30.0,23.5,False
5153,20080217,2020,8,2,17,261.0,2.0,8.0,6.0,24.0,2.4,30.0,24.2,False
5154,20080218,2020,8,2,18,263.0,1.0,9.0,6.0,23.0,2.3,30.0,24.8,False
5155,20080219,2020,8,2,19,269.0,2.0,6.0,6.0,23.0,1.9,30.0,24.3,False
5156,20080220,2020,8,2,20,250.0,2.0,16.0,6.0,21.0,0.5,30.0,24.2,False
5157,20080221,2020,8,2,21,301.0,2.0,27.0,6.0,21.0,-0.8,30.0,22.6,False
5158,20080222,2020,8,2,22,44.0,0.0,38.0,7.0,28.0,1.3,30.0,20.4,False
5159,20080223,2020,8,2,23,88.0,2.0,28.0,9.0,30.0,1.1,30.0,19.1,False
5160,20080300,2020,8,3,0,117.0,3.0,41.0,9.0,32.0,1.2,30.0,18.2,False
5161,20080301,2020,8,3,1,25.0,0.0,18.0,10.0,30.0,0.4,30.0,18.3,False
5162,20080302,2020,8,3,2,110.0,2.0,14.0,9.0,40.0,2.6,30.0,16.2,False
5163,20080303,2020,8,3,3,95.0,2.0,10.0,6.0,39.0,3.1,30.0,17.2,False
5164,20080304,2020,8,3,4,102.0,3.0,7.0,5.0,40.0,2.9,30.0,16.5,False
5165,20080305,2020,8,3,5,116.0,3.0,5.0,4.0,38.0,1.8,30.0,16.1,False
5166,20080306,2020,8,3,6,275.0,0.0,6.0,2.0,43.0,2.3,30.0,14.7,False
5167,20080307,2020,8,3,7,146.0,2.0,8.0,1.0,48.0,3.4,30.0,14.3,False
5168,20080308,2020,8,3,8,94.0,0.0,40.0,16.0,42.0,3.9,30.0,16.9,False
5169,20080309,2020,8,3,9,2.0,0.0,35.0,14.0,27.0,0.7,30.0,20.3,False
5170,20080310,2020,8,3,10,321.0,1.0,9.0,2.0,30.0,1.6,30.0,19.6,False
5171,20080311,2020,8,3,11,304.0,1.0,9.0,5.0,27.0,0.6,30.0,20.2,False
5172,20080312,2020,8,3,12,316.0,3.0,16.0,10.0,22.0,-0.8,30.0,21.9,False
5173,20080313,2020,8,3,13,315.0,2.0,18.0,9.0,21.0,-0.8,30.0,22.6,False
5174,20080314,2020,8,3,14,288.0,3.0,20.0,5.0,22.0,1.0,30.0,24.0,False
5175,20080315,2020,8,3,15,276.0,2.0,16.0,5.0,18.0,-1.7,30.0,24.1,False
5176,20080316,2020,8,3,16,218.0,2.0,6.0,6.0,21.0,0.8,30.0,24.5,False
5177,20080317,2020,8,3,17,284.0,2.0,12.0,8.0,22.0,1.2,30.0,24.2,False
5178,20080318,2020,8,3,18,306.0,3.0,17.0,7.0,24.0,2.2,30.0,24.0,False
5179,20080319,2020,8,3,19,286.0,4.0,19.0,10.0,26.0,2.5,30.0,23.0,False
5180,20080320,2020,8,3,20,201.0,4.0,19.0,10.0,32.0,4.4,30.0,21.8,False
5181,20080321,2020,8,3,21,179.0,3.0,23.0,12.0,36.0,5.6,30.0,21.2,False
5182,20080322,2020,8,3,22,143.0,1.0,28.0,14.0,41.0,6.8,30.0,20.5,False
5183,20080323,2020,8,3,23,337.0,0.0,30.0,15.0,33.0,3.9,30.0,20.7,False
5184,20080400,2020,8,4,0,53.0,1.0,28.0,15.0,38.0,5.4,30.0,20.1,False
5185,20080401,2020,8,4,1,93.0,2.0,24.0,13.0,41.0,5.3,30.0,18.8,False
5186,20080402,2020,8,4,2,86.0,1.0,20.0,10.0,41.0,4.7,30.0,18.2,False
5187,20080403,2020,8,4,3,77.0,3.0,16.0,7.0,41.0,4.4,30.0,17.8,False
5188,20080404,2020,8,4,4,84.0,4.0,14.0,7.0,36.0,3.0,30.0,18.3,False
5189,20080405,2020,8,4,5,93.0,2.0,13.0,9.0,36.0,2.5,30.0,17.7,False
5190,20080406,2020,8,4,6,91.0,4.0,16.0,10.0,37.0,2.4,30.0,17.2,False
5191,20080407,2020,8,4,7,90.0,3.0,15.0,10.0,39.0,3.0,30.0,17.1,False
5192,20080408,2020,8,4,8,85.0,3.0,14.0,9.0,37.0,3.6,30.0,18.6,False
5193,20080409,2020,8,4,9,78.0,2.0,18.0,16.0,33.0,4.4,30.0,21.3,False
5194,20080410,2020,8,4,10,41.0,3.0,24.0,12.0,27.0,1.8,30.0,21.6,False
5195,20080411,2020,8,4,11,360.0,0.0,22.0,12.0,25.0,2.4,30.0,23.5,False
5196,20080412,2020,8,4,12,309.0,2.0,12.0,10.0,25.0,2.6,30.0,23.8,False
5197,20080413,2020,8,4,13,258.0,1.0,20.0,7.0,24.0,3.0,30.0,24.9,False
5198,20080414,2020,8,4,14,17.0,1.0,19.0,5.0,25.0,4.3,30.0,25.8,False
5199,20080415,2020,8,4,15,208.0,3.0,12.0,9.0,27.0,4.8,30.0,25.1,False
5200,20080416,2020,8,4,16,237.0,4.0,14.0,6.0,29.0,5.0,30.0,24.1,False
5201,20080417,2020,8,4,17,237.0,4.0,14.0,6.0,29.0,5.0,30.0,24.1,False
5202,20080418,2020,8,4,18,327.0,3.0,25.0,11.0,29.0,5.3,30.0,24.5,False
5203,20080419,2020,8,4,19,25.0,6.0,26.0,10.0,29.0,4.3,30.0,23.3,False
5204,20080420,2020,8,4,20,33.0,6.0,25.0,11.0,34.0,5.4,30.0,22.0,False
5205,20080421,2020,8,4,21,27.0,4.0,26.0,12.0,39.0,5.9,30.0,20.3,False
5206,20080422,2020,8,4,22,49.0,2.0,31.0,15.0,42.0,5.8,30.0,19.0,False
5207,20080423,2020,8,4,23,353.0,1.0,33.0,15.0,46.0,5.8,30.0,17.5,False
5208,20080500,2020,8,5,0,35.0,0.0,29.0,14.0,52.0,6.8,30.0,16.7,False
5209,20080501,2020,8,5,1,116.0,2.0,27.0,14.0,53.0,6.8,30.0,16.4,False
5210,20080502,2020,8,5,2,73.0,0.0,22.0,17.0,46.0,5.7,30.0,17.4,False
5211,20080503,2020,8,5,3,22.0,0.0,37.0,14.0,45.0,5.4,30.0,17.4,False
5212,20080504,2020,8,5,4,73.0,2.0,27.0,11.0,49.0,5.8,30.0,16.5,False
5213,20080505,2020,8,5,5,80.0,1.0,20.0,8.0,51.0,5.9,30.0,16.0,False
5214,20080506,2020,8,5,6,198.0,1.0,14.0,5.0,71.0,9.2,25.3,14.4,False
5215,20080507,2020,8,5,7,198.0,1.0,14.0,5.0,71.0,9.2,25.3,14.4,False
5216,20080508,2020,8,5,8,136.0,3.0,8.0,5.0,66.0,9.7,30.0,16.0,False
5217,20080509,2020,8,5,9,272.0,2.0,86.0,26.0,51.0,7.7,30.0,18.0,False
5218,20080510,2020,8,5,10,327.0,1.0,35.0,30.0,51.0,8.0,30.0,18.3,False
5219,20080511,2020,8,5,11,287.0,3.0,10.0,7.0,49.0,8.2,30.0,19.2,False
5220,20080512,2020,8,5,12,269.0,3.0,13.0,5.0,46.0,8.2,30.0,20.2,False
5221,20080513,2020,8,5,13,238.0,5.0,12.0,5.0,43.0,7.9,30.0,20.9,False
5222,20080514,2020,8,5,14,216.0,3.0,11.0,6.0,40.0,7.4,30.0,21.6,False
5223,20080515,2020,8,5,15,299.0,4.0,13.0,6.0,36.0,6.2,30.0,21.9,False
5224,20080516,2020,8,5,16,293.0,6.0,11.0,6.0,34.0,6.0,30.0,22.6,False
5225,20080517,2020,8,5,17,258.0,3.0,9.0,6.0,34.0,5.8,30.0,22.4,False
5226,20080518,2020,8,5,18,281.0,6.0,4.0,2.0,33.0,6.1,30.0,23.3,False
5227,20080519,2020,8,5,19,311.0,4.0,5.0,2.0,38.0,6.8,30.0,21.7,False
5228,20080520,2020,8,5,20,324.0,3.0,8.0,2.0,41.0,7.6,30.0,21.4,False
5229,20080521,2020,8,5,21,296.0,5.0,15.0,4.0,37.0,5.9,30.0,21.1,False
5230,20080522,2020,8,5,22,321.0,3.0,26.0,5.0,46.0,7.4,30.0,19.3,False
5231,20080523,2020,8,5,23,11.0,1.0,29.0,8.0,54.0,8.4,30.0,17.8,False
5232,20080600,2020,8,6,0,104.0,2.0,22.0,8.0,59.0,8.8,30.0,16.8,False
5233,20080601,2020,8,6,1,96.0,1.0,15.0,8.0,59.0,8.5,30.0,16.5,False
5234,20080602,2020,8,6,2,97.0,1.0,11.0,10.0,61.0,8.2,30.0,15.7,False
5235,20080603,2020,8,6,3,114.0,1.0,12.0,10.0,63.0,8.2,30.0,15.2,False
5236,20080604,2020,8,6,4,107.0,0.0,10.0,7.0,62.0,8.1,30.0,15.3,False
5237,20080605,2020,8,6,5,157.0,0.0,7.0,4.0,59.0,7.3,30.0,15.3,False
5238,20080606,2020,8,6,6,125.0,1.0,5.0,3.0,62.0,7.0,30.0,14.2,False
5239,20080607,2020,8,6,7,125.0,1.0,5.0,3.0,62.0,7.0,30.0,14.2,False
5240,20080608,2020,8,6,8,59.0,1.0,5.0,4.0,53.0,7.5,30.0,17.1,False
5241,20080609,2020,8,6,9,357.0,0.0,86.0,26.0,52.0,8.3,30.0,18.3,False
5242,20080610,2020,8,6,10,294.0,1.0,24.0,17.0,47.0,7.0,30.0,18.5,False
5243,20080611,2020,8,6,11,291.0,1.0,32.0,13.0,45.0,7.2,30.0,19.4,False
5244,20080612,2020,8,6,12,309.0,3.0,26.0,9.0,43.0,7.1,30.0,20.1,False
5245,20080613,2020,8,6,13,310.0,3.0,30.0,8.0,41.0,7.5,30.0,21.3,False
5246,20080614,2020,8,6,14,283.0,2.0,22.0,7.0,39.0,7.6,30.0,22.2,False
5247,20080615,2020,8,6,15,263.0,5.0,14.0,7.0,30.0,4.8,30.0,23.3,False
5248,20080616,2020,8,6,16,283.0,2.0,2.0,2.0,30.0,5.1,30.0,23.7,False
5249,20080617,2020,8,6,17,296.0,4.0,5.0,2.0,30.0,5.3,30.0,23.9,False
5250,20080618,2020,8,6,18,311.0,6.0,9.0,3.0,26.0,3.2,30.0,23.8,False
5251,20080619,2020,8,6,19,299.0,6.0,12.0,5.0,27.0,3.7,30.0,23.8,False
5252,20080620,2020,8,6,20,301.0,5.0,14.0,6.0,27.0,3.7,30.0,23.8,False
5253,20080621,2020,8,6,21,312.0,5.0,14.0,3.0,30.0,4.0,30.0,22.4,False
5254,20080622,2020,8,6,22,316.0,5.0,19.0,2.0,33.0,3.9,30.0,20.7,False
5255,20080623,2020,8,6,23,321.0,2.0,21.0,6.0,39.0,5.0,30.0,19.3,False
5256,20080700,2020,8,7,0,73.0,0.0,20.0,10.0,45.0,5.8,30.0,17.9,False
5257,20080701,2020,8,7,1,86.0,1.0,17.0,10.0,46.0,5.7,30.0,17.4,False
5258,20080702,2020,8,7,2,94.0,1.0,12.0,9.0,47.0,5.6,30.0,17.0,False
5259,20080703,2020,8,7,3,92.0,2.0,38.0,16.0,46.0,5.0,30.0,16.7,False
5260,20080704,2020,8,7,4,94.0,2.0,44.0,17.0,43.0,3.8,30.0,16.4,False
5261,20080705,2020,8,7,5,93.0,2.0,51.0,17.0,45.0,4.4,30.0,16.3,False
5262,20080706,2020,8,7,6,110.0,2.0,6.0,4.0,51.0,5.2,30.0,15.3,False
5263,20080707,2020,8,7,7,110.0,2.0,6.0,4.0,51.0,5.2,30.0,15.3,False
5264,20080708,2020,8,7,8,101.0,1.0,8.0,4.0,54.0,7.4,30.0,16.7,False
5265,20080709,2020,8,7,9,295.0,0.0,10.0,1.0,42.0,6.3,30.0,19.5,False
5266,20080710,2020,8,7,10,329.0,1.0,62.0,28.0,40.0,6.5,30.0,20.5,False
5267,20080711,2020,8,7,11,315.0,0.0,4.0,2.0,35.0,5.3,30.0,21.4,False
5268,20080712,2020,8,7,12,284.0,2.0,27.0,7.0,36.0,6.4,30.0,22.2,False
5269,20080713,2020,8,7,13,309.0,3.0,14.0,7.0,29.0,4.2,30.0,23.2,False
5270,20080714,2020,8,7,14,253.0,8.0,18.0,7.0,28.0,4.6,30.0,24.3,False
5271,20080715,2020,8,7,15,288.0,8.0,6.0,6.0,44.0,8.4,1.2,21.1,False
5272,20080716,2020,8,7,16,246.0,5.0,9.0,6.0,30.0,5.7,30.0,24.4,False
5273,20080717,2020,8,7,17,290.0,5.0,12.0,8.0,27.0,5.1,30.0,25.5,False
5274,20080718,2020,8,7,18,284.0,8.0,15.0,10.0,26.0,4.6,30.0,25.5,False
5275,20080719,2020,8,7,19,295.0,7.0,14.0,8.0,26.0,4.0,30.0,24.8,False
5276,20080720,2020,8,7,20,301.0,5.0,15.0,8.0,26.0,3.5,30.0,24.2,False
5277,20080721,2020,8,7,21,308.0,6.0,20.0,10.0,31.0,4.7,30.0,22.7,False
5278,20080722,2020,8,7,22,322.0,7.0,26.0,11.0,34.0,4.3,30.0,20.7,False
5279,20080723,2020,8,7,23,316.0,3.0,27.0,11.0,34.0,2.9,30.0,19.1,False
5280,20080800,2020,8,8,0,45.0,0.0,24.0,10.0,39.0,3.4,30.0,17.5,False
5281,20080801,2020,8,8,1,88.0,2.0,19.0,11.0,37.0,2.4,30.0,17.2,False
5282,20080802,2020,8,8,2,89.0,2.0,14.0,10.0,35.0,1.7,30.0,17.3,False
5283,20080803,2020,8,8,3,84.0,2.0,9.0,8.0,41.0,2.9,30.0,16.2,False
5284,20080804,2020,8,8,4,108.0,2.0,9.0,6.0,44.0,3.7,30.0,15.9,False
5285,20080805,2020,8,8,5,124.0,2.0,9.0,5.0,51.0,4.8,30.0,14.8,False
5286,20080806,2020,8,8,6,140.0,0.0,8.0,4.0,50.0,4.8,30.0,15.1,False
5287,20080807,2020,8,8,7,140.0,0.0,8.0,4.0,50.0,4.8,30.0,15.1,False
5288,20080808,2020,8,8,8,85.0,0.0,6.0,2.0,51.0,5.9,30.0,16.0,False
5289,20080809,2020,8,8,9,22.0,0.0,6.0,4.0,44.0,6.5,30.0,19.0,False
5290,20080810,2020,8,8,10,215.0,0.0,20.0,16.0,43.0,6.3,30.0,19.2,False
5291,20080811,2020,8,8,11,256.0,2.0,26.0,9.0,33.0,4.0,30.0,20.9,False
5292,20080812,2020,8,8,12,243.0,1.0,30.0,8.0,29.0,3.3,30.0,22.1,False
5293,20080813,2020,8,8,13,285.0,5.0,27.0,8.0,24.0,1.2,30.0,22.8,False
5294,20080814,2020,8,8,14,301.0,6.0,29.0,8.0,22.0,0.9,30.0,23.9,False
5295,20080815,2020,8,8,15,271.0,6.0,24.0,8.0,20.0,0.1,30.0,24.5,False
5296,20080816,2020,8,8,16,298.0,6.0,12.0,8.0,24.0,3.0,30.0,25.0,False
5297,20080817,2020,8,8,17,300.0,5.0,16.0,9.0,21.0,0.8,30.0,24.6,False
5298,20080818,2020,8,8,18,300.0,7.0,20.0,13.0,24.0,3.1,30.0,25.1,False
5299,20080819,2020,8,8,19,306.0,7.0,23.0,18.0,25.0,2.9,30.0,24.2,False
5300,20080820,2020,8,8,20,300.0,5.0,25.0,15.0,25.0,2.4,30.0,23.5,False
5301,20080821,2020,8,8,21,321.0,4.0,29.0,15.0,23.0,-0.4,30.0,21.6,False
5302,20080822,2020,8,8,22,322.0,3.0,34.0,12.0,29.0,1.0,30.0,19.5,False
5303,20080823,2020,8,8,23,321.0,3.0,35.0,13.0,33.0,1.4,30.0,17.9,False
5304,20080900,2020,8,9,0,6.0,1.0,30.0,14.0,37.0,1.7,30.0,16.4,False
5305,20080901,2020,8,9,1,48.0,2.0,24.0,12.0,39.0,2.4,30.0,16.4,False
5306,20080902,2020,8,9,2,69.0,2.0,19.0,9.0,44.0,3.7,30.0,15.9,False
5307,20080903,2020,8,9,3,77.0,3.0,15.0,7.0,44.0,3.7,30.0,15.9,False
5308,20080904,2020,8,9,4,60.0,2.0,8.0,6.0,38.0,1.9,30.0,16.2,False
5309,20080905,2020,8,9,5,83.0,3.0,4.0,4.0,39.0,1.8,30.0,15.7,False
5310,20080906,2020,8,9,6,97.0,2.0,49.0,22.0,36.0,0.7,30.0,15.7,False
5311,20080907,2020,8,9,7,97.0,2.0,49.0,22.0,36.0,0.7,30.0,15.7,False
5312,20080908,2020,8,9,8,101.0,2.0,6.0,4.0,38.0,3.0,30.0,17.5,False
5313,20080909,2020,8,9,9,110.0,2.0,8.0,3.0,30.0,2.4,30.0,20.6,False
5314,20080910,2020,8,9,10,181.0,0.0,9.0,2.0,25.0,1.3,30.0,22.2,False
5315,20080911,2020,8,9,11,259.0,3.0,5.0,4.0,27.0,2.5,30.0,22.4,False
5316,20080912,2020,8,9,12,242.0,4.0,32.0,10.0,25.0,2.1,30.0,23.2,False
5317,20080913,2020,8,9,13,266.0,4.0,44.0,8.0,26.0,3.3,30.0,24.0,False
5318,20080914,2020,8,9,14,297.0,4.0,34.0,8.0,24.0,2.5,30.0,24.3,False
5319,20080915,2020,8,9,15,300.0,5.0,7.0,6.0,22.0,1.9,30.0,25.1,False
5320,20080916,2020,8,9,16,290.0,8.0,14.0,7.0,20.0,0.9,30.0,25.5,False
5321,20080917,2020,8,9,17,286.0,8.0,19.0,7.0,19.0,0.3,30.0,25.6,False
5322,20080918,2020,8,9,18,292.0,8.0,22.0,9.0,18.0,-0.3,30.0,25.8,False
5323,20080919,2020,8,9,19,299.0,6.0,22.0,9.0,20.0,0.1,30.0,24.5,False
5324,20080920,2020,8,9,20,288.0,7.0,22.0,9.0,22.0,1.2,30.0,24.2,False
5325,20080921,2020,8,9,21,325.0,4.0,25.0,11.0,22.0,-0.4,30.0,22.3,False
5326,20080922,2020,8,9,22,329.0,3.0,30.0,16.0,26.0,0.3,30.0,20.4,False
5327,20080923,2020,8,9,23,315.0,3.0,33.0,18.0,30.0,1.3,30.0,19.3,False
5328,20081000,2020,8,10,0,360.0,1.0,34.0,16.0,33.0,1.3,30.0,17.8,False
5329,20081001,2020,8,10,1,336.0,1.0,31.0,15.0,33.0,1.0,30.0,17.4,False
5330,20081002,2020,8,10,2,343.0,1.0,25.0,8.0,36.0,1.7,30.0,16.9,False
5331,20081003,2020,8,10,3,319.0,2.0,19.0,7.0,35.0,1.5,30.0,17.1,False
5332,20081004,2020,8,10,4,66.0,1.0,17.0,10.0,39.0,2.6,30.0,16.6,False
5333,20081005,2020,8,10,5,43.0,0.0,13.0,9.0,40.0,2.9,30.0,16.5,False
5334,20081006,2020,8,10,6,90.0,0.0,11.0,6.0,40.0,2.8,30.0,16.4,False
5335,20081007,2020,8,10,7,90.0,0.0,11.0,6.0,40.0,2.8,30.0,16.4,False
5336,20081008,2020,8,10,8,193.0,1.0,11.0,4.0,51.0,4.8,30.0,14.8,False
5337,20081009,2020,8,10,9,213.0,2.0,12.0,8.0,46.0,5.1,30.0,16.8,False
5338,20081010,2020,8,10,10,239.0,2.0,10.0,6.0,40.0,4.8,30.0,18.6,False
5339,20081011,2020,8,10,11,265.0,5.0,9.0,4.0,37.0,5.2,30.0,20.4,False
5340,20081012,2020,8,10,12,279.0,4.0,11.0,8.0,36.0,5.4,30.0,21.0,False
5341,20081013,2020,8,10,13,283.0,5.0,45.0,21.0,34.0,5.0,30.0,21.5,False
5342,20081014,2020,8,10,14,293.0,4.0,29.0,19.0,33.0,4.9,30.0,21.9,False
5343,20081015,2020,8,10,15,288.0,5.0,45.0,20.0,32.0,5.2,30.0,22.7,False
5344,20081016,2020,8,10,16,306.0,4.0,12.0,10.0,31.0,4.8,30.0,22.8,False
5345,20081017,2020,8,10,17,286.0,5.0,14.0,11.0,30.0,4.9,30.0,23.5,False
5346,20081018,2020,8,10,18,283.0,6.0,16.0,12.0,28.0,4.1,30.0,23.7,False
5347,20081019,2020,8,10,19,267.0,7.0,13.0,11.0,26.0,3.2,30.0,23.8,False
5348,20081020,2020,8,10,20,288.0,6.0,11.0,8.0,28.0,3.6,30.0,23.1,False
5349,20081021,2020,8,10,21,284.0,6.0,17.0,9.0,31.0,3.5,30.0,21.3,False
5350,20081022,2020,8,10,22,325.0,4.0,26.0,9.0,36.0,4.4,30.0,19.9,False
5351,20081023,2020,8,10,23,308.0,2.0,28.0,7.0,39.0,4.2,30.0,18.4,False
5352,20081100,2020,8,11,0,16.0,0.0,23.0,7.0,45.0,4.8,30.0,16.8,False
5353,20081101,2020,8,11,1,298.0,0.0,18.0,7.0,47.0,4.7,30.0,16.0,False
5354,20081102,2020,8,11,2,172.0,1.0,14.0,8.0,50.0,4.5,30.0,14.8,False
5355,20081103,2020,8,11,3,131.0,1.0,12.0,9.0,51.0,5.0,30.0,15.1,False
5356,20081104,2020,8,11,4,133.0,1.0,13.0,10.0,55.0,5.2,30.0,14.1,False
5357,20081105,2020,8,11,5,162.0,2.0,18.0,13.0,52.0,4.6,30.0,14.3,False
5358,20081106,2020,8,11,6,178.0,2.0,28.0,18.0,55.0,4.2,30.0,13.0,False
5359,20081107,2020,8,11,7,178.0,2.0,28.0,18.0,55.0,4.2,30.0,13.0,False
5360,20081108,2020,8,11,8,148.0,3.0,29.0,17.0,56.0,5.7,30.0,14.3,False
5361,20081109,2020,8,11,9,192.0,3.0,27.0,18.0,49.0,5.9,30.0,16.7,False
5362,20081110,2020,8,11,10,255.0,4.0,22.0,17.0,43.0,5.6,30.0,18.4,False
5363,20081111,2020,8,11,11,265.0,5.0,28.0,8.0,39.0,5.6,30.0,20.0,False
5364,20081112,2020,8,11,12,265.0,7.0,45.0,25.0,36.0,4.8,30.0,20.4,False
5365,20081113,2020,8,11,13,255.0,9.0,28.0,20.0,33.0,4.0,30.0,20.8,False
5366,20081114,2020,8,11,14,270.0,7.0,24.0,8.0,35.0,5.3,30.0,21.4,False
5367,20081115,2020,8,11,15,280.0,5.0,7.0,7.0,33.0,5.5,30.0,22.6,False
5368,20081116,2020,8,11,16,267.0,7.0,6.0,5.0,32.0,5.3,30.0,22.8,False
5369,20081117,2020,8,11,17,299.0,6.0,3.0,3.0,30.0,4.3,30.0,22.8,False
5370,20081118,2020,8,11,18,268.0,7.0,2.0,1.0,32.0,5.3,30.0,22.9,False
5371,20081119,2020,8,11,19,287.0,7.0,6.0,3.0,33.0,6.1,30.0,23.2,False
5372,20081120,2020,8,11,20,301.0,5.0,9.0,4.0,33.0,5.4,30.0,22.4,False
5373,20081121,2020,8,11,21,293.0,4.0,17.0,7.0,34.0,4.7,30.0,21.2,False
5374,20081122,2020,8,11,22,315.0,2.0,64.0,11.0,39.0,5.5,30.0,19.8,False
5375,20081123,2020,8,11,23,292.0,2.0,52.0,12.0,41.0,5.2,30.0,18.7,False
5376,20081200,2020,8,12,0,152.0,0.0,50.0,12.0,48.0,5.7,30.0,16.8,False
5377,20081201,2020,8,12,1,88.0,0.0,34.0,13.0,47.0,5.4,30.0,16.8,False
5378,20081202,2020,8,12,2,73.0,0.0,32.0,13.0,48.0,5.4,30.0,16.4,False
5379,20081203,2020,8,12,3,86.0,1.0,29.0,14.0,50.0,5.4,30.0,15.8,False
5380,20081204,2020,8,12,4,104.0,2.0,23.0,14.0,50.0,5.4,30.0,15.8,False
5381,20081205,2020,8,12,5,97.0,2.0,21.0,12.0,51.0,5.5,30.0,15.6,False
5382,20081206,2020,8,12,6,100.0,2.0,31.0,14.0,50.0,5.2,30.0,15.6,False
5383,20081207,2020,8,12,7,100.0,2.0,31.0,14.0,50.0,5.2,30.0,15.6,False
5384,20081208,2020,8,12,8,118.0,2.0,24.0,15.0,52.0,6.4,30.0,16.3,False
5385,20081209,2020,8,12,9,131.0,0.0,28.0,12.0,44.0,7.0,30.0,19.6,False
5386,20081210,2020,8,12,10,200.0,3.0,22.0,9.0,39.0,5.7,30.0,20.1,False
5387,20081211,2020,8,12,11,234.0,3.0,34.0,8.0,37.0,6.1,30.0,21.4,False
5388,20081212,2020,8,12,12,243.0,3.0,42.0,8.0,32.0,5.1,30.0,22.6,False
5389,20081213,2020,8,12,13,249.0,7.0,30.0,8.0,32.0,6.0,30.0,23.6,False
5390,20081214,2020,8,12,14,270.0,7.0,24.0,8.0,35.0,5.3,30.0,21.4,False
5391,20081215,2020,8,12,15,280.0,5.0,7.0,7.0,33.0,5.5,30.0,22.6,False
5392,20081216,2020,8,12,16,274.0,8.0,13.0,7.0,25.0,2.7,30.0,23.9,False
5393,20081217,2020,8,12,17,295.0,6.0,34.0,8.0,25.0,2.6,30.0,23.8,False
5394,20081218,2020,8,12,18,290.0,5.0,24.0,8.0,26.0,3.4,30.0,24.1,False
5395,20081219,2020,8,12,19,267.0,4.0,26.0,8.0,25.0,2.8,30.0,24.0,False
5396,20081220,2020,8,12,20,198.0,8.0,46.0,8.0,40.0,6.8,30.0,20.9,False
5397,20081221,2020,8,12,21,178.0,5.0,40.0,9.0,46.0,7.5,30.0,19.4,False
5398,20081222,2020,8,12,22,162.0,4.0,36.0,10.0,46.0,7.1,30.0,19.0,False
5399,20081223,2020,8,12,23,171.0,3.0,47.0,11.0,48.0,7.1,30.0,18.3,False
5400,20081300,2020,8,13,0,200.0,2.0,37.0,12.0,50.0,7.1,30.0,17.6,False
5401,20081301,2020,8,13,1,161.0,2.0,44.0,11.0,51.0,6.8,30.0,17.0,False
5402,20081302,2020,8,13,2,142.0,0.0,34.0,10.0,47.0,5.6,30.0,17.0,False
5403,20081303,2020,8,13,3,192.0,0.0,39.0,10.0,42.0,4.4,30.0,17.4,False
5404,20081304,2020,8,13,4,247.0,2.0,35.0,13.0,47.0,5.1,30.0,16.4,False
5405,20081305,2020,8,13,5,161.0,1.0,28.0,14.0,51.0,5.6,30.0,15.7,False
5406,20081306,2020,8,13,6,122.0,3.0,25.0,15.0,67.0,8.2,30.0,14.2,False
5407,20081307,2020,8,13,7,122.0,3.0,25.0,15.0,67.0,8.2,30.0,14.2,False
5408,20081308,2020,8,13,8,127.0,2.0,41.0,15.0,70.0,8.7,30.0,14.1,False
5409,20081309,2020,8,13,9,132.0,1.0,30.0,16.0,56.0,8.4,30.0,17.3,False
5410,20081310,2020,8,13,10,249.0,2.0,24.0,13.0,47.0,6.7,30.0,18.2,False
5411,20081311,2020,8,13,11,292.0,1.0,45.0,9.0,39.0,5.0,30.0,19.3,False
5412,20081312,2020,8,13,12,254.0,3.0,42.0,8.0,33.0,3.7,30.0,20.5,False
5413,20081313,2020,8,13,13,249.0,7.0,30.0,8.0,32.0,6.0,30.0,23.6,False
5414,20081314,2020,8,13,14,288.0,4.0,24.0,8.0,24.0,0.8,30.0,22.3,False
5415,20081315,2020,8,13,15,283.0,6.0,17.0,8.0,24.0,0.7,30.0,22.2,False
5416,20081316,2020,8,13,16,293.0,5.0,35.0,8.0,23.0,0.6,30.0,22.8,False
5417,20081317,2020,8,13,17,303.0,8.0,39.0,8.0,22.0,0.0,30.0,22.8,False
5418,20081318,2020,8,13,18,267.0,8.0,30.0,8.0,23.0,0.4,30.0,22.6,False
5419,20081319,2020,8,13,19,306.0,6.0,20.0,8.0,23.0,0.0,30.0,22.1,False
5420,20081320,2020,8,13,20,302.0,5.0,37.0,8.0,23.0,-0.7,30.0,21.3,False
5421,20081321,2020,8,13,21,289.0,5.0,42.0,9.0,25.0,-0.8,30.0,19.8,False
5422,20081322,2020,8,13,22,247.0,0.0,100.0,14.0,29.0,-0.9,30.0,17.3,False
5423,20081323,2020,8,13,23,0.0,0.0,212.0,15.0,34.0,0.2,30.0,16.1,False
5424,20081400,2020,8,14,0,110.0,1.0,98.0,15.0,34.0,-0.2,30.0,15.6,False
5425,20081401,2020,8,14,1,91.0,2.0,85.0,15.0,31.0,-1.3,30.0,15.8,False
5426,20081402,2020,8,14,2,89.0,2.0,99.0,23.0,33.0,-0.6,30.0,15.6,False
5427,20081403,2020,8,14,3,92.0,2.0,40.0,14.0,35.0,0.2,30.0,15.6,False
5428,20081404,2020,8,14,4,101.0,2.0,30.0,14.0,38.0,0.6,30.0,14.8,False
5429,20081405,2020,8,14,5,94.0,2.0,34.0,13.0,38.0,0.6,30.0,14.8,False
5430,20081406,2020,8,14,6,91.0,2.0,48.0,12.0,37.0,0.2,30.0,14.7,False
5431,20081407,2020,8,14,7,91.0,2.0,48.0,12.0,37.0,0.2,30.0,14.7,False
5432,20081408,2020,8,14,8,103.0,2.0,40.0,11.0,38.0,1.6,24.0,15.9,False
5433,20081409,2020,8,14,9,99.0,1.0,40.0,11.0,34.0,2.4,30.0,18.5,False
5434,20081410,2020,8,14,10,329.0,1.0,52.0,11.0,26.0,0.4,30.0,20.6,False
5435,20081411,2020,8,14,11,304.0,1.0,60.0,10.0,24.0,-0.2,30.0,21.1,False
5436,20081412,2020,8,14,12,266.0,3.0,71.0,11.0,23.0,-0.3,30.0,21.7,False
5437,20081413,2020,8,14,13,306.0,1.0,44.0,11.0,22.0,-0.3,30.0,22.4,False
5438,20081414,2020,8,14,14,244.0,5.0,46.0,11.0,23.0,0.5,30.0,22.7,False
5439,20081415,2020,8,14,15,251.0,3.0,28.0,12.0,21.0,-0.1,30.0,23.5,False
5440,20081416,2020,8,14,16,228.0,3.0,31.0,16.0,23.0,0.4,30.0,22.5,False
5441,20081417,2020,8,14,17,267.0,6.0,25.0,25.0,25.0,1.3,30.0,22.3,False
5442,20081418,2020,8,14,18,267.0,12.0,15.0,8.0,42.0,6.6,30.0,19.9,False
5443,20081419,2020,8,14,19,267.0,12.0,15.0,8.0,42.0,6.6,30.0,19.9,False
5444,20081420,2020,8,14,20,294.0,9.0,7.0,3.0,59.0,7.5,30.0,15.5,False
5445,20081421,2020,8,14,21,285.0,7.0,10.0,2.0,73.0,8.3,30.0,13.0,False
5446,20081422,2020,8,14,22,296.0,5.0,26.0,10.0,77.0,7.9,30.0,11.8,False
5447,20081423,2020,8,14,23,296.0,5.0,26.0,10.0,77.0,7.9,30.0,11.8,False
5448,20081500,2020,8,15,0,268.0,6.0,11.0,10.0,94.0,8.9,22.3,9.8,False
5449,20081501,2020,8,15,1,272.0,7.0,14.0,11.0,98.0,9.6,0.2,9.9,False
5450,20081502,2020,8,15,2,298.0,5.0,10.0,7.0,98.0,9.4,0.5,9.7,False
5451,20081503,2020,8,15,3,293.0,3.0,18.0,15.0,98.0,9.2,3.7,9.5,False
5452,20081504,2020,8,15,4,257.0,2.0,14.0,14.0,98.0,9.3,29.8,9.6,False
5453,20081505,2020,8,15,5,239.0,2.0,14.0,13.0,97.0,8.9,14.5,9.4,False
5454,20081506,2020,8,15,6,270.0,5.0,16.0,11.0,98.0,9.2,0.8,9.5,False
5455,20081507,2020,8,15,7,248.0,6.0,13.0,9.0,98.0,9.2,10.9,9.5,False
5456,20081508,2020,8,15,8,259.0,7.0,26.0,14.0,98.0,8.8,0.3,9.1,False
5457,20081509,2020,8,15,9,99.0,1.0,40.0,11.0,34.0,2.4,30.0,18.5,False
5458,20081510,2020,8,15,10,277.0,4.0,7.0,6.0,99.0,9.4,5.4,9.5,False
5459,20081511,2020,8,15,11,304.0,1.0,60.0,10.0,24.0,-0.2,30.0,21.1,False
5460,20081512,2020,8,15,12,254.0,4.0,19.0,6.0,87.0,9.4,30.0,11.5,False
5461,20081513,2020,8,15,13,291.0,4.0,8.0,7.0,82.0,10.1,30.0,13.1,False
5462,20081514,2020,8,15,14,293.0,6.0,8.0,7.0,83.0,9.5,30.0,12.3,False
5463,20081515,2020,8,15,15,251.0,3.0,28.0,12.0,21.0,-0.1,30.0,23.5,False
5464,20081516,2020,8,15,16,282.0,3.0,23.0,7.0,69.0,9.0,30.0,14.6,False
5465,20081517,2020,8,15,17,224.0,2.0,13.0,7.0,72.0,9.5,30.0,14.5,False
5466,20081518,2020,8,15,18,263.0,7.0,10.0,7.0,68.0,8.5,30.0,14.3,False
5467,20081519,2020,8,15,19,318.0,3.0,18.0,7.0,74.0,9.0,30.0,13.5,False
5468,20081520,2020,8,15,20,327.0,2.0,14.0,7.0,76.0,9.5,30.0,13.6,False
5469,20081521,2020,8,15,21,338.0,3.0,20.0,7.0,77.0,9.1,30.0,13.0,False
5470,20081522,2020,8,15,22,296.0,5.0,26.0,10.0,77.0,7.9,30.0,11.8,False
5471,20081523,2020,8,15,23,82.0,1.0,40.0,9.0,81.0,8.5,30.0,11.6,False
5472,20081600,2020,8,16,0,268.0,6.0,11.0,10.0,94.0,8.9,22.3,9.8,False
5473,20081601,2020,8,16,1,272.0,7.0,14.0,11.0,98.0,9.6,0.2,9.9,False
5474,20081602,2020,8,16,2,148.0,2.0,25.0,14.0,74.0,6.6,30.0,11.0,False
5475,20081603,2020,8,16,3,159.0,2.0,27.0,14.0,75.0,6.3,30.0,10.5,False
5476,20081604,2020,8,16,4,154.0,3.0,22.0,13.0,77.0,6.4,30.0,10.3,False
5477,20081605,2020,8,16,5,192.0,2.0,25.0,13.0,79.0,7.0,30.0,10.5,False
5478,20081606,2020,8,16,6,150.0,3.0,13.0,12.0,80.0,6.9,30.0,10.2,False
5479,20081607,2020,8,16,7,150.0,3.0,13.0,12.0,80.0,6.9,30.0,10.2,False
5480,20081608,2020,8,16,8,186.0,2.0,15.0,10.0,72.0,7.3,30.0,12.2,False
5481,20081609,2020,8,16,9,223.0,1.0,71.0,23.0,65.0,6.9,30.0,13.3,False
5482,20081610,2020,8,16,10,240.0,2.0,16.0,9.0,63.0,7.2,30.0,14.1,False
5483,20081611,2020,8,16,11,270.0,3.0,10.0,9.0,24.0,-3.6,30.0,17.1,False
5484,20081612,2020,8,16,12,187.0,1.0,37.0,7.0,50.0,5.4,30.0,15.8,False
5485,20081613,2020,8,16,13,278.0,1.0,22.0,8.0,52.0,6.5,30.0,16.4,False
5486,20081614,2020,8,16,14,293.0,6.0,8.0,7.0,83.0,9.5,30.0,12.3,False
5487,20081615,2020,8,16,15,272.0,6.0,18.0,8.0,43.0,5.6,30.0,18.4,False
5488,20081616,2020,8,16,16,274.0,5.0,19.0,7.0,39.0,4.4,30.0,18.6,False
5489,20081617,2020,8,16,17,262.0,4.0,16.0,7.0,41.0,5.0,30.0,18.5,False
5490,20081618,2020,8,16,18,284.0,4.0,22.0,7.0,36.0,3.6,30.0,19.0,False
5491,20081619,2020,8,16,19,279.0,6.0,14.0,7.0,33.0,2.0,30.0,18.6,False
5492,20081620,2020,8,16,20,296.0,4.0,18.0,7.0,35.0,2.2,30.0,17.9,False
5493,20081621,2020,8,16,21,332.0,4.0,33.0,7.0,43.0,3.7,30.0,16.3,False
5494,20081622,2020,8,16,22,313.0,2.0,31.0,9.0,50.0,4.4,30.0,14.7,False
5495,20081623,2020,8,16,23,320.0,1.0,17.0,12.0,56.0,5.0,30.0,13.6,False
5496,20081700,2020,8,17,0,0.0,0.0,37.0,14.0,62.0,5.6,30.0,12.7,False
5497,20081701,2020,8,17,1,114.0,2.0,48.0,23.0,44.0,3.7,30.0,15.9,False
5498,20081702,2020,8,17,2,131.0,1.0,43.0,19.0,66.0,5.2,30.0,11.3,False
5499,20081703,2020,8,17,3,131.0,1.0,43.0,19.0,66.0,5.2,30.0,11.3,False
5500,20081704,2020,8,17,4,142.0,2.0,46.0,20.0,70.0,5.6,30.0,10.8,False
5501,20081705,2020,8,17,5,193.0,0.0,33.0,20.0,59.0,3.4,30.0,11.1,False
5502,20081706,2020,8,17,6,164.0,1.0,33.0,19.0,54.0,2.1,30.0,11.0,False
5503,20081707,2020,8,17,7,164.0,1.0,33.0,19.0,54.0,2.1,30.0,11.0,False
5504,20081708,2020,8,17,8,158.0,1.0,49.0,16.0,43.0,0.2,30.0,12.4,False
5505,20081709,2020,8,17,9,158.0,1.0,49.0,16.0,43.0,0.2,30.0,12.4,False
5506,20081710,2020,8,17,10,261.0,3.0,24.0,12.0,25.0,-3.7,30.0,16.4,False
5507,20081711,2020,8,17,11,270.0,3.0,10.0,9.0,24.0,-3.6,30.0,17.1,False
5508,20081712,2020,8,17,12,261.0,2.0,33.0,8.0,28.0,-0.9,30.0,17.9,False
5509,20081713,2020,8,17,13,262.0,3.0,31.0,8.0,31.0,1.7,30.0,19.2,False
5510,20081714,2020,8,17,14,267.0,4.0,22.0,8.0,27.0,0.4,30.0,19.9,False
5511,20081715,2020,8,17,15,283.0,4.0,17.0,8.0,28.0,1.5,30.0,20.6,False
5512,20081716,2020,8,17,16,295.0,3.0,20.0,8.0,23.0,-0.4,30.0,21.6,False
5513,20081717,2020,8,17,17,293.0,4.0,32.0,8.0,23.0,0.1,30.0,22.2,False
5514,20081718,2020,8,17,18,287.0,5.0,25.0,17.0,23.0,0.1,30.0,22.2,False
5515,20081719,2020,8,17,19,285.0,6.0,16.0,8.0,24.0,0.8,30.0,22.3,False
5516,20081720,2020,8,17,20,305.0,3.0,21.0,8.0,27.0,1.8,30.0,21.6,False
5517,20081721,2020,8,17,21,328.0,3.0,29.0,8.0,31.0,2.3,30.0,19.9,False
5518,20081722,2020,8,17,22,61.0,1.0,33.0,10.0,39.0,3.8,30.0,17.9,False
5519,20081723,2020,8,17,23,87.0,2.0,26.0,13.0,43.0,4.3,30.0,16.9,False
5520,20081800,2020,8,18,0,98.0,1.0,35.0,17.0,41.0,3.4,30.0,16.7,False
5521,20081801,2020,8,18,1,114.0,2.0,48.0,23.0,44.0,3.7,30.0,15.9,False
5522,20081802,2020,8,18,2,132.0,3.0,61.0,25.0,45.0,3.8,30.0,15.7,False
5523,20081803,2020,8,18,3,141.0,3.0,69.0,24.0,46.0,4.0,30.0,15.6,False
5524,20081804,2020,8,18,4,137.0,3.0,37.0,24.0,46.0,4.0,30.0,15.6,False
5525,20081805,2020,8,18,5,89.0,1.0,47.0,22.0,51.0,4.3,30.0,14.3,False
5526,20081806,2020,8,18,6,119.0,3.0,30.0,21.0,49.0,3.9,30.0,14.5,False
5527,20081807,2020,8,18,7,119.0,3.0,30.0,21.0,49.0,3.9,30.0,14.5,False
5528,20081808,2020,8,18,8,118.0,3.0,23.0,18.0,45.0,3.9,30.0,15.8,False
5529,20081809,2020,8,18,9,112.0,2.0,23.0,17.0,40.0,4.8,30.0,18.7,False
5530,20081810,2020,8,18,10,49.0,1.0,60.0,31.0,26.0,1.1,30.0,21.4,False
5531,20081811,2020,8,18,11,236.0,1.0,21.0,11.0,28.0,2.2,30.0,21.5,False
5532,20081812,2020,8,18,12,61.0,1.0,40.0,10.0,25.0,1.5,30.0,22.5,False
5533,20081813,2020,8,18,13,265.0,2.0,30.0,9.0,24.0,1.7,30.0,23.4,False
5534,20081814,2020,8,18,14,312.0,1.0,28.0,10.0,22.0,0.7,30.0,23.7,False
5535,20081815,2020,8,18,15,300.0,1.0,37.0,8.0,22.0,1.7,30.0,24.8,False
5536,20081816,2020,8,18,16,204.0,1.0,20.0,8.0,20.0,1.0,30.0,25.6,False
5537,20081817,2020,8,18,17,259.0,2.0,15.0,8.0,19.0,0.5,30.0,25.9,False
5538,20081818,2020,8,18,18,252.0,2.0,18.0,14.0,19.0,0.8,30.0,26.2,False
5539,20081819,2020,8,18,19,284.0,3.0,28.0,11.0,19.0,0.8,30.0,26.2,False
5540,20081820,2020,8,18,20,360.0,2.0,64.0,9.0,21.0,0.8,30.0,24.6,False
5541,20081821,2020,8,18,21,30.0,3.0,26.0,11.0,23.0,0.7,30.0,22.9,False
5542,20081822,2020,8,18,22,82.0,2.0,96.0,14.0,26.0,1.5,30.0,21.8,False
5543,20081823,2020,8,18,23,81.0,4.0,123.0,17.0,27.0,1.3,30.0,21.0,False
5544,20081900,2020,8,19,0,65.0,2.0,278.0,21.0,23.0,-0.9,30.0,21.0,False
5545,20081901,2020,8,19,1,89.0,2.0,313.0,18.0,27.0,0.6,30.0,20.2,False
5546,20081902,2020,8,19,2,136.0,3.0,147.0,18.0,30.0,1.4,30.0,19.4,False
5547,20081903,2020,8,19,3,143.0,5.0,84.0,17.0,29.0,1.2,30.0,19.7,False
5548,20081904,2020,8,19,4,149.0,6.0,24.0,16.0,33.0,2.0,30.0,18.6,False
5549,20081905,2020,8,19,5,307.0,5.0,47.0,12.0,68.0,8.5,30.0,14.3,False
5550,20081906,2020,8,19,6,260.0,4.0,43.0,12.0,79.0,9.4,30.0,13.0,False
5551,20081907,2020,8,19,7,260.0,4.0,43.0,12.0,79.0,9.4,30.0,13.0,False
5552,20081908,2020,8,19,8,307.0,5.0,25.0,20.0,83.0,9.7,30.0,12.5,False
5553,20081909,2020,8,19,9,316.0,6.0,23.0,12.0,93.0,10.9,30.0,12.0,False
5554,20081910,2020,8,19,10,317.0,1.0,17.0,13.0,89.0,10.7,30.0,12.5,False
5555,20081911,2020,8,19,11,331.0,1.0,6.0,2.0,88.0,10.7,30.0,12.6,False
5556,20081912,2020,8,19,12,308.0,1.0,10.0,9.0,90.0,11.0,30.0,12.6,False
5557,20081913,2020,8,19,13,285.0,0.0,24.0,11.0,83.0,11.1,25.5,13.9,False
5558,20081914,2020,8,19,14,259.0,2.0,23.0,8.0,69.0,9.9,30.0,15.6,False
5559,20081915,2020,8,19,15,300.0,4.0,14.0,8.0,68.0,10.3,30.0,16.2,False
5560,20081916,2020,8,19,16,307.0,4.0,21.0,8.0,59.0,9.6,30.0,17.7,False
5561,20081917,2020,8,19,17,309.0,4.0,22.0,8.0,57.0,9.6,30.0,18.2,False
5562,20081918,2020,8,19,18,326.0,2.0,17.0,8.0,49.0,7.7,30.0,18.6,False
5563,20081919,2020,8,19,19,308.0,4.0,30.0,8.0,52.0,8.2,30.0,18.2,False
5564,20081920,2020,8,19,20,323.0,3.0,15.0,8.0,51.0,7.9,30.0,18.2,False
5565,20081921,2020,8,19,21,329.0,3.0,21.0,8.0,52.0,7.2,30.0,17.1,False
5566,20081922,2020,8,19,22,344.0,2.0,17.0,8.0,48.0,5.1,30.0,16.1,False
5567,20081923,2020,8,19,23,11.0,2.0,30.0,10.0,48.0,4.6,30.0,15.6,False
5568,20082000,2020,8,20,0,14.0,2.0,37.0,9.0,46.0,3.9,30.0,15.5,False
5569,20082001,2020,8,20,1,347.0,3.0,31.0,8.0,44.0,3.0,30.0,15.2,False
5570,20082002,2020,8,20,2,12.0,2.0,25.0,9.0,45.0,2.8,30.0,14.6,False
5571,20082003,2020,8,20,3,3.0,1.0,9.0,9.0,47.0,3.5,30.0,14.7,False
5572,20082004,2020,8,20,4,30.0,2.0,15.0,9.0,44.0,2.6,30.0,14.7,False
5573,20082005,2020,8,20,5,24.0,1.0,24.0,8.0,46.0,2.8,30.0,14.3,False
5574,20082006,2020,8,20,6,10.0,1.0,16.0,9.0,45.0,2.6,30.0,14.4,False
5575,20082007,2020,8,20,7,10.0,1.0,16.0,9.0,45.0,2.6,30.0,14.4,False
5576,20082008,2020,8,20,8,328.0,4.0,20.0,7.0,55.0,4.4,30.0,13.2,False
5577,20082009,2020,8,20,9,25.0,2.0,13.0,8.0,56.0,4.6,30.0,13.2,False
5578,20082010,2020,8,20,10,289.0,2.0,52.0,19.0,62.0,6.1,30.0,13.2,False
5579,20082011,2020,8,20,11,26.0,1.0,26.0,16.0,61.0,5.7,30.0,13.0,False
5580,20082012,2020,8,20,12,78.0,1.0,21.0,8.0,54.0,4.8,30.0,14.0,False
5581,20082013,2020,8,20,13,106.0,1.0,11.0,8.0,50.0,4.6,30.0,14.9,False
5582,20082014,2020,8,20,14,63.0,2.0,23.0,8.0,44.0,4.0,30.0,16.3,False
5583,20082015,2020,8,20,15,26.0,3.0,20.0,8.0,36.0,3.0,30.0,18.3,False
5584,20082016,2020,8,20,16,351.0,3.0,11.0,8.0,37.0,4.2,30.0,19.2,False
5585,20082017,2020,8,20,17,62.0,1.0,13.0,8.0,37.0,3.6,30.0,18.6,False
5586,20082018,2020,8,20,18,130.0,0.0,13.0,8.0,32.0,2.6,30.0,19.8,False
5587,20082019,2020,8,20,19,359.0,2.0,17.0,8.0,34.0,3.3,30.0,19.6,False
5588,20082020,2020,8,20,20,329.0,1.0,23.0,8.0,34.0,2.8,30.0,19.0,False
5589,20082021,2020,8,20,21,320.0,1.0,27.0,12.0,38.0,3.1,30.0,17.6,False
5590,20082022,2020,8,20,22,182.0,1.0,23.0,8.0,48.0,4.0,30.0,14.9,False
5591,20082023,2020,8,20,23,155.0,3.0,23.0,8.0,48.0,3.8,30.0,14.7,False
5592,20082100,2020,8,21,0,148.0,4.0,11.0,8.0,54.0,5.0,30.0,14.2,False
5593,20082101,2020,8,21,1,151.0,4.0,38.0,8.0,55.0,4.9,30.0,13.8,False
5594,20082102,2020,8,21,2,151.0,3.0,24.0,8.0,56.0,4.8,30.0,13.4,False
5595,20082103,2020,8,21,3,163.0,3.0,24.0,8.0,56.0,4.5,30.0,13.1,False
5596,20082104,2020,8,21,4,148.0,2.0,19.0,8.0,56.0,4.7,23.6,13.3,False
5597,20082105,2020,8,21,5,134.0,3.0,32.0,10.0,52.0,3.8,30.0,13.5,False
5598,20082106,2020,8,21,6,247.0,1.0,15.0,12.0,48.0,2.0,30.0,12.7,False
5599,20082107,2020,8,21,7,247.0,1.0,15.0,12.0,48.0,2.0,30.0,12.7,False
5600,20082108,2020,8,21,8,142.0,1.0,24.0,12.0,58.0,5.2,30.0,13.3,False
5601,20082109,2020,8,21,9,138.0,1.0,19.0,13.0,49.0,5.2,30.0,15.9,False
5602,20082110,2020,8,21,10,306.0,1.0,25.0,9.0,37.0,2.0,30.0,16.7,False
5603,20082111,2020,8,21,11,322.0,2.0,33.0,8.0,31.0,0.9,30.0,18.3,False
5604,20082112,2020,8,21,12,340.0,3.0,23.0,9.0,28.0,0.7,30.0,19.7,False
5605,20082113,2020,8,21,13,335.0,6.0,37.0,9.0,25.0,-0.2,30.0,20.5,False
5606,20082114,2020,8,21,14,330.0,3.0,32.0,8.0,24.0,-0.1,30.0,21.3,False
5607,20082115,2020,8,21,15,316.0,3.0,20.0,8.0,23.0,-0.1,30.0,21.9,False
5608,20082116,2020,8,21,16,302.0,1.0,16.0,8.0,21.0,-1.1,30.0,22.3,False
5609,20082117,2020,8,21,17,320.0,3.0,14.0,8.0,19.0,-2.3,30.0,22.5,False
5610,20082118,2020,8,21,18,310.0,4.0,10.0,8.0,19.0,-2.3,30.0,22.5,False
5611,20082119,2020,8,21,19,331.0,4.0,10.0,8.0,21.0,-0.8,30.0,22.6,False
5612,20082120,2020,8,21,20,311.0,6.0,14.0,8.0,23.0,-0.6,30.0,21.4,False
5613,20082121,2020,8,21,21,343.0,3.0,32.0,8.0,25.0,-0.9,30.0,19.7,False
5614,20082122,2020,8,21,22,23.0,2.0,28.0,9.0,28.0,-0.6,30.0,18.2,False
5615,20082123,2020,8,21,23,82.0,3.0,27.0,12.0,31.0,0.1,30.0,17.4,False
5616,20082200,2020,8,22,0,96.0,2.0,14.0,13.0,34.0,0.6,30.0,16.5,False
5617,20082201,2020,8,22,1,105.0,3.0,32.0,14.0,38.0,1.2,30.0,15.4,False
5618,20082202,2020,8,22,2,115.0,3.0,116.0,15.0,37.0,0.9,30.0,15.5,False
5619,20082203,2020,8,22,3,115.0,3.0,110.0,15.0,40.0,1.5,30.0,15.0,False
5620,20082204,2020,8,22,4,110.0,3.0,95.0,16.0,40.0,1.7,30.0,15.2,False
5621,20082205,2020,8,22,5,305.0,5.0,152.0,18.0,53.0,3.1,30.0,12.4,False
5622,20082206,2020,8,22,6,309.0,3.0,118.0,20.0,73.0,6.3,30.0,10.9,False
5623,20082207,2020,8,22,7,309.0,3.0,118.0,20.0,73.0,6.3,30.0,10.9,False
5624,20082208,2020,8,22,8,326.0,3.0,69.0,20.0,72.0,6.6,30.0,11.5,False
5625,20082209,2020,8,22,9,304.0,2.0,64.0,19.0,73.0,6.9,30.0,11.6,False
5626,20082210,2020,8,22,10,67.0,1.0,51.0,16.0,62.0,5.8,30.0,12.9,False
5627,20082211,2020,8,22,11,287.0,3.0,29.0,14.0,56.0,6.1,30.0,14.8,False
5628,20082212,2020,8,22,12,292.0,5.0,33.0,12.0,54.0,6.3,30.0,15.6,False
5629,20082213,2020,8,22,13,271.0,4.0,31.0,10.0,48.0,5.6,30.0,16.6,False
5630,20082214,2020,8,22,14,262.0,4.0,30.0,9.0,43.0,5.3,30.0,18.1,False
5631,20082215,2020,8,22,15,285.0,2.0,12.0,9.0,35.0,2.8,30.0,18.5,False
5632,20082216,2020,8,22,16,258.0,6.0,30.0,9.0,34.0,3.1,30.0,19.3,False
5633,20082217,2020,8,22,17,281.0,5.0,24.0,8.0,24.0,-1.2,30.0,20.0,False
5634,20082218,2020,8,22,18,301.0,5.0,19.0,8.0,25.0,-0.8,30.0,19.8,False
5635,20082219,2020,8,22,19,270.0,2.0,19.0,8.0,28.0,0.5,30.0,19.5,False
5636,20082220,2020,8,22,20,284.0,3.0,23.0,8.0,28.0,-0.2,30.0,18.7,False
5637,20082221,2020,8,22,21,270.0,3.0,24.0,8.0,29.0,-1.3,30.0,16.8,False
5638,20082222,2020,8,22,22,235.0,1.0,27.0,10.0,36.0,-0.6,30.0,14.3,False
5639,20082223,2020,8,22,23,177.0,2.0,11.0,11.0,39.0,-0.3,30.0,13.4,False
5640,20082300,2020,8,23,0,152.0,2.0,25.0,12.0,39.0,0.0,30.0,13.7,False
5641,20082301,2020,8,23,1,154.0,1.0,29.0,11.0,41.0,0.2,30.0,13.2,False
5642,20082302,2020,8,23,2,98.0,2.0,30.0,11.0,46.0,1.1,30.0,12.4,False
5643,20082303,2020,8,23,3,114.0,2.0,33.0,12.0,48.0,1.2,30.0,11.9,False
5644,20082304,2020,8,23,4,117.0,3.0,33.0,13.0,46.0,0.7,30.0,11.9,False
5645,20082305,2020,8,23,5,90.0,3.0,27.0,12.0,45.0,0.4,30.0,11.9,False
5646,20082306,2020,8,23,6,119.0,3.0,32.0,13.0,39.0,-2.3,30.0,11.1,False
5647,20082307,2020,8,23,7,119.0,3.0,32.0,13.0,39.0,-2.3,30.0,11.1,False
5648,20082308,2020,8,23,8,83.0,3.0,34.0,12.0,34.0,-2.8,30.0,12.6,False
5649,20082309,2020,8,23,9,49.0,2.0,33.0,12.0,29.0,-2.1,30.0,15.9,False
5650,20082310,2020,8,23,10,30.0,4.0,29.0,12.0,20.0,-5.1,30.0,18.2,False
5651,20082311,2020,8,23,11,23.0,3.0,40.0,9.0,18.0,-5.4,30.0,19.5,False
5652,20082312,2020,8,23,12,297.0,2.0,37.0,9.0,14.0,-7.9,30.0,20.5,False
5653,20082313,2020,8,23,13,201.0,4.0,29.0,8.0,14.0,-7.2,30.0,21.4,False
5654,20082314,2020,8,23,14,287.0,4.0,45.0,8.0,14.0,-6.7,30.0,22.0,False
5655,20082315,2020,8,23,15,275.0,4.0,35.0,9.0,15.0,-5.3,30.0,22.6,False
5656,20082316,2020,8,23,16,332.0,1.0,42.0,9.0,16.0,-4.4,30.0,22.7,False
5657,20082317,2020,8,23,17,310.0,3.0,23.0,9.0,17.0,-3.7,30.0,22.6,False
5658,20082318,2020,8,23,18,312.0,3.0,38.0,9.0,18.0,-3.0,30.0,22.5,False
5659,20082319,2020,8,23,19,273.0,4.0,35.0,9.0,19.0,-2.5,30.0,22.2,False
5660,20082320,2020,8,23,20,261.0,4.0,41.0,9.0,19.0,-2.5,30.0,22.2,False
5661,20082321,2020,8,23,21,298.0,2.0,47.0,11.0,23.0,-1.5,30.0,20.3,False
5662,20082322,2020,8,23,22,260.0,2.0,42.0,12.0,29.0,-0.1,30.0,18.2,False
5663,20082323,2020,8,23,23,247.0,2.0,32.0,12.0,28.0,-0.5,30.0,18.3,False
5664,20082400,2020,8,24,0,187.0,2.0,27.0,13.0,32.0,-0.1,30.0,16.6,False
5665,20082401,2020,8,24,1,187.0,1.0,25.0,17.0,34.0,-0.1,30.0,15.7,False
5666,20082402,2020,8,24,2,134.0,0.0,39.0,21.0,37.0,1.3,30.0,16.0,False
5667,20082403,2020,8,24,3,343.0,0.0,48.0,21.0,35.0,0.8,30.0,16.3,False
5668,20082404,2020,8,24,4,98.0,2.0,43.0,22.0,37.0,1.1,30.0,15.7,False
5669,20082405,2020,8,24,5,64.0,1.0,32.0,22.0,37.0,1.1,30.0,15.7,False
5670,20082406,2020,8,24,6,93.0,2.0,36.0,22.0,36.0,0.8,30.0,15.8,False
5671,20082407,2020,8,24,7,88.0,2.0,31.0,23.0,38.0,1.2,30.0,15.4,False
5672,20082408,2020,8,24,8,89.0,2.0,30.0,22.0,36.0,1.2,30.0,16.3,False
5673,20082409,2020,8,24,9,39.0,0.0,33.0,22.0,33.0,1.5,30.0,18.0,False
5674,20082410,2020,8,24,10,33.0,1.0,27.0,19.0,31.0,1.4,30.0,18.9,False
5675,20082411,2020,8,24,11,356.0,1.0,24.0,13.0,31.0,2.3,30.0,19.9,False
5676,20082412,2020,8,24,12,295.0,4.0,27.0,10.0,27.0,1.6,30.0,21.4,False
5677,20082413,2020,8,24,13,201.0,4.0,29.0,8.0,14.0,-7.2,30.0,21.4,False
5678,20082414,2020,8,24,14,266.0,4.0,49.0,10.0,24.0,1.4,30.0,23.0,False
5679,20082415,2020,8,24,15,228.0,3.0,55.0,10.0,23.0,1.2,30.0,23.5,False
5680,20082416,2020,8,24,16,291.0,4.0,38.0,9.0,23.0,1.5,30.0,23.9,False
5681,20082417,2020,8,24,17,259.0,5.0,41.0,9.0,22.0,1.8,30.0,25.0,False
5682,20082418,2020,8,24,18,273.0,5.0,35.0,9.0,22.0,1.2,30.0,24.3,False
5683,20082419,2020,8,24,19,292.0,4.0,37.0,9.0,22.0,1.1,30.0,24.1,False
5684,20082420,2020,8,24,20,315.0,3.0,35.0,10.0,24.0,1.1,30.0,22.7,False
5685,20082421,2020,8,24,21,325.0,3.0,41.0,11.0,26.0,1.0,30.0,21.2,False
5686,20082422,2020,8,24,22,324.0,1.0,44.0,13.0,29.0,1.3,30.0,19.8,False
5687,20082423,2020,8,24,23,78.0,2.0,45.0,16.0,33.0,1.8,30.0,18.3,False
5688,20082500,2020,8,25,0,74.0,3.0,30.0,18.0,34.0,1.5,30.0,17.5,False
5689,20082501,2020,8,25,1,72.0,3.0,55.0,21.0,34.0,1.6,30.0,17.6,False
5690,20082502,2020,8,25,2,93.0,3.0,44.0,21.0,34.0,1.3,30.0,17.3,False
5691,20082503,2020,8,25,3,107.0,2.0,44.0,21.0,35.0,1.5,30.0,17.1,False
5692,20082504,2020,8,25,4,101.0,2.0,49.0,23.0,34.0,1.0,30.0,16.9,False
5693,20082505,2020,8,25,5,111.0,2.0,60.0,24.0,39.0,1.7,30.0,15.6,False
5694,20082506,2020,8,25,6,112.0,3.0,48.0,23.0,40.0,1.6,30.0,15.1,False
5695,20082507,2020,8,25,7,112.0,3.0,48.0,23.0,40.0,1.6,30.0,15.1,False
5696,20082508,2020,8,25,8,96.0,1.0,52.0,23.0,37.0,1.8,13.5,16.5,False
5697,20082509,2020,8,25,9,99.0,1.0,40.0,22.0,33.0,2.6,30.0,19.2,False
5698,20082510,2020,8,25,10,126.0,2.0,58.0,23.0,27.0,1.8,30.0,21.6,False
5699,20082511,2020,8,25,11,210.0,4.0,26.0,19.0,25.0,2.4,30.0,23.5,False
5700,20082512,2020,8,25,12,191.0,7.0,44.0,14.0,22.0,1.5,30.0,24.6,False
5701,20082513,2020,8,25,13,197.0,6.0,40.0,10.0,21.0,1.8,30.0,25.7,False
5702,20082514,2020,8,25,14,222.0,5.0,38.0,8.0,22.0,2.0,30.0,25.2,False
5703,20082515,2020,8,25,15,238.0,7.0,24.0,19.0,21.0,2.8,30.0,27.0,False
5704,20082516,2020,8,25,16,267.0,6.0,48.0,16.0,21.0,2.5,30.0,26.6,False
5705,20082517,2020,8,25,17,291.0,9.0,21.0,8.0,21.0,2.8,30.0,27.0,False
5706,20082518,2020,8,25,18,3.0,7.0,23.0,8.0,24.0,3.7,30.0,25.8,False
5707,20082519,2020,8,25,19,35.0,11.0,26.0,8.0,34.0,4.8,30.0,21.3,False
5708,20082520,2020,8,25,20,35.0,6.0,427.0,36.0,37.0,4.7,30.0,19.8,False
5709,20082521,2020,8,25,21,325.0,10.0,963.0,48.0,56.0,7.5,30.0,16.3,False
5710,20082522,2020,8,25,22,359.0,4.0,392.0,45.0,61.0,7.7,30.0,15.2,False
5711,20082523,2020,8,25,23,356.0,5.0,151.0,38.0,56.0,6.8,30.0,15.5,False
5712,20082600,2020,8,26,0,44.0,0.0,49.0,33.0,88.0,10.7,13.5,12.6,False
5713,20082601,2020,8,26,1,305.0,3.0,116.0,32.0,86.0,10.5,26.3,12.8,False
5714,20082602,2020,8,26,2,274.0,5.0,43.0,32.0,86.0,10.1,14.0,12.4,False
5715,20082603,2020,8,26,3,288.0,6.0,77.0,35.0,97.0,10.7,6.5,11.2,False
5716,20082604,2020,8,26,4,235.0,1.0,114.0,33.0,97.0,10.4,7.3,10.9,False
5717,20082605,2020,8,26,5,258.0,3.0,101.0,31.0,97.0,10.5,0.7,11.0,False
5718,20082606,2020,8,26,6,340.0,5.0,94.0,34.0,98.0,8.2,0.3,8.5,False
5719,20082607,2020,8,26,7,340.0,5.0,94.0,34.0,98.0,8.2,0.3,8.5,False
5720,20082608,2020,8,26,8,355.0,1.0,93.0,37.0,91.0,5.8,6.3,7.2,False
5721,20082609,2020,8,26,9,25.0,1.0,49.0,33.0,95.0,6.9,30.0,7.6,False
5722,20082610,2020,8,26,10,325.0,6.0,52.0,32.0,89.0,6.1,30.0,7.8,False
5723,20082611,2020,8,26,11,298.0,5.0,54.0,30.0,88.0,5.9,30.0,7.8,False
5724,20082612,2020,8,26,12,323.0,6.0,28.0,24.0,81.0,5.1,30.0,8.2,False
5725,20082613,2020,8,26,13,338.0,5.0,34.0,21.0,84.0,6.2,30.0,8.8,False
5726,20082614,2020,8,26,14,333.0,6.0,40.0,18.0,81.0,6.5,30.0,9.6,False
5727,20082615,2020,8,26,15,336.0,6.0,36.0,16.0,76.0,6.3,30.0,10.3,False
5728,20082616,2020,8,26,16,314.0,9.0,31.0,15.0,69.0,5.6,30.0,11.1,False
5729,20082617,2020,8,26,17,325.0,7.0,22.0,13.0,63.0,5.0,30.0,11.8,False
5730,20082618,2020,8,26,18,311.0,9.0,31.0,12.0,51.0,2.6,30.0,12.5,False
5731,20082619,2020,8,26,19,333.0,7.0,20.0,11.0,55.0,3.3,30.0,12.1,False
5732,20082620,2020,8,26,20,326.0,6.0,39.0,11.0,52.0,2.5,30.0,12.0,False
5733,20082621,2020,8,26,21,344.0,3.0,32.0,11.0,63.0,3.6,30.0,10.3,False
5734,20082622,2020,8,26,22,7.0,1.0,31.0,13.0,64.0,3.2,30.0,9.7,False
5735,20082623,2020,8,26,23,44.0,1.0,31.0,14.0,68.0,3.4,30.0,9.0,False
5736,20082700,2020,8,27,0,33.0,3.0,28.0,15.0,62.0,2.4,30.0,9.3,False
5737,20082701,2020,8,27,1,72.0,1.0,28.0,10.0,65.0,2.4,30.0,8.6,False
5738,20082702,2020,8,27,2,84.0,3.0,28.0,13.0,61.0,1.6,30.0,8.7,False
5739,20082703,2020,8,27,3,77.0,1.0,18.0,12.0,64.0,2.2,30.0,8.6,False
5740,20082704,2020,8,27,4,64.0,1.0,20.0,11.0,64.0,1.0,30.0,7.4,False
5741,20082705,2020,8,27,5,62.0,3.0,35.0,35.0,62.0,2.1,30.0,9.0,False
5742,20082706,2020,8,27,6,99.0,2.0,23.0,10.0,58.0,0.0,30.0,7.7,False
5743,20082707,2020,8,27,7,99.0,2.0,23.0,10.0,58.0,0.0,30.0,7.7,False
5744,20082708,2020,8,27,8,118.0,3.0,16.0,10.0,50.0,-0.6,30.0,9.3,False
5745,20082709,2020,8,27,9,145.0,2.0,14.0,10.0,49.0,0.9,30.0,11.2,False
5746,20082710,2020,8,27,10,204.0,1.0,24.0,10.0,41.0,-0.1,30.0,12.8,False
5747,20082711,2020,8,27,11,265.0,0.0,31.0,9.0,39.0,0.2,30.0,13.9,False
5748,20082712,2020,8,27,12,323.0,1.0,18.0,8.0,38.0,0.5,30.0,14.7,False
5749,20082713,2020,8,27,13,313.0,2.0,20.0,8.0,41.0,2.2,30.0,15.4,False
5750,20082714,2020,8,27,14,328.0,3.0,26.0,8.0,43.0,3.8,30.0,16.4,False
5751,20082715,2020,8,27,15,326.0,4.0,20.0,8.0,35.0,1.8,30.0,17.4,False
5752,20082716,2020,8,27,16,334.0,2.0,17.0,8.0,34.0,1.8,30.0,17.9,False
5753,20082717,2020,8,27,17,302.0,5.0,22.0,8.0,29.0,-0.4,30.0,17.9,False
5754,20082718,2020,8,27,18,305.0,2.0,18.0,8.0,31.0,0.6,30.0,18.0,False
5755,20082719,2020,8,27,19,300.0,4.0,19.0,8.0,33.0,0.5,30.0,16.9,False
5756,20082720,2020,8,27,20,300.0,5.0,21.0,8.0,39.0,2.4,30.0,16.4,False
5757,20082721,2020,8,27,21,299.0,3.0,32.0,12.0,51.0,4.4,30.0,14.4,False
5758,20082722,2020,8,27,22,282.0,4.0,40.0,19.0,53.0,4.5,30.0,13.9,False
5759,20082723,2020,8,27,23,309.0,4.0,34.0,19.0,56.0,4.2,30.0,12.7,False
5760,20082800,2020,8,28,0,312.0,2.0,21.0,18.0,59.0,4.0,30.0,11.7,False
5761,20082801,2020,8,28,1,274.0,1.0,37.0,29.0,60.0,3.7,30.0,11.2,False
5762,20082802,2020,8,28,2,329.0,1.0,24.0,21.0,65.0,4.4,30.0,10.7,False
5763,20082803,2020,8,28,3,314.0,5.0,24.0,22.0,64.0,4.0,30.0,10.5,False
5764,20082804,2020,8,28,4,338.0,3.0,28.0,22.0,67.0,3.8,30.0,9.6,False
5765,20082805,2020,8,28,5,342.0,2.0,15.0,10.0,71.0,4.3,30.0,9.3,False
5766,20082806,2020,8,28,6,287.0,2.0,12.0,9.0,73.0,4.6,30.0,9.2,False
5767,20082807,2020,8,28,7,232.0,0.0,12.0,8.0,85.0,6.0,24.6,8.4,False
5768,20082808,2020,8,28,8,319.0,2.0,26.0,22.0,83.0,5.6,30.0,8.3,False
5769,20082809,2020,8,28,9,298.0,2.0,14.0,13.0,93.0,7.3,30.0,8.4,False
5770,20082810,2020,8,28,10,304.0,5.0,12.0,8.0,97.0,7.9,6.5,8.3,False
5771,20082811,2020,8,28,11,304.0,6.0,23.0,6.0,96.0,7.6,9.2,8.2,False
5772,20082812,2020,8,28,12,287.0,6.0,11.0,8.0,90.0,7.0,30.0,8.5,False
5773,20082813,2020,8,28,13,279.0,5.0,15.0,9.0,96.0,7.2,15.0,7.8,False
5774,20082814,2020,8,28,14,276.0,3.0,10.0,7.0,89.0,6.8,30.0,8.5,False
5775,20082815,2020,8,28,15,260.0,3.0,18.0,7.0,77.0,5.9,30.0,9.7,False
5776,20082816,2020,8,28,16,268.0,3.0,12.0,7.0,74.0,6.6,30.0,11.0,False
5777,20082817,2020,8,28,17,282.0,4.0,189.0,55.0,74.0,6.3,30.0,10.7,False
5778,20082818,2020,8,28,18,300.0,3.0,21.0,19.0,69.0,5.2,30.0,10.6,False
5779,20082819,2020,8,28,19,319.0,5.0,17.0,8.0,90.0,7.6,30.0,9.2,False
5780,20082820,2020,8,28,20,323.0,4.0,20.0,6.0,75.0,5.2,30.0,9.4,False
5781,20082821,2020,8,28,21,313.0,5.0,15.0,7.0,83.0,5.8,30.0,8.5,False
5782,20082822,2020,8,28,22,340.0,2.0,20.0,7.0,86.0,5.9,30.0,8.1,False
5783,20082823,2020,8,28,23,147.0,1.0,15.0,8.0,81.0,5.3,30.0,8.4,False
5784,20082900,2020,8,29,0,198.0,1.0,15.0,8.0,77.0,5.2,30.0,9.0,False
5785,20082901,2020,8,29,1,228.0,0.0,18.0,5.0,76.0,5.0,30.0,9.0,False
5786,20082902,2020,8,29,2,197.0,1.0,10.0,7.0,80.0,5.9,30.0,9.2,False
5787,20082903,2020,8,29,3,251.0,4.0,25.0,12.0,82.0,6.0,30.0,8.9,False
5788,20082904,2020,8,29,4,225.0,2.0,23.0,13.0,94.0,7.2,30.0,8.1,False
5789,20082905,2020,8,29,5,169.0,1.0,16.0,12.0,93.0,6.9,30.0,8.0,False
5790,20082906,2020,8,29,6,248.0,1.0,23.0,21.0,93.0,6.9,30.0,8.0,False
5791,20082907,2020,8,29,7,147.0,1.0,17.0,12.0,94.0,7.1,30.0,8.0,False
5792,20082908,2020,8,29,8,147.0,1.0,17.0,12.0,94.0,7.1,30.0,8.0,False
5793,20082909,2020,8,29,9,175.0,1.0,24.0,12.0,96.0,7.3,30.0,7.9,False
5794,20082910,2020,8,29,10,240.0,2.0,40.0,11.0,78.0,6.0,30.0,9.6,False
5795,20082911,2020,8,29,11,294.0,1.0,16.0,8.0,68.0,5.3,30.0,11.0,False
5796,20082912,2020,8,29,12,287.0,1.0,25.0,8.0,64.0,5.4,30.0,12.0,False
5797,20082913,2020,8,29,13,270.0,3.0,19.0,8.0,58.0,4.9,30.0,13.0,False
5798,20082914,2020,8,29,14,291.0,4.0,12.0,8.0,55.0,4.6,30.0,13.4,False
5799,20082915,2020,8,29,15,301.0,5.0,13.0,8.0,63.0,5.8,30.0,12.6,False
5800,20082916,2020,8,29,16,119.0,4.0,15.0,8.0,85.0,7.0,15.1,9.4,False
5801,20082917,2020,8,29,17,161.0,2.0,10.0,8.0,66.0,5.8,30.0,11.9,False
5802,20082918,2020,8,29,18,114.0,2.0,8.0,8.0,83.0,6.9,9.8,9.6,False
5803,20082919,2020,8,29,19,99.0,1.0,27.0,8.0,71.0,6.3,30.0,11.4,False
5804,20082920,2020,8,29,20,336.0,1.0,12.0,8.0,71.0,6.6,30.0,11.7,False
5805,20082921,2020,8,29,21,313.0,3.0,31.0,8.0,71.0,5.8,30.0,10.8,False
5806,20082922,2020,8,29,22,340.0,1.0,33.0,9.0,80.0,6.0,30.0,9.3,False
5807,20082923,2020,8,29,23,337.0,1.0,34.0,12.0,86.0,6.4,30.0,8.6,False
5808,20083000,2020,8,30,0,11.0,0.0,22.0,11.0,86.0,6.3,30.0,8.5,False
5809,20083001,2020,8,30,1,81.0,0.0,22.0,10.0,87.0,6.1,30.0,8.1,False
5810,20083002,2020,8,30,2,0.0,0.0,24.0,10.0,89.0,5.4,30.0,7.1,False
5811,20083003,2020,8,30,3,50.0,0.0,18.0,10.0,85.0,4.7,30.0,7.0,False
5812,20083004,2020,8,30,4,81.0,1.0,19.0,12.0,85.0,4.6,30.0,6.9,False
5813,20083005,2020,8,30,5,101.0,1.0,25.0,13.0,88.0,4.7,30.0,6.5,False
5814,20083006,2020,8,30,6,105.0,1.0,34.0,14.0,91.0,5.0,30.0,6.4,False
5815,20083007,2020,8,30,7,105.0,1.0,34.0,14.0,91.0,5.0,30.0,6.4,False
5816,20083008,2020,8,30,8,20.0,1.0,33.0,17.0,82.0,4.6,30.0,7.5,False
5817,20083009,2020,8,30,9,17.0,1.0,26.0,19.0,88.0,7.4,30.0,9.3,False
5818,20083010,2020,8,30,10,334.0,2.0,28.0,21.0,91.0,7.4,30.0,8.8,False
5819,20083011,2020,8,30,11,9.0,2.0,16.0,14.0,87.0,8.3,30.0,10.4,False
5820,20083012,2020,8,30,12,326.0,1.0,46.0,10.0,78.0,8.3,30.0,12.0,False
5821,20083013,2020,8,30,13,9.0,1.0,16.0,8.0,61.0,6.1,30.0,13.5,False
5822,20083014,2020,8,30,14,303.0,1.0,17.0,8.0,59.0,6.5,30.0,14.4,False
5823,20083015,2020,8,30,15,290.0,3.0,15.0,12.0,55.0,6.1,30.0,15.1,False
5824,20083016,2020,8,30,16,322.0,3.0,8.0,8.0,48.0,4.8,30.0,15.8,False
5825,20083017,2020,8,30,17,272.0,3.0,14.0,8.0,48.0,5.3,30.0,16.3,False
5826,20083018,2020,8,30,18,316.0,2.0,17.0,8.0,44.0,4.4,30.0,16.7,False
5827,20083019,2020,8,30,19,312.0,2.0,24.0,8.0,44.0,4.3,30.0,16.6,False
5828,20083020,2020,8,30,20,301.0,3.0,8.0,8.0,47.0,4.3,30.0,15.6,False
5829,20083021,2020,8,30,21,313.0,2.0,26.0,8.0,55.0,5.2,30.0,14.1,False
5830,20083022,2020,8,30,22,324.0,0.0,40.0,8.0,59.0,4.9,30.0,12.7,False
5831,20083023,2020,8,30,23,92.0,1.0,22.0,10.0,67.0,6.0,30.0,11.9,False
5832,20083100,2020,8,31,0,77.0,2.0,26.0,14.0,66.0,5.5,30.0,11.6,False
5833,20083101,2020,8,31,1,123.0,2.0,45.0,15.0,74.0,5.6,30.0,10.0,False
5834,20083102,2020,8,31,2,121.0,1.0,23.0,17.0,74.0,5.2,30.0,9.6,False
5835,20083103,2020,8,31,3,116.0,2.0,34.0,19.0,72.0,4.8,30.0,9.6,False
5836,20083104,2020,8,31,4,107.0,2.0,35.0,20.0,67.0,4.1,30.0,9.9,False
5837,20083105,2020,8,31,5,97.0,2.0,35.0,21.0,67.0,4.0,30.0,9.8,False
5838,20083106,2020,8,31,6,97.0,2.0,35.0,21.0,69.0,3.8,30.0,9.2,False
5839,20083107,2020,8,31,7,97.0,2.0,35.0,21.0,69.0,3.8,30.0,9.2,False
5840,20083108,2020,8,31,8,97.0,2.0,42.0,23.0,66.0,4.0,30.0,10.1,False
5841,20083109,2020,8,31,9,95.0,1.0,38.0,24.0,60.0,5.3,30.0,12.9,False
5842,20083110,2020,8,31,10,5.0,1.0,42.0,25.0,50.0,4.4,30.0,14.7,False
5843,20083111,2020,8,31,11,326.0,1.0,31.0,17.0,46.0,4.0,30.0,15.6,False
5844,20083112,2020,8,31,12,138.0,0.0,26.0,11.0,41.0,3.0,30.0,16.3,False
5845,20083113,2020,8,31,13,302.0,1.0,35.0,10.0,38.0,2.1,30.0,16.5,False
5846,20083114,2020,8,31,14,293.0,3.0,13.0,8.0,33.0,0.9,30.0,17.3,False
5847,20083115,2020,8,31,15,280.0,1.0,15.0,8.0,33.0,1.4,30.0,17.9,False
5848,20083116,2020,8,31,16,354.0,3.0,14.0,8.0,29.0,0.3,30.0,18.7,False
5849,20083117,2020,8,31,17,303.0,3.0,9.0,8.0,31.0,1.6,30.0,19.1,False
5850,20083118,2020,8,31,18,340.0,4.0,11.0,8.0,30.0,1.5,30.0,19.5,False
5851,20083119,2020,8,31,19,339.0,5.0,15.0,8.0,27.0,-0.4,30.0,19.0,False
5852,20083120,2020,8,31,20,9.0,2.0,15.0,8.0,30.0,0.4,30.0,18.2,False
5853,20083121,2020,8,31,21,8.0,2.0,38.0,8.0,38.0,1.8,30.0,16.1,False
5854,20083122,2020,8,31,22,45.0,2.0,29.0,9.0,41.0,2.0,30.0,15.1,False
5855,20083123,2020,8,31,23,93.0,2.0,28.0,12.0,42.0,1.5,30.0,14.2,False
5856,20090100,2020,9,1,0,93.0,2.0,29.0,16.0,46.0,2.0,30.0,13.4,False
5857,20090101,2020,9,1,1,84.0,4.0,40.0,18.0,44.0,1.9,30.0,13.9,False
5858,20090102,2020,9,1,2,94.0,4.0,46.0,20.0,42.0,1.1,30.0,13.8,False
5859,20090103,2020,9,1,3,112.0,4.0,38.0,20.0,47.0,1.6,30.0,12.6,False
5860,20090104,2020,9,1,4,111.0,3.0,4.0,4.0,45.0,0.9,30.0,12.5,False
5861,20090105,2020,9,1,5,112.0,4.0,4.0,3.0,42.0,0.1,30.0,12.7,False
5862,20090106,2020,9,1,6,114.0,4.0,4.0,3.0,45.0,0.3,30.0,11.8,False
5863,20090107,2020,9,1,7,114.0,4.0,4.0,3.0,45.0,0.3,30.0,11.8,False
5864,20090108,2020,9,1,8,113.0,4.0,4.0,2.0,37.0,-1.6,30.0,12.7,False
5865,20090109,2020,9,1,9,100.0,2.0,4.0,3.0,36.0,-0.1,30.0,14.8,False
5866,20090110,2020,9,1,10,100.0,0.0,4.0,2.0,30.0,0.2,30.0,18.0,False
5867,20090111,2020,9,1,11,308.0,1.0,60.0,21.0,27.0,-1.0,30.0,18.3,False
5868,20090112,2020,9,1,12,237.0,2.0,61.0,14.0,29.0,0.8,30.0,19.2,False
5869,20090113,2020,9,1,13,282.0,3.0,44.0,12.0,28.0,1.0,30.0,20.0,False
5870,20090114,2020,9,1,14,266.0,2.0,36.0,11.0,25.0,0.0,30.0,20.7,False
5871,20090115,2020,9,1,15,283.0,2.0,32.0,11.0,22.0,-1.2,30.0,21.4,False
5872,20090116,2020,9,1,16,289.0,2.0,29.0,8.0,23.0,0.3,30.0,22.4,False
5873,20090117,2020,9,1,17,41.0,1.0,42.0,23.0,22.0,-0.1,30.0,22.7,False
5874,20090118,2020,9,1,18,184.0,1.0,35.0,8.0,20.0,-1.6,30.0,22.5,False
5875,20090119,2020,9,1,19,307.0,1.0,40.0,8.0,19.0,-2.5,30.0,22.2,False
5876,20090120,2020,9,1,20,287.0,2.0,48.0,8.0,24.0,-0.7,30.0,20.5,False
5877,20090121,2020,9,1,21,20.0,1.0,50.0,10.0,28.0,-0.2,30.0,18.6,False
5878,20090122,2020,9,1,22,91.0,2.0,51.0,13.0,36.0,1.9,30.0,17.1,False
5879,20090123,2020,9,1,23,109.0,2.0,69.0,14.0,37.0,1.4,30.0,16.1,False
5880,20090200,2020,9,2,0,114.0,3.0,61.0,16.0,41.0,1.8,30.0,14.9,False
5881,20090201,2020,9,2,1,114.0,2.0,78.0,16.0,34.0,-0.2,30.0,15.6,False
5882,20090202,2020,9,2,2,102.0,2.0,54.0,17.0,34.0,-0.7,30.0,15.0,False
5883,20090203,2020,9,2,3,116.0,3.0,49.0,19.0,36.0,-0.3,30.0,14.6,False
5884,20090204,2020,9,2,4,91.0,1.0,58.0,20.0,38.0,-0.2,30.0,13.9,False
5885,20090205,2020,9,2,5,96.0,2.0,4.0,2.0,40.0,-0.1,9.2,13.2,False
5886,20090206,2020,9,2,6,95.0,2.0,48.0,22.0,37.0,-0.9,30.0,13.5,False
5887,20090207,2020,9,2,7,95.0,2.0,48.0,22.0,37.0,-0.9,30.0,13.5,False
5888,20090208,2020,9,2,8,99.0,2.0,35.0,23.0,33.0,-1.6,30.0,14.5,False
5889,20090209,2020,9,2,9,89.0,1.0,40.0,24.0,32.0,-0.5,30.0,16.2,False
5890,20090210,2020,9,2,10,99.0,0.0,55.0,23.0,29.0,-0.3,30.0,18.0,False
5891,20090211,2020,9,2,11,317.0,2.0,68.0,22.0,23.0,-3.0,30.0,18.5,False
5892,20090212,2020,9,2,12,307.0,1.0,61.0,19.0,23.0,-2.1,30.0,19.6,False
5893,20090213,2020,9,2,13,309.0,2.0,44.0,12.0,20.0,-3.0,30.0,20.8,False
5894,20090214,2020,9,2,14,319.0,4.0,40.0,11.0,20.0,-2.6,30.0,21.2,False
5895,20090215,2020,9,2,15,323.0,3.0,30.0,9.0,20.0,-3.0,30.0,20.8,False
5896,20090216,2020,9,2,16,302.0,4.0,21.0,8.0,21.0,-1.2,30.0,22.1,False
5897,20090217,2020,9,2,17,300.0,5.0,23.0,20.0,20.0,-1.5,30.0,22.6,False
5898,20090218,2020,9,2,18,313.0,3.0,18.0,8.0,21.0,-1.1,30.0,22.3,False
5899,20090219,2020,9,2,19,289.0,5.0,33.0,8.0,20.0,-2.1,30.0,21.9,False
5900,20090220,2020,9,2,20,317.0,6.0,31.0,9.0,21.0,-2.6,30.0,20.5,False
5901,20090221,2020,9,2,21,312.0,2.0,37.0,11.0,26.0,-1.2,30.0,18.7,False
5902,20090222,2020,9,2,22,360.0,1.0,40.0,13.0,31.0,-0.6,30.0,16.6,False
5903,20090223,2020,9,2,23,341.0,0.0,57.0,16.0,33.0,-0.4,30.0,15.8,False
5904,20090300,2020,9,3,0,34.0,0.0,50.0,20.0,39.0,0.9,30.0,14.7,False
5905,20090301,2020,9,3,1,74.0,2.0,87.0,25.0,40.0,0.9,30.0,14.3,False
5906,20090302,2020,9,3,2,88.0,2.0,70.0,30.0,38.0,0.4,30.0,14.5,False
5907,20090303,2020,9,3,3,104.0,1.0,94.0,32.0,43.0,1.0,30.0,13.3,False
5908,20090304,2020,9,3,4,101.0,1.0,75.0,31.0,44.0,0.9,30.0,12.8,False
5909,20090305,2020,9,3,5,100.0,2.0,4.0,3.0,41.0,-0.2,30.0,12.7,False
5910,20090306,2020,9,3,6,100.0,2.0,64.0,32.0,36.0,-1.8,30.0,12.9,False
5911,20090307,2020,9,3,7,100.0,2.0,64.0,32.0,36.0,-1.8,30.0,12.9,False
5912,20090308,2020,9,3,8,69.0,3.0,4.0,1.0,34.0,-2.1,30.0,13.4,False
5913,20090309,2020,9,3,9,85.0,2.0,4.0,1.0,26.0,-3.1,30.0,16.5,False
5914,20090310,2020,9,3,10,48.0,3.0,38.0,29.0,25.0,-1.3,30.0,19.2,False
5915,20090311,2020,9,3,11,14.0,3.0,4.0,3.0,22.0,-1.8,30.0,20.6,False
5916,20090312,2020,9,3,12,19.0,4.0,52.0,14.0,21.0,-1.9,30.0,21.3,False
5917,20090313,2020,9,3,13,353.0,3.0,40.0,12.0,21.0,-1.1,30.0,22.3,False
5918,20090314,2020,9,3,14,7.0,4.0,40.0,9.0,19.0,-1.8,30.0,23.0,False
5919,20090315,2020,9,3,15,21.0,2.0,40.0,8.0,19.0,-1.8,30.0,23.1,False
5920,20090316,2020,9,3,16,358.0,2.0,25.0,8.0,20.0,-0.4,30.0,23.9,False
5921,20090317,2020,9,3,17,308.0,4.0,18.0,8.0,18.0,-1.8,30.0,24.0,False
5922,20090318,2020,9,3,18,353.0,3.0,24.0,8.0,19.0,-0.6,30.0,24.5,False
5923,20090319,2020,9,3,19,341.0,3.0,20.0,8.0,19.0,-1.0,30.0,24.0,False
5924,20090320,2020,9,3,20,325.0,2.0,32.0,8.0,22.0,-0.3,30.0,22.4,False
5925,20090321,2020,9,3,21,322.0,1.0,38.0,8.0,28.0,1.1,30.0,20.2,False
5926,20090322,2020,9,3,22,88.0,2.0,36.0,9.0,34.0,2.2,30.0,18.3,False
5927,20090323,2020,9,3,23,101.0,2.0,46.0,12.0,36.0,2.3,30.0,17.5,False
5928,20090400,2020,9,4,0,96.0,2.0,64.0,13.0,35.0,2.1,30.0,17.8,False
5929,20090401,2020,9,4,1,93.0,3.0,70.0,14.0,36.0,2.4,30.0,17.6,False
5930,20090402,2020,9,4,2,82.0,2.0,220.0,21.0,32.0,1.1,30.0,18.0,False
5931,20090403,2020,9,4,3,128.0,0.0,486.0,22.0,37.0,2.0,30.0,16.8,False
5932,20090404,2020,9,4,4,167.0,1.0,226.0,20.0,41.0,2.3,30.0,15.5,False
5933,20090405,2020,9,4,5,94.0,1.0,88.0,18.0,38.0,2.0,30.0,16.3,False
5934,20090406,2020,9,4,6,124.0,3.0,38.0,17.0,42.0,3.4,30.0,16.3,False
5935,20090407,2020,9,4,7,295.0,5.0,63.0,18.0,51.0,4.3,30.0,14.3,False
5936,20090408,2020,9,4,8,144.0,0.0,33.0,14.0,59.0,5.6,30.0,13.4,False
5937,20090409,2020,9,4,9,299.0,3.0,23.0,6.0,83.0,9.1,23.0,11.9,False
5938,20090410,2020,9,4,10,264.0,2.0,43.0,10.0,97.0,10.5,3.2,11.0,False
5939,20090411,2020,9,4,11,188.0,1.0,20.0,17.0,91.0,10.0,29.2,11.4,False
5940,20090412,2020,9,4,12,173.0,3.0,34.0,14.0,80.0,9.2,30.0,12.6,False
5941,20090413,2020,9,4,13,233.0,6.0,24.0,10.0,74.0,9.1,30.0,13.6,False
5942,20090414,2020,9,4,14,244.0,5.0,22.0,15.0,75.0,9.5,30.0,13.8,False
5943,20090415,2020,9,4,15,262.0,4.0,8.0,5.0,71.0,9.0,30.0,14.2,False
5944,20090416,2020,9,4,16,272.0,4.0,20.0,8.0,67.0,8.8,30.0,14.9,False
5945,20090417,2020,9,4,17,299.0,4.0,16.0,8.0,61.0,8.2,30.0,15.7,False
5946,20090418,2020,9,4,18,289.0,4.0,16.0,8.0,56.0,7.3,30.0,16.1,False
5947,20090419,2020,9,4,19,306.0,4.0,11.0,8.0,56.0,7.5,30.0,16.3,False
5948,20090420,2020,9,4,20,306.0,4.0,18.0,11.0,57.0,7.1,30.0,15.6,False
5949,20090421,2020,9,4,21,335.0,2.0,24.0,11.0,63.0,6.9,30.0,13.8,False
5950,20090422,2020,9,4,22,0.0,0.0,23.0,8.0,70.0,7.4,30.0,12.7,False
5951,20090423,2020,9,4,23,161.0,1.0,19.0,8.0,74.0,7.1,30.0,11.6,False
5952,20090500,2020,9,5,0,138.0,2.0,16.0,7.0,74.0,7.2,30.0,11.7,False
5953,20090501,2020,9,5,1,147.0,2.0,9.0,4.0,73.0,7.1,30.0,11.8,False
5954,20090502,2020,9,5,2,162.0,2.0,87.0,21.0,73.0,6.8,30.0,11.5,False
5955,20090503,2020,9,5,3,239.0,3.0,74.0,20.0,69.0,7.2,30.0,12.7,False
5956,20090504,2020,9,5,4,93.0,2.0,83.0,19.0,76.0,7.6,30.0,11.7,False
5957,20090505,2020,9,5,5,224.0,0.0,72.0,18.0,63.0,6.1,30.0,13.0,False
5958,20090506,2020,9,5,6,238.0,3.0,6.0,4.0,70.0,6.6,30.0,11.9,False
5959,20090507,2020,9,5,7,225.0,2.0,8.0,7.0,71.0,6.6,30.0,11.7,False
5960,20090508,2020,9,5,8,258.0,2.0,8.0,4.0,70.0,6.5,30.0,11.8,False
5961,20090509,2020,9,5,9,199.0,1.0,8.0,4.0,68.0,7.0,30.0,12.7,False
5962,20090510,2020,9,5,10,253.0,3.0,11.0,8.0,64.0,6.4,30.0,13.0,False
5963,20090511,2020,9,5,11,203.0,2.0,11.0,11.0,62.0,5.8,30.0,12.9,False
5964,20090512,2020,9,5,12,283.0,3.0,20.0,9.0,54.0,5.6,30.0,14.8,False
5965,20090513,2020,9,5,13,310.0,4.0,25.0,8.0,48.0,4.8,30.0,15.8,False
5966,20090514,2020,9,5,14,293.0,4.0,17.0,8.0,49.0,5.7,30.0,16.4,False
5967,20090515,2020,9,5,15,288.0,4.0,12.0,9.0,47.0,5.4,30.0,16.8,False
5968,20090516,2020,9,5,16,334.0,5.0,11.0,8.0,51.0,6.0,30.0,16.1,False
5969,20090517,2020,9,5,17,324.0,5.0,31.0,8.0,42.0,3.9,30.0,16.9,False
5970,20090518,2020,9,5,18,315.0,5.0,17.0,8.0,42.0,3.8,30.0,16.8,False
5971,20090519,2020,9,5,19,343.0,4.0,22.0,15.0,43.0,4.1,30.0,16.7,False
5972,20090520,2020,9,5,20,327.0,2.0,32.0,17.0,47.0,4.3,30.0,15.6,False
5973,20090521,2020,9,5,21,360.0,2.0,37.0,21.0,55.0,4.9,30.0,13.8,False
5974,20090522,2020,9,5,22,55.0,1.0,36.0,18.0,59.0,4.8,30.0,12.6,False
5975,20090523,2020,9,5,23,115.0,1.0,28.0,12.0,61.0,4.6,30.0,11.9,False
5976,20090600,2020,9,6,0,128.0,1.0,18.0,6.0,62.0,4.0,30.0,11.0,False
5977,20090601,2020,9,6,1,125.0,2.0,13.0,5.0,58.0,3.3,30.0,11.2,False
5978,20090602,2020,9,6,2,171.0,1.0,11.0,5.0,61.0,3.6,30.0,10.8,False
5979,20090603,2020,9,6,3,131.0,1.0,9.0,3.0,66.0,4.0,30.0,10.1,False
5980,20090604,2020,9,6,4,116.0,2.0,31.0,14.0,64.0,4.1,30.0,10.6,False
5981,20090605,2020,9,6,5,109.0,2.0,25.0,13.0,61.0,3.3,30.0,10.5,False
5982,20090606,2020,9,6,6,92.0,2.0,22.0,13.0,56.0,2.7,30.0,11.1,False
5983,20090607,2020,9,6,7,92.0,2.0,22.0,13.0,56.0,2.7,30.0,11.1,False
5984,20090608,2020,9,6,8,93.0,3.0,1.0,1.0,47.0,1.0,30.0,12.0,False
5985,20090609,2020,9,6,9,91.0,2.0,2.0,2.0,39.0,1.1,30.0,14.9,False
5986,20090610,2020,9,6,10,11.0,1.0,46.0,17.0,31.0,-0.1,30.0,17.2,False
5987,20090611,2020,9,6,11,69.0,2.0,42.0,13.0,28.0,-0.7,30.0,18.1,False
5988,20090612,2020,9,6,12,26.0,4.0,55.0,10.0,26.0,-1.0,30.0,18.9,False
5989,20090613,2020,9,6,13,30.0,5.0,40.0,9.0,26.0,-0.2,30.0,19.9,False
5990,20090614,2020,9,6,14,279.0,2.0,48.0,8.0,27.0,0.9,30.0,20.5,False
5991,20090615,2020,9,6,15,230.0,2.0,42.0,8.0,25.0,1.2,30.0,22.1,False
5992,20090616,2020,9,6,16,360.0,0.0,46.0,8.0,23.0,0.2,30.0,22.3,False
5993,20090617,2020,9,6,17,73.0,2.0,4.0,3.0,26.0,1.8,30.0,22.2,False
5994,20090618,2020,9,6,18,48.0,3.0,8.0,7.0,24.0,0.8,27.3,22.3,False
5995,20090619,2020,9,6,19,123.0,2.0,18.0,9.0,25.0,1.0,30.0,21.9,False
5996,20090620,2020,9,6,20,89.0,2.0,38.0,17.0,26.0,0.6,30.0,20.8,False
5997,20090621,2020,9,6,21,114.0,4.0,93.0,36.0,29.0,0.5,30.0,18.9,False
5998,20090622,2020,9,6,22,126.0,4.0,114.0,43.0,29.0,-0.5,30.0,17.8,False
5999,20090623,2020,9,6,23,143.0,4.0,106.0,42.0,26.0,-1.5,30.0,18.3,False
6000,20090700,2020,9,7,0,141.0,4.0,84.0,36.0,27.0,-1.0,30.0,18.3,False
6001,20090701,2020,9,7,1,71.0,2.0,72.0,29.0,30.0,-0.4,30.0,17.3,False
6002,20090702,2020,9,7,2,149.0,5.0,63.0,23.0,27.0,-0.7,30.0,18.6,False
6003,20090703,2020,9,7,3,244.0,1.0,52.0,20.0,40.0,0.4,30.0,13.8,False
6004,20090704,2020,9,7,4,102.0,1.0,44.0,18.0,57.0,3.6,30.0,11.8,False
6005,20090705,2020,9,7,5,82.0,2.0,40.0,17.0,41.0,0.7,30.0,13.7,False
6006,20090706,2020,9,7,6,266.0,2.0,47.0,21.0,56.0,3.1,30.0,11.6,False
6007,20090707,2020,9,7,7,266.0,2.0,47.0,21.0,56.0,3.1,30.0,11.6,False
6008,20090708,2020,9,7,8,187.0,1.0,70.0,31.0,70.0,5.2,30.0,10.4,False
6009,20090709,2020,9,7,9,314.0,1.0,68.0,31.0,70.0,5.7,30.0,10.9,False
6010,20090710,2020,9,7,10,314.0,1.0,65.0,31.0,76.0,6.5,30.0,10.5,False
6011,20090711,2020,9,7,11,17.0,0.0,51.0,26.0,85.0,8.2,29.0,10.6,False
6012,20090712,2020,9,7,12,276.0,3.0,36.0,20.0,85.0,8.6,30.0,11.0,False
6013,20090713,2020,9,7,13,270.0,2.0,24.0,15.0,85.0,8.4,30.0,10.8,False
6014,20090714,2020,9,7,14,294.0,3.0,12.0,7.0,94.0,8.6,20.3,9.5,False
6015,20090715,2020,9,7,15,305.0,6.0,9.0,8.0,97.0,8.1,0.7,8.5,False
6016,20090716,2020,9,7,16,322.0,7.0,12.0,9.0,97.0,6.8,0.1,7.2,False
6017,20090717,2020,9,7,17,323.0,6.0,12.0,10.0,98.0,6.7,1.2,7.0,False
6018,20090718,2020,9,7,18,51.0,2.0,15.0,8.0,90.0,7.0,30.0,8.5,False
6019,20090719,2020,9,7,19,342.0,2.0,4.0,4.0,79.0,6.3,30.0,9.8,False
6020,20090720,2020,9,7,20,343.0,4.0,12.0,8.0,71.0,4.5,30.0,9.5,False
6021,20090721,2020,9,7,21,345.0,1.0,12.0,5.0,82.0,4.9,30.0,7.8,False
6022,20090722,2020,9,7,22,335.0,1.0,10.0,6.0,85.0,4.9,30.0,7.2,False
6023,20090723,2020,9,7,23,71.0,1.0,15.0,9.0,87.0,5.5,30.0,7.5,False
6024,20090800,2020,9,8,0,249.0,1.0,20.0,10.0,88.0,5.8,30.0,7.7,False
6025,20090801,2020,9,8,1,302.0,4.0,11.0,10.0,93.0,5.9,30.0,7.0,False
6026,20090802,2020,9,8,2,293.0,5.0,14.0,9.0,96.0,6.1,18.5,6.7,False
6027,20090803,2020,9,8,3,302.0,3.0,12.0,8.0,98.0,6.3,0.6,6.6,False
6028,20090804,2020,9,8,4,328.0,2.0,13.0,8.0,94.0,5.7,30.0,6.6,False
6029,20090805,2020,9,8,5,108.0,1.0,21.0,10.0,89.0,4.7,30.0,6.4,False
6030,20090806,2020,9,8,6,207.0,0.0,39.0,13.0,86.0,4.1,30.0,6.3,False
6031,20090807,2020,9,8,7,207.0,0.0,39.0,13.0,86.0,4.1,30.0,6.3,False
6032,20090808,2020,9,8,8,169.0,2.0,23.0,14.0,69.0,0.7,30.0,5.9,False
6033,20090809,2020,9,8,9,121.0,0.0,29.0,14.0,55.0,0.9,30.0,9.5,False
6034,20090810,2020,9,8,10,316.0,2.0,29.0,18.0,56.0,1.0,30.0,9.3,False
6035,20090811,2020,9,8,11,46.0,2.0,23.0,15.0,52.0,1.1,30.0,10.5,False
6036,20090812,2020,9,8,12,2.0,2.0,39.0,12.0,50.0,1.9,30.0,12.0,False
6037,20090813,2020,9,8,13,25.0,3.0,20.0,8.0,44.0,0.6,30.0,12.5,False
6038,20090814,2020,9,8,14,328.0,1.0,13.0,8.0,41.0,0.5,30.0,13.5,False
6039,20090815,2020,9,8,15,325.0,4.0,28.0,1.0,40.0,1.2,30.0,14.6,False
6040,20090816,2020,9,8,16,351.0,3.0,19.0,8.0,39.0,1.7,30.0,15.6,False
6041,20090817,2020,9,8,17,349.0,2.0,13.0,8.0,35.0,0.4,30.0,15.8,False
6042,20090818,2020,9,8,18,315.0,3.0,18.0,8.0,35.0,0.0,30.0,15.4,False
6043,20090819,2020,9,8,19,293.0,0.0,18.0,8.0,33.0,-0.7,30.0,15.5,False
6044,20090820,2020,9,8,20,302.0,3.0,15.0,8.0,34.0,-1.4,30.0,14.2,False
6045,20090821,2020,9,8,21,320.0,1.0,45.0,9.0,40.0,-1.3,30.0,11.9,False
6046,20090822,2020,9,8,22,95.0,0.0,32.0,9.0,46.0,-0.4,30.0,10.7,False
6047,20090823,2020,9,8,23,117.0,2.0,28.0,9.0,49.0,-0.5,30.0,9.7,False
6048,20090900,2020,9,9,0,142.0,2.0,19.0,9.0,53.0,0.0,30.0,9.1,False
6049,20090901,2020,9,9,1,160.0,1.0,49.0,29.0,55.0,0.1,30.0,8.6,False
6050,20090902,2020,9,9,2,126.0,0.0,31.0,11.0,56.0,0.1,30.0,8.4,False
6051,20090903,2020,9,9,3,80.0,2.0,27.0,11.0,53.0,-0.5,30.0,8.5,False
6052,20090904,2020,9,9,4,96.0,2.0,28.0,11.0,48.0,-1.6,30.0,8.8,False
6053,20090905,2020,9,9,5,150.0,2.0,40.0,12.0,61.0,0.8,30.0,7.8,False
6054,20090906,2020,9,9,6,143.0,2.0,59.0,14.0,61.0,0.7,30.0,7.7,False
6055,20090907,2020,9,9,7,143.0,2.0,59.0,14.0,61.0,0.7,30.0,7.7,False
6056,20090908,2020,9,9,8,107.0,2.0,42.0,16.0,55.0,-0.9,30.0,7.5,False
6057,20090909,2020,9,9,9,117.0,3.0,47.0,17.0,34.0,-4.2,30.0,11.0,False
6058,20090910,2020,9,9,10,159.0,1.0,59.0,21.0,25.0,-5.5,30.0,14.2,False
6059,20090911,2020,9,9,11,285.0,1.0,36.0,17.0,23.0,-6.0,30.0,14.9,False
6060,20090912,2020,9,9,12,251.0,1.0,24.0,13.0,18.0,-7.8,30.0,16.6,False
6061,20090913,2020,9,9,13,227.0,2.0,27.0,11.0,19.0,-6.4,30.0,17.4,False
6062,20090914,2020,9,9,14,249.0,3.0,22.0,9.0,23.0,-3.4,30.0,18.0,False
6063,20090915,2020,9,9,15,233.0,2.0,18.0,9.0,20.0,-5.1,30.0,18.2,False
6064,20090916,2020,9,9,16,350.0,1.0,33.0,9.0,19.0,-4.8,30.0,19.4,False
6065,20090917,2020,9,9,17,281.0,2.0,17.0,9.0,18.0,-5.6,30.0,19.3,False
6066,20090918,2020,9,9,18,12.0,2.0,46.0,38.0,21.0,-4.3,30.0,18.4,False
6067,20090919,2020,9,9,19,14.0,1.0,58.0,39.0,22.0,-4.1,30.0,17.9,False
6068,20090920,2020,9,9,20,315.0,3.0,62.0,39.0,21.0,-5.5,30.0,17.0,False
6069,20090921,2020,9,9,21,275.0,2.0,57.0,33.0,26.0,-4.2,30.0,15.2,False
6070,20090922,2020,9,9,22,273.0,1.0,49.0,28.0,26.0,-4.7,30.0,14.6,False
6071,20090923,2020,9,9,23,303.0,4.0,42.0,21.0,28.0,-4.4,30.0,13.8,False
6072,20091000,2020,9,10,0,300.0,1.0,33.0,14.0,36.0,-2.7,30.0,11.9,False
6073,20091001,2020,9,10,1,178.0,1.0,24.0,10.0,46.0,-1.2,30.0,9.9,False
6074,20091002,2020,9,10,2,0.0,0.0,18.0,8.0,50.0,-0.5,30.0,9.4,False
6075,20091003,2020,9,10,3,78.0,1.0,15.0,8.0,47.0,-0.9,30.0,9.9,False
6076,20091004,2020,9,10,4,347.0,1.0,13.0,8.0,45.0,-1.2,30.0,10.2,False
6077,20091005,2020,9,10,5,92.0,1.0,11.0,7.0,48.0,-1.0,30.0,9.5,False
6078,20091006,2020,9,10,6,58.0,3.0,10.0,7.0,50.0,-0.4,30.0,9.5,False
6079,20091007,2020,9,10,7,58.0,3.0,10.0,7.0,50.0,-0.4,30.0,9.5,False
6080,20091008,2020,9,10,8,58.0,4.0,12.0,7.0,51.0,0.4,30.0,10.1,False
6081,20091009,2020,9,10,9,37.0,4.0,14.0,6.0,50.0,0.7,30.0,10.7,False
6082,20091010,2020,9,10,10,15.0,5.0,15.0,3.0,49.0,1.3,30.0,11.6,False
6083,20091011,2020,9,10,11,28.0,2.0,11.0,6.0,49.0,1.5,30.0,11.9,False
6084,20091012,2020,9,10,12,307.0,3.0,12.0,12.0,56.0,3.0,30.0,11.5,False
6085,20091013,2020,9,10,13,274.0,4.0,17.0,16.0,46.0,1.9,30.0,13.3,False
6086,20091014,2020,9,10,14,294.0,5.0,15.0,11.0,44.0,1.1,30.0,13.1,False
6087,20091015,2020,9,10,15,317.0,7.0,23.0,9.0,40.0,-0.3,30.0,13.0,False
6088,20091016,2020,9,10,16,329.0,4.0,21.0,9.0,35.0,-1.8,30.0,13.3,False
6089,20091017,2020,9,10,17,314.0,6.0,32.0,9.0,38.0,-1.2,30.0,12.8,False
6090,20091018,2020,9,10,18,332.0,4.0,19.0,9.0,41.0,-0.6,30.0,12.3,False
6091,20091019,2020,9,10,19,331.0,5.0,36.0,9.0,40.0,-1.3,30.0,11.9,False
6092,20091020,2020,9,10,20,324.0,4.0,43.0,37.0,44.0,-1.0,30.0,10.8,False
6093,20091021,2020,9,10,21,326.0,3.0,36.0,25.0,46.0,-1.7,30.0,9.3,False
6094,20091022,2020,9,10,22,327.0,1.0,31.0,19.0,50.0,-2.1,30.0,7.7,False
6095,20091023,2020,9,10,23,348.0,1.0,27.0,17.0,51.0,-2.6,30.0,6.8,False
6096,20091100,2020,9,11,0,12.0,1.0,26.0,16.0,53.0,-2.7,30.0,6.2,False
6097,20091101,2020,9,11,1,67.0,1.0,26.0,14.0,53.0,-2.8,30.0,6.0,False
6098,20091102,2020,9,11,2,112.0,1.0,26.0,12.0,56.0,-2.9,30.0,5.1,False
6099,20091103,2020,9,11,3,66.0,1.0,21.0,13.0,55.0,-3.1,30.0,5.2,False
6100,20091104,2020,9,11,4,82.0,2.0,17.0,14.0,49.0,-4.0,30.0,5.9,False
6101,20091105,2020,9,11,5,301.0,3.0,16.0,15.0,55.0,-3.6,30.0,4.7,False
6102,20091106,2020,9,11,6,46.0,2.0,16.0,16.0,86.0,1.3,30.0,3.4,False
6103,20091107,2020,9,11,7,46.0,2.0,16.0,16.0,86.0,1.3,30.0,3.4,False
6104,20091108,2020,9,11,8,175.0,1.0,16.0,12.0,83.0,0.7,26.0,3.3,False
6105,20091109,2020,9,11,9,234.0,0.0,17.0,10.0,79.0,-0.1,30.0,3.2,False
6106,20091110,2020,9,11,10,309.0,0.0,18.0,8.0,73.0,-0.1,30.0,4.3,False
6107,20091111,2020,9,11,11,318.0,2.0,12.0,8.0,64.0,-1.0,30.0,5.3,False
6108,20091112,2020,9,11,12,292.0,3.0,9.0,9.0,54.0,-2.0,30.0,6.6,False
6109,20091113,2020,9,11,13,308.0,4.0,18.0,9.0,44.0,-3.6,30.0,7.9,False
6110,20091114,2020,9,11,14,297.0,6.0,22.0,9.0,39.0,-4.6,30.0,8.6,False
6111,20091115,2020,9,11,15,308.0,7.0,6.0,6.0,38.0,-4.6,30.0,9.0,False
6112,20091116,2020,9,11,16,272.0,5.0,6.0,5.0,34.0,-5.3,30.0,9.8,False
6113,20091117,2020,9,11,17,304.0,7.0,8.0,7.0,32.0,-6.2,30.0,9.7,False
6114,20091118,2020,9,11,18,289.0,4.0,17.0,9.0,32.0,-6.3,30.0,9.6,False
6115,20091119,2020,9,11,19,310.0,6.0,12.0,10.0,31.0,-7.2,30.0,9.0,False
6116,20091120,2020,9,11,20,329.0,4.0,18.0,8.0,36.0,-6.2,30.0,8.0,False
6117,20091121,2020,9,11,21,338.0,2.0,17.0,5.0,41.0,-5.9,30.0,6.4,False
6118,20091122,2020,9,11,22,4.0,2.0,16.0,7.0,44.0,-5.8,30.0,5.5,False
6119,20091123,2020,9,11,23,347.0,2.0,15.0,9.0,46.0,-5.7,30.0,4.9,False
6120,20091200,2020,9,12,0,59.0,1.0,13.0,9.0,49.0,-5.4,30.0,4.4,False
6121,20091201,2020,9,12,1,20.0,2.0,12.0,8.0,50.0,-5.3,30.0,4.2,False
6122,20091202,2020,9,12,2,24.0,1.0,10.0,5.0,54.0,-5.0,30.0,3.4,False
6123,20091203,2020,9,12,3,77.0,2.0,9.0,3.0,55.0,-5.1,30.0,3.1,False
6124,20091204,2020,9,12,4,74.0,1.0,8.0,1.0,55.0,-5.2,30.0,2.9,False
6125,20091205,2020,9,12,5,85.0,2.0,5.0,2.0,57.0,-5.0,30.0,2.7,False
6126,20091206,2020,9,12,6,82.0,3.0,4.0,1.0,59.0,-4.7,30.0,2.5,False
6127,20091207,2020,9,12,7,82.0,3.0,4.0,1.0,59.0,-4.7,30.0,2.5,False
6128,20091208,2020,9,12,8,95.0,2.0,3.0,1.0,47.0,-7.7,30.0,2.5,False
6129,20091209,2020,9,12,9,42.0,0.0,3.0,2.0,39.0,-7.6,30.0,5.2,False
6130,20091210,2020,9,12,10,29.0,4.0,94.0,18.0,38.0,-6.3,30.0,7.1,False
6131,20091211,2020,9,12,11,26.0,5.0,99.0,17.0,41.0,-4.4,30.0,8.0,False
6132,20091212,2020,9,12,12,23.0,3.0,115.0,14.0,36.0,-5.5,30.0,8.7,False
6133,20091213,2020,9,12,13,19.0,4.0,39.0,11.0,30.0,-6.8,30.0,10.0,False
6134,20091214,2020,9,12,14,48.0,3.0,23.0,9.0,27.0,-7.4,30.0,10.9,False
6135,20091215,2020,9,12,15,10.0,2.0,18.0,9.0,21.0,-10.1,30.0,11.4,False
6136,20091216,2020,9,12,16,8.0,4.0,26.0,9.0,20.0,-9.6,30.0,12.8,False
6137,20091217,2020,9,12,17,30.0,7.0,7.0,7.0,20.0,-9.8,30.0,12.6,False
6138,20091218,2020,9,12,18,18.0,5.0,13.0,10.0,21.0,-9.2,30.0,12.5,False
6139,20091219,2020,9,12,19,54.0,5.0,17.0,11.0,20.0,-10.2,30.0,12.1,False
6140,20091220,2020,9,12,20,51.0,4.0,21.0,10.0,21.0,-10.4,30.0,11.1,False
6141,20091221,2020,9,12,21,84.0,5.0,19.0,7.0,22.0,-10.7,30.0,10.1,False
6142,20091222,2020,9,12,22,100.0,3.0,18.0,8.0,24.0,-10.2,30.0,9.3,False
6143,20091223,2020,9,12,23,104.0,4.0,18.0,11.0,26.0,-9.8,30.0,8.6,False
6144,20091300,2020,9,13,0,115.0,4.0,16.0,10.0,30.0,-9.3,30.0,7.1,False
6145,20091301,2020,9,13,1,118.0,4.0,12.0,9.0,29.0,-9.5,30.0,7.4,False
6146,20091302,2020,9,13,2,120.0,3.0,7.0,4.0,31.0,-9.6,30.0,6.3,False
6147,20091303,2020,9,13,3,108.0,3.0,5.0,3.0,30.0,-10.0,30.0,6.3,False
6148,20091304,2020,9,13,4,100.0,2.0,4.0,2.0,30.0,-10.5,30.0,5.7,False
6149,20091305,2020,9,13,5,89.0,3.0,4.0,2.0,29.0,-10.9,30.0,5.8,False
6150,20091306,2020,9,13,6,87.0,3.0,4.0,2.0,31.0,-10.5,30.0,5.2,False
6151,20091307,2020,9,13,7,87.0,3.0,4.0,2.0,31.0,-10.5,30.0,5.2,False
6152,20091308,2020,9,13,8,114.0,2.0,3.0,1.0,29.0,-11.2,30.0,5.4,False
6153,20091309,2020,9,13,9,116.0,3.0,3.0,2.0,24.0,-11.3,30.0,8.0,False
6154,20091310,2020,9,13,10,77.0,0.0,3.0,2.0,17.0,-12.7,30.0,11.5,False
6155,20091311,2020,9,13,11,254.0,2.0,51.0,15.0,23.0,-9.2,30.0,11.1,False
6156,20091312,2020,9,13,12,234.0,2.0,51.0,14.0,19.0,-11.6,30.0,11.2,False
6157,20091313,2020,9,13,13,248.0,5.0,54.0,14.0,18.0,-11.2,30.0,12.5,False
6158,20091314,2020,9,13,14,235.0,3.0,6.0,5.0,19.0,-9.8,30.0,13.3,False
6159,20091315,2020,9,13,15,293.0,3.0,10.0,5.0,18.0,-10.8,30.0,13.0,False
6160,20091316,2020,9,13,16,262.0,1.0,12.0,8.0,17.0,-11.2,30.0,13.3,False
6161,20091317,2020,9,13,17,308.0,3.0,16.0,7.0,17.0,-11.2,30.0,13.4,False
6162,20091318,2020,9,13,18,287.0,2.0,20.0,5.0,14.0,-13.4,30.0,13.6,False
6163,20091319,2020,9,13,19,310.0,2.0,19.0,9.0,16.0,-12.8,30.0,12.3,False
6164,20091320,2020,9,13,20,319.0,1.0,22.0,11.0,18.0,-12.0,30.0,11.5,False
6165,20091321,2020,9,13,21,0.0,0.0,21.0,11.0,23.0,-10.0,30.0,10.2,False
6166,20091322,2020,9,13,22,220.0,0.0,21.0,12.0,31.0,-8.0,30.0,8.1,False
6167,20091323,2020,9,13,23,221.0,0.0,22.0,14.0,25.0,-10.7,30.0,8.2,False
6168,20091400,2020,9,14,0,221.0,0.0,22.0,14.0,25.0,-10.7,30.0,8.2,False
6169,20091401,2020,9,14,1,221.0,0.0,22.0,14.0,25.0,-10.7,30.0,8.2,False
6170,20091402,2020,9,14,2,120.0,3.0,7.0,4.0,31.0,-9.6,30.0,6.3,False
6171,20091403,2020,9,14,3,108.0,3.0,5.0,3.0,30.0,-10.0,30.0,6.3,False
6172,20091404,2020,9,14,4,100.0,2.0,4.0,2.0,30.0,-10.5,30.0,5.7,False
6173,20091405,2020,9,14,5,39.0,1.0,17.0,10.0,32.0,-9.3,30.0,6.2,False
6174,20091406,2020,9,14,6,83.0,2.0,17.0,9.0,34.0,-9.2,30.0,5.4,False
6175,20091407,2020,9,14,7,83.0,2.0,17.0,9.0,34.0,-9.2,30.0,5.4,False
6176,20091408,2020,9,14,8,114.0,2.0,16.0,9.0,37.0,-8.9,30.0,4.5,False
6177,20091409,2020,9,14,9,110.0,1.0,16.0,9.0,31.0,-7.9,30.0,8.2,False
6178,20091410,2020,9,14,10,54.0,0.0,14.0,7.0,23.0,-9.5,30.0,10.8,False
6179,20091411,2020,9,14,11,313.0,1.0,9.0,6.0,24.0,-9.1,30.0,10.6,False
6180,20091412,2020,9,14,12,312.0,2.0,78.0,16.0,23.0,-8.9,30.0,11.5,False
6181,20091413,2020,9,14,13,307.0,3.0,74.0,16.0,21.0,-9.1,30.0,12.7,False
6182,20091414,2020,9,14,14,322.0,2.0,49.0,14.0,20.0,-9.0,30.0,13.5,False
6183,20091415,2020,9,14,15,289.0,2.0,41.0,12.0,19.0,-8.8,30.0,14.6,False
6184,20091416,2020,9,14,16,305.0,1.0,39.0,11.0,19.0,-8.5,30.0,14.9,False
6185,20091417,2020,9,14,17,283.0,3.0,20.0,10.0,19.0,-7.9,30.0,15.6,False
6186,20091418,2020,9,14,18,310.0,3.0,39.0,10.0,18.0,-9.0,30.0,15.2,False
6187,20091419,2020,9,14,19,307.0,2.0,15.0,14.0,18.0,-9.0,30.0,15.1,False
6188,20091420,2020,9,14,20,343.0,3.0,25.0,19.0,21.0,-8.3,30.0,13.6,False
6189,20091421,2020,9,14,21,8.0,1.0,37.0,24.0,24.0,-8.5,30.0,11.3,False
6190,20091422,2020,9,14,22,64.0,2.0,40.0,20.0,27.0,-8.0,30.0,10.2,False
6191,20091423,2020,9,14,23,88.0,2.0,33.0,13.0,28.0,-8.3,30.0,9.3,False
6192,20091500,2020,9,15,0,97.0,2.0,23.0,9.0,30.0,-8.0,30.0,8.6,False
6193,20091501,2020,9,15,1,107.0,3.0,18.0,8.0,32.0,-7.7,30.0,8.0,False
6194,20091502,2020,9,15,2,100.0,3.0,15.0,8.0,33.0,-8.1,30.0,7.1,False
6195,20091503,2020,9,15,3,106.0,3.0,10.0,8.0,33.0,-8.3,30.0,6.9,False
6196,20091504,2020,9,15,4,114.0,3.0,7.0,6.0,24.0,-12.3,30.0,6.9,False
6197,20091505,2020,9,15,5,103.0,3.0,5.0,4.0,26.0,-10.4,30.0,7.9,False
6198,20091506,2020,9,15,6,106.0,2.0,7.0,5.0,28.0,-10.1,30.0,7.2,False
6199,20091507,2020,9,15,7,115.0,3.0,9.0,6.0,25.0,-11.3,30.0,7.5,False
6200,20091508,2020,9,15,8,93.0,2.0,11.0,8.0,24.0,-11.3,30.0,8.0,False
6201,20091509,2020,9,15,9,119.0,4.0,11.0,10.0,24.0,-9.4,30.0,10.3,False
6202,20091510,2020,9,15,10,194.0,3.0,10.0,10.0,20.0,-8.9,30.0,13.6,False
6203,20091511,2020,9,15,11,219.0,3.0,11.0,8.0,18.0,-9.4,30.0,14.7,False
6204,20091512,2020,9,15,12,218.0,3.0,6.0,6.0,16.0,-10.4,30.0,15.3,False
6205,20091513,2020,9,15,13,266.0,2.0,75.0,20.0,14.0,-11.2,30.0,16.3,False
6206,20091514,2020,9,15,14,232.0,2.0,11.0,9.0,14.0,-10.9,30.0,16.7,False
6207,20091515,2020,9,15,15,27.0,1.0,13.0,10.0,13.0,-11.3,30.0,17.4,False
6208,20091516,2020,9,15,16,116.0,0.0,18.0,11.0,11.0,-12.7,30.0,18.3,False
6209,20091517,2020,9,15,17,237.0,3.0,25.0,13.0,11.0,-12.5,30.0,18.5,False
6210,20091518,2020,9,15,18,247.0,2.0,36.0,16.0,12.0,-11.6,30.0,18.3,False
6211,20091519,2020,9,15,19,281.0,3.0,40.0,20.0,11.0,-13.2,30.0,17.6,False
6212,20091520,2020,9,15,20,302.0,3.0,41.0,20.0,14.0,-11.8,30.0,15.6,False
6213,20091521,2020,9,15,21,359.0,0.0,38.0,18.0,17.0,-11.2,21.1,13.3,False
6214,20091522,2020,9,15,22,112.0,0.0,38.0,20.0,20.0,-10.6,30.0,11.6,False
6215,20091523,2020,9,15,23,200.0,1.0,36.0,19.0,21.0,-10.9,30.0,10.5,False
6216,20091600,2020,9,16,0,154.0,0.0,33.0,20.0,24.0,-9.2,30.0,10.5,False
6217,20091601,2020,9,16,1,140.0,1.0,32.0,21.0,27.0,-8.3,30.0,9.8,False
6218,20091602,2020,9,16,2,176.0,1.0,38.0,23.0,26.0,-8.8,30.0,9.8,False
6219,20091603,2020,9,16,3,172.0,1.0,35.0,18.0,27.0,-8.7,30.0,9.4,False
6220,20091604,2020,9,16,4,0.0,0.0,29.0,15.0,29.0,-8.0,30.0,9.1,False
6221,20091605,2020,9,16,5,107.0,1.0,22.0,11.0,28.0,-7.8,30.0,9.9,False
6222,20091606,2020,9,16,6,131.0,1.0,16.0,8.0,30.0,-7.0,30.0,9.7,False
6223,20091607,2020,9,16,7,81.0,1.0,12.0,6.0,29.0,-7.6,30.0,9.6,False
6224,20091608,2020,9,16,8,58.0,0.0,9.0,5.0,30.0,-7.2,30.0,9.5,False
6225,20091609,2020,9,16,9,97.0,1.0,9.0,5.0,32.0,-5.3,30.0,10.7,False
6226,20091610,2020,9,16,10,284.0,1.0,12.0,4.0,42.0,-1.1,30.0,11.3,False
6227,20091611,2020,9,16,11,316.0,1.0,5.0,2.0,49.0,1.7,30.0,12.1,False
6228,20091612,2020,9,16,12,333.0,3.0,55.0,14.0,46.0,2.7,30.0,14.1,False
6229,20091613,2020,9,16,13,321.0,1.0,43.0,11.0,42.0,1.7,30.0,14.4,False
6230,20091614,2020,9,16,14,318.0,3.0,27.0,9.0,38.0,1.5,30.0,15.8,False
6231,20091615,2020,9,16,15,315.0,3.0,22.0,9.0,34.0,0.3,30.0,16.2,False
6232,20091616,2020,9,16,16,321.0,3.0,25.0,9.0,33.0,0.3,30.0,16.6,False
6233,20091617,2020,9,16,17,314.0,3.0,3.0,3.0,31.0,-0.1,30.0,17.2,False
6234,20091618,2020,9,16,18,273.0,2.0,6.0,4.0,31.0,-0.1,30.0,17.2,False
6235,20091619,2020,9,16,19,10.0,1.0,12.0,6.0,32.0,0.0,30.0,16.8,False
6236,20091620,2020,9,16,20,320.0,2.0,22.0,10.0,34.0,-0.2,30.0,15.6,False
6237,20091621,2020,9,16,21,38.0,2.0,22.0,8.0,39.0,-0.3,30.0,13.4,False
6238,20091622,2020,9,16,22,86.0,2.0,15.0,5.0,42.0,-0.1,30.0,12.4,False
6239,20091623,2020,9,16,23,104.0,2.0,9.0,4.0,48.0,0.3,30.0,10.9,False
6240,20091700,2020,9,17,0,107.0,2.0,7.0,4.0,48.0,0.4,30.0,11.0,False
6241,20091701,2020,9,17,1,111.0,4.0,6.0,3.0,45.0,0.1,30.0,11.6,False
6242,20091702,2020,9,17,2,106.0,4.0,92.0,22.0,49.0,0.7,30.0,11.0,False
6243,20091703,2020,9,17,3,101.0,2.0,95.0,24.0,49.0,0.0,30.0,10.2,False
6244,20091704,2020,9,17,4,99.0,3.0,6.0,2.0,44.0,-0.4,30.0,11.4,False
6245,20091705,2020,9,17,5,96.0,3.0,7.0,2.0,39.0,-2.1,30.0,11.4,False
6246,20091706,2020,9,17,6,99.0,3.0,8.0,4.0,39.0,-2.8,30.0,10.6,False
6247,20091707,2020,9,17,7,99.0,3.0,8.0,4.0,39.0,-2.8,30.0,10.6,False
6248,20091708,2020,9,17,8,99.0,3.0,8.0,3.0,39.0,-2.9,30.0,10.5,False
6249,20091709,2020,9,17,9,96.0,3.0,10.0,5.0,33.0,-2.3,30.0,13.7,False
6250,20091710,2020,9,17,10,116.0,3.0,11.0,4.0,26.0,-3.6,30.0,15.9,False
6251,20091711,2020,9,17,11,205.0,1.0,14.0,3.0,27.0,-1.9,30.0,17.3,False
6252,20091712,2020,9,17,12,333.0,1.0,9.0,5.0,23.0,-2.8,30.0,18.7,False
6253,20091713,2020,9,17,13,8.0,1.0,72.0,20.0,22.0,-3.0,30.0,19.2,False
6254,20091714,2020,9,17,14,272.0,1.0,45.0,16.0,22.0,-1.8,30.0,20.6,False
6255,20091715,2020,9,17,15,2.0,2.0,35.0,13.0,20.0,-2.2,30.0,21.7,False
6256,20091716,2020,9,17,16,254.0,4.0,12.0,8.0,13.0,-7.0,30.0,22.8,False
6257,20091717,2020,9,17,17,168.0,1.0,17.0,15.0,13.0,-7.3,30.0,22.5,False
6258,20091718,2020,9,17,18,260.0,1.0,24.0,21.0,12.0,-8.3,30.0,22.5,False
6259,20091719,2020,9,17,19,235.0,3.0,35.0,23.0,14.0,-6.6,30.0,22.1,False
6260,20091720,2020,9,17,20,207.0,2.0,46.0,21.0,19.0,-5.0,30.0,19.1,False
6261,20091721,2020,9,17,21,98.0,2.0,47.0,18.0,21.0,-5.0,30.0,17.6,False
6262,20091722,2020,9,17,22,113.0,2.0,38.0,14.0,25.0,-4.2,30.0,15.8,False
6263,20091723,2020,9,17,23,116.0,3.0,28.0,11.0,27.0,-4.2,30.0,14.6,False
6264,20091800,2020,9,18,0,108.0,3.0,15.0,8.0,27.0,-4.4,30.0,14.3,False
6265,20091801,2020,9,18,1,108.0,3.0,9.0,6.0,28.0,-4.5,30.0,13.7,False
6266,20091802,2020,9,18,2,111.0,3.0,8.0,5.0,27.0,-4.9,30.0,13.8,False
6267,20091803,2020,9,18,3,106.0,3.0,7.0,5.0,27.0,-4.9,30.0,13.8,False
6268,20091804,2020,9,18,4,102.0,2.0,9.0,6.0,27.0,-4.9,30.0,13.8,False
6269,20091805,2020,9,18,5,115.0,3.0,10.0,6.0,27.0,-5.3,30.0,13.3,False
6270,20091806,2020,9,18,6,99.0,2.0,12.0,7.0,25.0,-5.9,30.0,13.8,False
6271,20091807,2020,9,18,7,99.0,2.0,12.0,7.0,25.0,-5.9,30.0,13.8,False
6272,20091808,2020,9,18,8,118.0,2.0,14.0,8.0,28.0,-5.2,30.0,12.8,False
6273,20091809,2020,9,18,9,115.0,2.0,15.0,11.0,26.0,-4.1,30.0,15.3,False
6274,20091810,2020,9,18,10,136.0,1.0,17.0,12.0,22.0,-4.0,30.0,18.0,False
6275,20091811,2020,9,18,11,312.0,0.0,13.0,11.0,18.0,-5.4,30.0,19.6,False
6276,20091812,2020,9,18,12,312.0,0.0,13.0,11.0,18.0,-5.4,30.0,19.6,False
6277,20091813,2020,9,18,13,322.0,3.0,43.0,26.0,18.0,-5.5,30.0,19.4,False
6278,20091814,2020,9,18,14,307.0,3.0,64.0,32.0,18.0,-5.1,30.0,19.9,False
6279,20091815,2020,9,18,15,274.0,6.0,81.0,38.0,23.0,-1.9,30.0,19.8,False
6280,20091816,2020,9,18,16,309.0,8.0,96.0,48.0,28.0,-0.2,27.1,18.7,False
6281,20091817,2020,9,18,17,302.0,9.0,436.0,46.0,36.0,1.7,18.5,16.9,False
6282,20091818,2020,9,18,18,310.0,11.0,97.0,20.0,47.0,3.4,25.4,14.6,False
6283,20091819,2020,9,18,19,310.0,10.0,55.0,20.0,51.0,2.7,30.0,12.6,False
6284,20091820,2020,9,18,20,310.0,9.0,44.0,19.0,58.0,2.2,30.0,10.1,False
6285,20091821,2020,9,18,21,307.0,7.0,20.0,17.0,66.0,2.4,30.0,8.4,False
6286,20091822,2020,9,18,22,327.0,4.0,21.0,17.0,66.0,1.4,30.0,7.3,False
6287,20091823,2020,9,18,23,337.0,3.0,21.0,16.0,69.0,1.1,30.0,6.4,False
6288,20091900,2020,9,19,0,13.0,1.0,18.0,15.0,68.0,1.2,30.0,6.7,False
6289,20091901,2020,9,19,1,339.0,2.0,22.0,6.0,68.0,1.2,30.0,6.7,False
6290,20091902,2020,9,19,2,332.0,0.0,19.0,14.0,70.0,1.2,30.0,6.3,False
6291,20091903,2020,9,19,3,321.0,1.0,30.0,15.0,77.0,1.7,30.0,5.4,False
6292,20091904,2020,9,19,4,322.0,1.0,17.0,14.0,73.0,0.8,30.0,5.2,False
6293,20091905,2020,9,19,5,300.0,3.0,18.0,14.0,79.0,1.4,30.0,4.7,False
6294,20091906,2020,9,19,6,332.0,3.0,24.0,13.0,82.0,1.6,30.0,4.4,False
6295,20091907,2020,9,19,7,332.0,3.0,24.0,13.0,82.0,1.6,30.0,4.4,False
6296,20091908,2020,9,19,8,118.0,2.0,14.0,8.0,28.0,-5.2,30.0,12.8,False
6297,20091909,2020,9,19,9,329.0,3.0,65.0,15.0,90.0,2.0,30.0,3.5,False
6298,20091910,2020,9,19,10,331.0,2.0,50.0,17.0,87.0,2.0,30.0,4.0,False
6299,20091911,2020,9,19,11,338.0,2.0,16.0,11.0,79.0,1.9,30.0,5.2,False
6300,20091912,2020,9,19,12,314.0,5.0,26.0,10.0,65.0,0.9,30.0,7.0,False
6301,20091913,2020,9,19,13,333.0,5.0,28.0,9.0,55.0,0.5,30.0,9.1,False
6302,20091914,2020,9,19,14,333.0,6.0,13.0,9.0,47.0,-0.7,30.0,10.1,False
6303,20091915,2020,9,19,15,340.0,6.0,10.0,8.0,45.0,-0.8,30.0,10.6,False
6304,20091916,2020,9,19,16,322.0,5.0,14.0,9.0,44.0,-1.0,30.0,10.7,False
6305,20091917,2020,9,19,17,324.0,7.0,17.0,9.0,43.0,-1.4,30.0,10.7,False
6306,20091918,2020,9,19,18,323.0,7.0,22.0,11.0,42.0,-1.7,30.0,10.7,False
6307,20091919,2020,9,19,19,306.0,6.0,25.0,14.0,45.0,-1.1,30.0,10.3,False
6308,20091920,2020,9,19,20,333.0,6.0,25.0,14.0,48.0,-1.3,30.0,9.1,False
6309,20091921,2020,9,19,21,348.0,4.0,26.0,14.0,50.0,-2.1,30.0,7.7,False
6310,20091922,2020,9,19,22,356.0,3.0,28.0,15.0,53.0,-2.0,30.0,6.9,False
6311,20091923,2020,9,19,23,348.0,4.0,28.0,15.0,54.0,-2.1,30.0,6.5,False
6312,20092000,2020,9,20,0,315.0,1.0,26.0,13.0,59.0,-1.9,30.0,5.5,False
6313,20092001,2020,9,20,1,1.0,0.0,51.0,12.0,59.0,-2.2,30.0,5.1,False
6314,20092002,2020,9,20,2,39.0,0.0,25.0,12.0,63.0,-1.9,30.0,4.5,False
6315,20092003,2020,9,20,3,124.0,1.0,21.0,11.0,62.0,-2.7,30.0,3.9,False
6316,20092004,2020,9,20,4,124.0,1.0,19.0,10.0,59.0,-4.0,30.0,3.2,False
6317,20092005,2020,9,20,5,85.0,3.0,18.0,9.0,59.0,-3.2,30.0,4.1,False
6318,20092006,2020,9,20,6,73.0,2.0,16.0,10.0,59.0,-3.7,30.0,3.6,False
6319,20092007,2020,9,20,7,52.0,1.0,16.0,10.0,42.0,-7.1,30.0,4.7,False
6320,20092008,2020,9,20,8,147.0,1.0,16.0,9.0,43.0,-6.4,30.0,5.2,False
6321,20092009,2020,9,20,9,60.0,1.0,16.0,9.0,34.0,-6.7,30.0,8.2,False
6322,20092010,2020,9,20,10,59.0,3.0,16.0,9.0,28.0,-5.9,30.0,12.0,False
6323,20092011,2020,9,20,11,231.0,0.0,13.0,10.0,31.0,-4.2,30.0,12.5,False
6324,20092012,2020,9,20,12,86.0,6.0,102.0,22.0,21.0,-7.4,30.0,14.7,False
6325,20092013,2020,9,20,13,81.0,9.0,8.0,8.0,18.0,-9.2,30.0,14.9,False
6326,20092014,2020,9,20,14,82.0,7.0,8.0,7.0,18.0,-8.5,30.0,15.8,False
6327,20092015,2020,9,20,15,125.0,4.0,11.0,7.0,20.0,-6.2,30.0,16.9,False
6328,20092016,2020,9,20,16,225.0,4.0,11.0,4.0,24.0,-4.5,30.0,16.0,False
6329,20092017,2020,9,20,17,219.0,5.0,12.0,3.0,25.0,-4.3,30.0,15.7,False
6330,20092018,2020,9,20,18,312.0,0.0,16.0,6.0,24.0,-5.2,30.0,15.2,False
6331,20092019,2020,9,20,19,249.0,2.0,34.0,10.0,25.0,-5.5,30.0,14.3,False
6332,20092020,2020,9,20,20,310.0,1.0,25.0,11.0,29.0,-4.4,30.0,13.2,False
6333,20092021,2020,9,20,21,75.0,0.0,21.0,12.0,32.0,-3.9,30.0,12.3,False
6334,20092022,2020,9,20,22,16.0,0.0,20.0,12.0,33.0,-4.1,30.0,11.6,False
6335,20092023,2020,9,20,23,51.0,1.0,19.0,13.0,36.0,-3.5,30.0,11.0,False
6336,20092100,2020,9,21,0,8.0,1.0,14.0,9.0,39.0,-2.4,30.0,11.0,False
6337,20092101,2020,9,21,1,35.0,5.0,14.0,8.0,36.0,-3.1,30.0,11.4,False
6338,20092102,2020,9,21,2,120.0,5.0,17.0,9.0,21.0,-8.6,30.0,13.2,False
6339,20092103,2020,9,21,3,160.0,2.0,17.0,10.0,23.0,-7.7,30.0,12.9,False
6340,20092104,2020,9,21,4,104.0,2.0,14.0,9.0,25.0,-7.0,30.0,12.5,False
6341,20092105,2020,9,21,5,115.0,3.0,11.0,6.0,27.0,-6.0,30.0,12.5,False
6342,20092106,2020,9,21,6,198.0,3.0,9.0,4.0,31.0,-5.0,30.0,11.5,False
6343,20092107,2020,9,21,7,187.0,2.0,8.0,4.0,37.0,-3.7,30.0,10.3,False
6344,20092108,2020,9,21,8,77.0,2.0,8.0,6.0,38.0,-3.7,30.0,10.0,False
6345,20092109,2020,9,21,9,288.0,1.0,9.0,8.0,36.0,-3.8,30.0,10.7,False
6346,20092110,2020,9,21,10,177.0,3.0,9.0,8.0,33.0,-3.8,30.0,12.0,False
6347,20092111,2020,9,21,11,174.0,3.0,92.0,18.0,30.0,-4.1,30.0,13.1,False
6348,20092112,2020,9,21,12,30.0,1.0,46.0,14.0,32.0,-3.0,30.0,13.3,False
6349,20092113,2020,9,21,13,10.0,2.0,32.0,12.0,33.0,-2.5,30.0,13.4,False
6350,20092114,2020,9,21,14,340.0,3.0,8.0,6.0,30.0,-4.5,30.0,12.6,False
6351,20092115,2020,9,21,15,331.0,3.0,29.0,9.0,30.0,-4.2,30.0,12.9,False
6352,20092116,2020,9,21,16,345.0,1.0,7.0,4.0,31.0,-4.1,30.0,12.6,False
6353,20092117,2020,9,21,17,55.0,1.0,21.0,13.0,33.0,-3.4,30.0,12.4,False
6354,20092118,2020,9,21,18,71.0,2.0,28.0,16.0,64.0,4.2,30.0,10.7,False
6355,20092119,2020,9,21,19,21.0,2.0,29.0,16.0,58.0,4.1,30.0,12.1,False
6356,20092120,2020,9,21,20,314.0,2.0,32.0,12.0,58.0,3.3,30.0,11.2,False
6357,20092121,2020,9,21,21,83.0,2.0,32.0,12.0,63.0,3.8,30.0,10.5,False
6358,20092122,2020,9,21,22,94.0,2.0,28.0,10.0,54.0,1.8,30.0,10.7,False
6359,20092123,2020,9,21,23,101.0,1.0,21.0,9.0,49.0,0.8,24.9,11.1,False
6360,20092200,2020,9,22,0,105.0,2.0,16.0,10.0,51.0,1.0,30.0,10.7,False
6361,20092201,2020,9,22,1,101.0,2.0,15.0,8.0,50.0,1.1,30.0,11.1,False
6362,20092202,2020,9,22,2,107.0,1.0,15.0,8.0,50.0,1.1,30.0,11.1,False
6363,20092203,2020,9,22,3,152.0,1.0,13.0,7.0,50.0,0.9,30.0,10.9,False
6364,20092204,2020,9,22,4,104.0,2.0,14.0,9.0,25.0,-7.0,30.0,12.5,False
6365,20092205,2020,9,22,5,115.0,3.0,11.0,6.0,27.0,-6.0,30.0,12.5,False
6366,20092206,2020,9,22,6,72.0,1.0,10.0,7.0,55.0,1.1,30.0,9.7,False
6367,20092207,2020,9,22,7,141.0,1.0,10.0,6.0,59.0,1.7,30.0,9.3,False
6368,20092208,2020,9,22,8,134.0,1.0,11.0,6.0,55.0,1.5,30.0,10.1,False
6369,20092209,2020,9,22,9,145.0,2.0,12.0,7.0,54.0,1.9,28.1,10.8,False
6370,20092210,2020,9,22,10,50.0,0.0,12.0,7.0,48.0,1.6,30.0,12.3,False
6371,20092211,2020,9,22,11,282.0,0.0,9.0,5.0,43.0,1.6,30.0,14.0,False
6372,20092212,2020,9,22,12,59.0,1.0,7.0,6.0,42.0,2.3,30.0,15.1,False
6373,20092213,2020,9,22,13,271.0,2.0,82.0,28.0,41.0,2.4,30.0,15.6,False
6374,20092214,2020,9,22,14,316.0,2.0,8.0,7.0,41.0,2.3,30.0,15.5,False
6375,20092215,2020,9,22,15,359.0,1.0,13.0,8.0,39.0,2.4,30.0,16.4,False
6376,20092216,2020,9,22,16,247.0,0.0,20.0,11.0,36.0,2.4,30.0,17.6,False
6377,20092217,2020,9,22,17,13.0,1.0,28.0,16.0,36.0,2.2,30.0,17.4,False
6378,20092218,2020,9,22,18,219.0,2.0,48.0,14.0,36.0,2.2,30.0,17.4,False
6379,20092219,2020,9,22,19,300.0,2.0,38.0,23.0,36.0,1.6,30.0,16.7,False
6380,20092220,2020,9,22,20,317.0,1.0,40.0,20.0,38.0,1.2,30.0,15.4,False
6381,20092221,2020,9,22,21,80.0,1.0,38.0,16.0,45.0,1.7,30.0,13.4,False
6382,20092222,2020,9,22,22,113.0,2.0,32.0,13.0,48.0,1.6,30.0,12.3,False
6383,20092223,2020,9,22,23,114.0,3.0,32.0,14.0,49.0,1.4,30.0,11.8,False
6384,20092300,2020,9,23,0,118.0,4.0,31.0,16.0,50.0,1.4,30.0,11.4,False
6385,20092301,2020,9,23,1,124.0,3.0,30.0,20.0,52.0,1.7,30.0,11.2,False
6386,20092302,2020,9,23,2,142.0,4.0,31.0,25.0,52.0,1.8,30.0,11.3,False
6387,20092303,2020,9,23,3,124.0,3.0,30.0,24.0,54.0,1.5,30.0,10.4,False
6388,20092304,2020,9,23,4,118.0,4.0,28.0,21.0,54.0,1.3,30.0,10.2,False
6389,20092305,2020,9,23,5,119.0,4.0,27.0,20.0,53.0,0.9,30.0,10.0,False
6390,20092306,2020,9,23,6,72.0,1.0,10.0,7.0,55.0,1.1,30.0,9.7,False
6391,20092307,2020,9,23,7,141.0,1.0,10.0,6.0,59.0,1.7,30.0,9.3,False
6392,20092308,2020,9,23,8,114.0,4.0,27.0,17.0,47.0,-0.3,30.0,10.5,False
6393,20092309,2020,9,23,9,115.0,3.0,26.0,16.0,42.0,-0.6,30.0,11.9,False
6394,20092310,2020,9,23,10,126.0,0.0,26.0,17.0,35.0,0.0,30.0,15.4,False
6395,20092311,2020,9,23,11,197.0,1.0,27.0,16.0,36.0,1.2,30.0,16.3,False
6396,20092312,2020,9,23,12,238.0,1.0,22.0,14.0,33.0,0.5,30.0,16.9,False
6397,20092313,2020,9,23,13,354.0,1.0,25.0,19.0,34.0,1.6,30.0,17.6,False
6398,20092314,2020,9,23,14,272.0,2.0,34.0,22.0,32.0,1.3,30.0,18.3,False
6399,20092315,2020,9,23,15,274.0,3.0,53.0,28.0,28.0,0.0,30.0,18.9,False
6400,20092316,2020,9,23,16,246.0,4.0,69.0,35.0,27.0,-0.1,30.0,19.3,False
6401,20092317,2020,9,23,17,235.0,3.0,65.0,13.0,25.0,-1.2,30.0,19.3,False
6402,20092318,2020,9,23,18,266.0,9.0,46.0,13.0,29.0,0.2,30.0,18.6,False
6403,20092319,2020,9,23,19,320.0,7.0,21.0,14.0,46.0,1.6,20.8,12.9,False
6404,20092320,2020,9,23,20,317.0,1.0,40.0,20.0,38.0,1.2,30.0,15.4,False
6405,20092321,2020,9,23,21,328.0,1.0,55.0,30.0,55.0,1.3,30.0,9.9,False
6406,20092322,2020,9,23,22,75.0,2.0,51.0,24.0,51.0,0.5,30.0,10.2,False
6407,20092323,2020,9,23,23,77.0,1.0,39.0,16.0,45.0,-0.4,30.0,11.1,False
6408,20092400,2020,9,24,0,329.0,1.0,32.0,14.0,51.0,0.4,30.0,10.1,False
6409,20092401,2020,9,24,1,84.0,3.0,80.0,18.0,55.0,0.8,30.0,9.4,False
6410,20092402,2020,9,24,2,75.0,2.0,26.0,13.0,55.0,0.6,30.0,9.2,False
6411,20092403,2020,9,24,3,76.0,3.0,27.0,13.0,48.0,-1.1,30.0,9.3,False
6412,20092404,2020,9,24,4,82.0,4.0,32.0,17.0,38.0,-3.5,30.0,10.2,False
6413,20092405,2020,9,24,5,63.0,3.0,38.0,20.0,38.0,-3.7,30.0,9.9,False
6414,20092406,2020,9,24,6,104.0,2.0,39.0,22.0,42.0,-3.3,30.0,8.9,False
6415,20092407,2020,9,24,7,120.0,3.0,41.0,23.0,42.0,-3.4,30.0,8.8,False
6416,20092408,2020,9,24,8,118.0,3.0,42.0,23.0,43.0,-3.4,30.0,8.4,False
6417,20092409,2020,9,24,9,134.0,3.0,116.0,64.0,38.0,-2.9,30.0,10.9,False
6418,20092410,2020,9,24,10,173.0,4.0,39.0,22.0,32.0,-2.2,30.0,14.2,False
6419,20092411,2020,9,24,11,185.0,5.0,30.0,17.0,25.0,-3.7,30.0,16.3,False
6420,20092412,2020,9,24,12,233.0,4.0,20.0,14.0,24.0,-3.4,30.0,17.3,False
6421,20092413,2020,9,24,13,249.0,3.0,26.0,18.0,22.0,-4.5,30.0,17.4,False
6422,20092414,2020,9,24,14,245.0,2.0,35.0,20.0,19.0,-5.8,30.0,18.2,False
6423,20092415,2020,9,24,15,299.0,1.0,39.0,20.0,20.0,-4.5,30.0,18.9,False
6424,20092416,2020,9,24,16,352.0,4.0,44.0,21.0,21.0,-3.6,30.0,19.2,False
6425,20092417,2020,9,24,17,24.0,4.0,52.0,25.0,22.0,-3.9,30.0,18.2,False
6426,20092418,2020,9,24,18,64.0,3.0,71.0,36.0,24.0,-2.9,30.0,17.9,False
6427,20092419,2020,9,24,19,4.0,1.0,90.0,44.0,23.0,-3.5,30.0,17.9,False
6428,20092420,2020,9,24,20,2.0,1.0,99.0,45.0,25.0,-3.5,27.9,16.6,False
6429,20092421,2020,9,24,21,86.0,1.0,97.0,43.0,27.0,-3.4,30.0,15.5,False
6430,20092422,2020,9,24,22,316.0,6.0,84.0,37.0,35.0,-1.7,30.0,13.4,False
6431,20092423,2020,9,24,23,316.0,3.0,76.0,35.0,55.0,1.5,30.0,10.1,False
6432,20092500,2020,9,25,0,313.0,10.0,70.0,33.0,65.0,2.5,30.0,8.7,False
6433,20092501,2020,9,25,1,321.0,6.0,65.0,33.0,81.0,3.0,30.0,6.0,False
6434,20092502,2020,9,25,2,321.0,6.0,65.0,33.0,81.0,3.0,30.0,6.0,False
6435,20092503,2020,9,25,3,321.0,6.0,65.0,33.0,81.0,3.0,30.0,6.0,False
6436,20092504,2020,9,25,4,82.0,4.0,32.0,17.0,38.0,-3.5,30.0,10.2,False
6437,20092505,2020,9,25,5,63.0,3.0,38.0,20.0,38.0,-3.7,30.0,9.9,False
6438,20092506,2020,9,25,6,300.0,2.0,37.0,17.0,66.0,-1.4,30.0,4.4,False
6439,20092507,2020,9,25,7,333.0,0.0,38.0,18.0,64.0,-2.0,30.0,4.2,False
6440,20092508,2020,9,25,8,320.0,1.0,40.0,19.0,54.0,-4.3,30.0,4.2,False
6441,20092509,2020,9,25,9,318.0,2.0,44.0,19.0,51.0,-5.1,30.0,4.1,False
6442,20092510,2020,9,25,10,313.0,4.0,39.0,22.0,32.0,-6.7,30.0,3.9,False
6443,20092511,2020,9,25,11,304.0,4.0,39.0,20.0,46.0,-6.7,30.0,3.9,False
6444,20092512,2020,9,25,12,289.0,4.0,33.0,16.0,55.0,-4.4,30.0,3.8,False
6445,20092513,2020,9,25,13,307.0,2.0,27.0,14.0,56.0,-3.9,30.0,4.1,False
6446,20092514,2020,9,25,14,321.0,1.0,21.0,13.0,46.0,-5.2,30.0,5.5,False
6447,20092515,2020,9,25,15,284.0,3.0,19.0,11.0,42.0,-5.9,30.0,6.0,False
6448,20092516,2020,9,25,16,286.0,3.0,21.0,11.0,38.0,-6.3,30.0,7.1,False
6449,20092517,2020,9,25,17,302.0,4.0,22.0,13.0,43.0,-5.0,30.0,6.7,False
6450,20092518,2020,9,25,18,286.0,3.0,26.0,16.0,42.0,-6.0,30.0,5.9,False
6451,20092519,2020,9,25,19,287.0,4.0,29.0,15.0,38.0,-7.4,30.0,5.8,False
6452,20092520,2020,9,25,20,285.0,3.0,27.0,14.0,42.0,-7.4,30.0,4.4,False
6453,20092521,2020,9,25,21,245.0,2.0,27.0,16.0,51.0,-7.0,30.0,2.1,False
6454,20092522,2020,9,25,22,228.0,1.0,28.0,14.0,59.0,-5.7,30.0,1.4,False
6455,20092523,2020,9,25,23,211.0,1.0,26.0,13.0,63.0,-5.3,30.0,0.9,False
6456,20092600,2020,9,26,0,313.0,10.0,70.0,33.0,65.0,2.5,30.0,8.7,False
6457,20092601,2020,9,26,1,158.0,2.0,22.0,10.0,66.0,-5.4,30.0,0.2,False
6458,20092602,2020,9,26,2,122.0,1.0,66.0,14.0,67.0,-5.6,30.0,-0.2,False
6459,20092603,2020,9,26,3,109.0,2.0,25.0,10.0,61.0,-6.5,30.0,0.1,False
6460,20092604,2020,9,26,4,125.0,2.0,22.0,11.0,63.0,-6.8,30.0,-0.6,False
6461,20092605,2020,9,26,5,125.0,2.0,22.0,11.0,63.0,-6.8,30.0,-0.6,False
6462,20092606,2020,9,26,6,91.0,2.0,37.0,17.0,62.0,-6.4,30.0,0.0,False
6463,20092607,2020,9,26,7,95.0,2.0,16.0,12.0,59.0,-7.0,30.0,0.1,False
6464,20092608,2020,9,26,8,92.0,2.0,16.0,12.0,58.0,-7.3,30.0,0.0,False
6465,20092609,2020,9,26,9,86.0,2.0,17.0,10.0,51.0,-6.5,30.0,2.6,False
6466,20092610,2020,9,26,10,19.0,2.0,20.0,10.0,46.0,-6.1,30.0,4.5,False
6467,20092611,2020,9,26,11,275.0,1.0,21.0,12.0,32.0,-9.4,30.0,6.0,False
6468,20092612,2020,9,26,12,7.0,2.0,21.0,12.0,33.0,-8.2,30.0,7.0,False
6469,20092613,2020,9,26,13,19.0,2.0,21.0,10.0,35.0,-7.1,30.0,7.4,False
6470,20092614,2020,9,26,14,279.0,0.0,27.0,12.0,35.0,-6.8,30.0,7.7,False
6471,20092615,2020,9,26,15,273.0,3.0,28.0,14.0,35.0,-6.4,30.0,8.1,False
6472,20092616,2020,9,26,16,283.0,6.0,29.0,14.0,35.0,-6.2,30.0,8.4,False
6473,20092617,2020,9,26,17,282.0,5.0,29.0,15.0,35.0,-6.4,30.0,8.1,False
6474,20092618,2020,9,26,18,283.0,5.0,32.0,20.0,34.0,-7.1,30.0,7.8,False
6475,20092619,2020,9,26,19,269.0,5.0,35.0,22.0,37.0,-6.2,30.0,7.5,False
6476,20092620,2020,9,26,20,299.0,3.0,35.0,23.0,40.0,-6.8,30.0,5.8,False
6477,20092621,2020,9,26,21,299.0,3.0,35.0,23.0,40.0,-6.8,30.0,5.8,False
6478,20092622,2020,9,26,22,299.0,3.0,35.0,23.0,40.0,-6.8,30.0,5.8,False
6479,20092623,2020,9,26,23,211.0,1.0,26.0,13.0,63.0,-5.3,30.0,0.9,False
6480,20092700,2020,9,27,0,111.0,2.0,21.0,11.0,37.0,-8.1,30.0,5.4,False
6481,20092701,2020,9,27,1,158.0,2.0,22.0,10.0,66.0,-5.4,30.0,0.2,False
6482,20092702,2020,9,27,2,122.0,1.0,66.0,14.0,67.0,-5.6,30.0,-0.2,False
6483,20092703,2020,9,27,3,109.0,2.0,25.0,10.0,61.0,-6.5,30.0,0.1,False
6484,20092704,2020,9,27,4,125.0,2.0,22.0,11.0,63.0,-6.8,30.0,-0.6,False
6485,20092705,2020,9,27,5,7.0,2.0,15.0,8.0,32.0,-10.0,30.0,5.4,False
6486,20092706,2020,9,27,6,91.0,2.0,14.0,8.0,62.0,-6.4,30.0,0.0,False
6487,20092707,2020,9,27,7,95.0,2.0,16.0,12.0,59.0,-7.0,30.0,0.1,False
6488,20092708,2020,9,27,8,92.0,2.0,16.0,12.0,58.0,-7.3,30.0,0.0,False
6489,20092709,2020,9,27,9,76.0,2.0,14.0,7.0,49.0,-7.5,30.0,2.1,False
6490,20092710,2020,9,27,10,34.0,3.0,17.0,9.0,42.0,-7.7,30.0,4.1,False
6491,20092711,2020,9,27,11,22.0,2.0,14.0,10.0,40.0,-7.6,30.0,4.9,False
6492,20092712,2020,9,27,12,8.0,3.0,76.0,13.0,33.0,-8.6,30.0,6.5,False
6493,20092713,2020,9,27,13,8.0,1.0,42.0,10.0,29.0,-9.8,30.0,7.0,False
6494,20092714,2020,9,27,14,245.0,1.0,10.0,10.0,27.0,-10.5,30.0,7.2,False
6495,20092715,2020,9,27,15,26.0,3.0,20.0,12.0,29.0,-9.1,30.0,7.8,False
6496,20092716,2020,9,27,16,336.0,2.0,27.0,13.0,27.0,-9.2,30.0,8.8,False
6497,20092717,2020,9,27,17,329.0,2.0,33.0,14.0,25.0,-9.9,30.0,9.1,False
6498,20092718,2020,9,27,18,6.0,3.0,37.0,16.0,23.0,-11.3,30.0,8.7,False
6499,20092719,2020,9,27,19,10.0,3.0,38.0,17.0,24.0,-11.2,30.0,8.2,False
6500,20092720,2020,9,27,20,356.0,3.0,39.0,20.0,23.0,-13.1,30.0,6.6,False
6501,20092721,2020,9,27,21,33.0,2.0,37.0,22.0,25.0,-12.8,30.0,5.7,False
6502,20092722,2020,9,27,22,33.0,2.0,37.0,22.0,25.0,-12.8,30.0,5.7,False
6503,20092723,2020,9,27,23,33.0,2.0,37.0,22.0,25.0,-12.8,30.0,5.7,False
6504,20092800,2020,9,28,0,111.0,2.0,21.0,11.0,37.0,-8.1,30.0,5.4,False
6505,20092801,2020,9,28,1,56.0,0.0,18.0,10.0,44.0,-7.4,30.0,3.7,False
6506,20092802,2020,9,28,2,108.0,2.0,23.0,11.0,40.0,-8.5,30.0,3.9,False
6507,20092803,2020,9,28,3,81.0,0.0,21.0,9.0,37.0,-8.6,30.0,4.9,False
6508,20092804,2020,9,28,4,105.0,1.0,17.0,10.0,42.0,-7.8,30.0,3.9,False
6509,20092805,2020,9,28,5,7.0,2.0,15.0,8.0,32.0,-10.0,30.0,5.4,False
6510,20092806,2020,9,28,6,153.0,2.0,14.0,8.0,42.0,-8.1,30.0,3.6,False
6511,20092807,2020,9,28,7,0.0,0.0,16.0,8.0,43.0,-8.3,30.0,3.1,False
6512,20092808,2020,9,28,8,0.0,0.0,16.0,9.0,44.0,-8.6,30.0,2.4,False
6513,20092809,2020,9,28,9,43.0,1.0,17.0,10.0,35.0,-9.6,30.0,4.5,False
6514,20092810,2020,9,28,10,36.0,1.0,17.0,9.0,42.0,-11.1,30.0,7.1,False
6515,20092811,2020,9,28,11,42.0,2.0,17.0,11.0,24.0,-10.5,30.0,9.0,False
6516,20092812,2020,9,28,12,222.0,1.0,15.0,10.0,24.0,-10.0,30.0,9.6,False
6517,20092813,2020,9,28,13,348.0,1.0,14.0,8.0,24.0,-9.0,30.0,10.8,False
6518,20092814,2020,9,28,14,326.0,3.0,13.0,6.0,26.0,-8.3,30.0,10.4,False
6519,20092815,2020,9,28,15,27.0,2.0,13.0,4.0,24.0,-8.5,30.0,11.3,False
6520,20092816,2020,9,28,16,323.0,3.0,14.0,3.0,23.0,-8.7,30.0,11.8,False
6521,20092817,2020,9,28,17,321.0,3.0,16.0,3.0,24.0,-9.1,30.0,10.6,False
6522,20092818,2020,9,28,18,315.0,4.0,18.0,7.0,24.0,-9.8,30.0,9.8,False
6523,20092819,2020,9,28,19,23.0,3.0,25.0,11.0,36.0,-5.1,30.0,9.2,False
6524,20092820,2020,9,28,20,322.0,2.0,34.0,16.0,32.0,-7.9,30.0,7.8,False
6525,20092821,2020,9,28,21,321.0,2.0,35.0,20.0,34.0,-8.2,30.0,6.5,False
6526,20092822,2020,9,28,22,72.0,0.0,30.0,18.0,37.0,-8.1,30.0,5.4,False
6527,20092823,2020,9,28,23,3.0,1.0,25.0,15.0,39.0,-7.9,30.0,4.9,False
6528,20092900,2020,9,29,0,111.0,2.0,21.0,11.0,37.0,-8.1,30.0,5.4,False
6529,20092901,2020,9,29,1,56.0,0.0,18.0,10.0,44.0,-7.4,30.0,3.7,False
6530,20092902,2020,9,29,2,0.0,0.0,18.0,11.0,46.0,-7.5,30.0,3.0,False
6531,20092903,2020,9,29,3,289.0,1.0,14.0,10.0,49.0,-6.9,30.0,2.8,False
6532,20092904,2020,9,29,4,198.0,0.0,13.0,10.0,47.0,-7.2,30.0,3.0,False
6533,20092905,2020,9,29,5,108.0,0.0,11.0,9.0,49.0,-6.2,30.0,3.5,False
6534,20092906,2020,9,29,6,0.0,0.0,12.0,8.0,48.0,-6.0,30.0,4.0,False
6535,20092907,2020,9,29,7,0.0,0.0,12.0,8.0,48.0,-6.0,30.0,4.0,False
6536,20092908,2020,9,29,8,25.0,0.0,9.0,7.0,51.0,-6.4,30.0,2.7,False
6537,20092909,2020,9,29,9,326.0,1.0,34.0,10.0,49.0,-6.6,30.0,3.1,False
6538,20092910,2020,9,29,10,351.0,2.0,17.0,10.0,41.0,-8.1,30.0,3.9,False
6539,20092911,2020,9,29,11,319.0,4.0,22.0,15.0,53.0,-5.3,30.0,3.4,False
6540,20092912,2020,9,29,12,305.0,1.0,26.0,18.0,95.0,-0.6,1.9,0.1,False
6541,20092913,2020,9,29,13,328.0,2.0,28.0,18.0,92.0,-0.3,21.0,0.8,False
6542,20092914,2020,9,29,14,335.0,2.0,29.0,18.0,97.0,0.4,0.5,0.8,False
6543,20092915,2020,9,29,15,311.0,2.0,29.0,17.0,96.0,0.1,0.3,0.7,False
6544,20092916,2020,9,29,16,297.0,2.0,30.0,17.0,96.0,0.0,4.1,0.6,False
6545,20092917,2020,9,29,17,300.0,2.0,32.0,17.0,95.0,0.1,30.0,0.8,False
6546,20092918,2020,9,29,18,273.0,5.0,31.0,15.0,97.0,-1.0,0.2,-0.6,False
6547,20092919,2020,9,29,19,242.0,3.0,23.0,15.0,98.0,-0.6,0.4,-0.3,False
6548,20092920,2020,9,29,20,269.0,7.0,16.0,12.0,95.0,-0.9,25.2,-0.2,False
6549,20092921,2020,9,29,21,313.0,2.0,12.0,8.0,97.0,-2.1,0.1,-1.7,False
6550,20092922,2020,9,29,22,267.0,4.0,11.0,5.0,97.0,-2.3,0.8,-1.9,False
6551,20092923,2020,9,29,23,282.0,1.0,10.0,3.0,98.0,-2.2,0.1,-1.9,False
6552,20093000,2020,9,30,0,261.0,3.0,9.0,2.0,97.0,-2.2,24.8,-1.8,False
6553,20093001,2020,9,30,1,272.0,3.0,7.0,3.0,97.0,-2.4,25.2,-2.0,False
6554,20093002,2020,9,30,2,260.0,3.0,70.0,13.0,96.0,-2.7,24.3,-2.1,False
6555,20093003,2020,9,30,3,263.0,1.0,75.0,15.0,95.0,-3.0,30.0,-2.3,False
6556,20093004,2020,9,30,4,161.0,1.0,4.0,3.0,96.0,-2.9,30.0,-2.4,False
6557,20093005,2020,9,30,5,258.0,0.0,81.0,16.0,95.0,-3.2,30.0,-2.5,False
6558,20093006,2020,9,30,6,133.0,0.0,67.0,16.0,91.0,-4.4,30.0,-3.1,False
6559,20093007,2020,9,30,7,133.0,0.0,67.0,16.0,91.0,-4.4,30.0,-3.1,False
6560,20093008,2020,9,30,8,339.0,2.0,56.0,17.0,73.0,-6.5,30.0,-2.3,False
6561,20093009,2020,9,30,9,99.0,1.0,62.0,18.0,71.0,-5.9,30.0,-1.3,False
6562,20093010,2020,9,30,10,28.0,1.0,1.0,1.0,63.0,-5.7,30.0,0.5,False
6563,20093011,2020,9,30,11,345.0,2.0,9.0,2.0,68.0,-4.3,30.0,0.9,False
6564,20093012,2020,9,30,12,295.0,1.0,7.0,5.0,68.0,-4.1,30.0,1.1,False
6565,20093013,2020,9,30,13,350.0,1.0,61.0,15.0,62.0,-4.4,30.0,2.1,False
6566,20093014,2020,9,30,14,316.0,2.0,63.0,15.0,59.0,-4.2,30.0,3.0,False
6567,20093015,2020,9,30,15,305.0,3.0,5.0,5.0,53.0,-4.9,30.0,3.8,False
6568,20093016,2020,9,30,16,287.0,2.0,10.0,6.0,45.0,-6.3,30.0,4.6,False
6569,20093017,2020,9,30,17,275.0,2.0,17.0,10.0,47.0,-5.4,30.0,5.0,False
6570,20093018,2020,9,30,18,276.0,5.0,23.0,12.0,47.0,-6.0,30.0,4.3,False
6571,20093019,2020,9,30,19,329.0,4.0,27.0,23.0,72.0,-2.6,30.0,1.9,False
6572,20093020,2020,9,30,20,315.0,3.0,37.0,9.0,76.0,-2.9,30.0,0.8,False
6573,20093021,2020,9,30,21,331.0,3.0,47.0,11.0,87.0,-2.2,30.0,-0.3,False
6574,20093022,2020,9,30,22,356.0,1.0,46.0,12.0,90.0,-2.6,30.0,-1.2,False
6575,20093023,2020,9,30,23,358.0,1.0,42.0,12.0,94.0,-2.1,30.0,-1.3,False
6576,20100100,2020,10,1,0,358.0,1.0,30.0,11.0,95.0,-2.3,12.0,-1.6,False
6577,20100101,2020,10,1,1,21.0,1.0,19.0,11.0,93.0,-3.3,26.4,-2.3,False
6578,20100102,2020,10,1,2,84.0,1.0,36.0,11.0,87.0,-4.2,30.0,-2.3,False
6579,20100103,2020,10,1,3,344.0,2.0,20.0,11.0,78.0,-5.5,30.0,-2.2,False
6580,20100104,2020,10,1,4,351.0,2.0,21.0,10.0,76.0,-5.9,30.0,-2.3,False
6581,20100105,2020,10,1,5,28.0,2.0,16.0,10.0,90.0,-5.1,6.8,-3.7,False
6582,20100106,2020,10,1,6,79.0,3.0,17.0,10.0,68.0,-6.4,30.0,-1.3,False
6583,20100107,2020,10,1,7,79.0,3.0,17.0,10.0,68.0,-6.4,30.0,-1.3,False
6584,20100108,2020,10,1,8,108.0,2.0,18.0,13.0,54.0,-9.7,30.0,-1.6,False
6585,20100109,2020,10,1,9,140.0,1.0,18.0,12.0,54.0,-7.9,30.0,0.3,False
6586,20100110,2020,10,1,10,222.0,2.0,18.0,14.0,48.0,-7.9,30.0,1.9,False
6587,20100111,2020,10,1,11,237.0,3.0,36.0,10.0,44.0,-8.3,30.0,2.7,False
6588,20100112,2020,10,1,12,238.0,3.0,18.0,16.0,43.0,-7.9,30.0,3.5,False
6589,20100113,2020,10,1,13,224.0,3.0,16.0,12.0,41.0,-7.8,30.0,4.3,False
6590,20100114,2020,10,1,14,289.0,1.0,63.0,15.0,59.0,-6.5,30.0,5.0,False
6591,20100115,2020,10,1,15,273.0,4.0,14.0,7.0,43.0,-6.3,30.0,5.3,False
6592,20100116,2020,10,1,16,272.0,5.0,14.0,7.0,39.0,-7.3,30.0,5.6,False
6593,20100117,2020,10,1,17,270.0,5.0,16.0,9.0,36.0,-8.3,30.0,5.6,False
6594,20100118,2020,10,1,18,269.0,6.0,18.0,10.0,43.0,-6.9,30.0,4.6,False
6595,20100119,2020,10,1,19,287.0,5.0,19.0,10.0,41.0,-9.2,30.0,2.7,False
6596,20100120,2020,10,1,20,300.0,3.0,20.0,10.0,63.0,-5.6,30.0,0.6,False
6597,20100121,2020,10,1,21,310.0,3.0,19.0,9.0,71.0,-5.0,30.0,-0.4,False
6598,20100122,2020,10,1,22,355.0,2.0,17.0,7.0,78.0,-4.7,30.0,-1.4,False
6599,20100123,2020,10,1,23,37.0,1.0,14.0,6.0,88.0,-3.9,30.0,-2.2,False
6600,20100200,2020,10,2,0,30.0,1.0,12.0,6.0,91.0,-3.8,30.0,-2.5,False
6601,20100201,2020,10,2,1,333.0,1.0,14.0,6.0,90.0,-4.5,30.0,-3.1,False
6602,20100202,2020,10,2,2,7.0,2.0,35.0,9.0,88.0,-4.5,30.0,-2.8,False
6603,20100203,2020,10,2,3,304.0,1.0,17.0,10.0,89.0,-4.3,30.0,-2.7,False
6604,20100204,2020,10,2,4,301.0,3.0,17.0,10.0,94.0,-3.3,3.3,-2.5,False
6605,20100205,2020,10,2,5,332.0,2.0,19.0,12.0,97.0,-3.1,0.4,-2.7,False
6606,20100206,2020,10,2,6,321.0,1.0,20.0,13.0,97.0,-2.8,2.5,-2.4,False
6607,20100207,2020,10,2,7,321.0,1.0,20.0,13.0,97.0,-2.8,2.5,-2.4,False
6608,20100208,2020,10,2,8,0.0,0.0,13.0,10.0,96.0,-3.4,10.4,-2.9,False
6609,20100209,2020,10,2,9,106.0,0.0,9.0,8.0,96.0,-2.9,17.4,-2.4,False
6610,20100210,2020,10,2,10,17.0,2.0,62.0,16.0,67.0,-4.1,30.0,1.4,False
6611,20100211,2020,10,2,11,355.0,2.0,8.0,5.0,60.0,-4.2,30.0,2.8,False
6612,20100212,2020,10,2,12,318.0,1.0,6.0,6.0,62.0,-3.8,30.0,2.7,False
6613,20100213,2020,10,2,13,358.0,0.0,45.0,12.0,57.0,-3.4,30.0,4.4,False
6614,20100214,2020,10,2,14,306.0,2.0,22.0,10.0,55.0,-3.8,30.0,4.5,False
6615,20100215,2020,10,2,15,314.0,2.0,12.0,9.0,46.0,-5.4,30.0,5.3,False
6616,20100216,2020,10,2,16,320.0,4.0,20.0,13.0,40.0,-6.5,30.0,6.1,False
6617,20100217,2020,10,2,17,270.0,5.0,16.0,9.0,36.0,-8.3,30.0,5.6,False
6618,20100218,2020,10,2,18,313.0,3.0,39.0,12.0,41.0,-6.3,30.0,5.9,False
6619,20100219,2020,10,2,19,311.0,2.0,32.0,19.0,38.0,-7.8,30.0,5.4,False
6620,20100220,2020,10,2,20,328.0,2.0,31.0,18.0,45.0,-7.3,30.0,3.5,False
6621,20100221,2020,10,2,21,20.0,1.0,28.0,16.0,53.0,-6.5,30.0,2.1,False
6622,20100222,2020,10,2,22,355.0,2.0,17.0,7.0,78.0,-4.7,30.0,-1.4,False
6623,20100223,2020,10,2,23,78.0,1.0,20.0,10.0,62.0,-5.6,30.0,0.8,False
6624,20100300,2020,10,3,0,82.0,2.0,14.0,6.0,63.0,-5.9,30.0,0.3,False
6625,20100301,2020,10,3,1,84.0,1.0,10.0,4.0,65.0,-5.7,30.0,0.1,False
6626,20100302,2020,10,3,2,83.0,1.0,8.0,5.0,64.0,-6.3,30.0,-0.3,False
6627,20100303,2020,10,3,3,50.0,1.0,6.0,4.0,63.0,-6.4,30.0,-0.2,False
6628,20100304,2020,10,3,4,85.0,1.0,5.0,4.0,59.0,-7.1,30.0,-0.1,False
6629,20100305,2020,10,3,5,98.0,2.0,4.0,3.0,47.0,-9.6,30.0,0.4,False
6630,20100306,2020,10,3,6,94.0,1.0,4.0,2.0,44.0,-10.9,30.0,-0.1,False
6631,20100307,2020,10,3,7,94.0,1.0,4.0,2.0,44.0,-10.9,30.0,-0.1,False
6632,20100308,2020,10,3,8,98.0,2.0,2.0,1.0,40.0,-12.0,30.0,0.0,False
6633,20100309,2020,10,3,9,106.0,0.0,150.0,34.0,39.0,-10.6,30.0,1.9,False
6634,20100310,2020,10,3,10,48.0,0.0,152.0,36.0,30.0,-10.9,30.0,5.3,False
6635,20100311,2020,10,3,11,340.0,2.0,112.0,34.0,30.0,-10.3,30.0,6.0,False
6636,20100312,2020,10,3,12,253.0,1.0,109.0,33.0,31.0,-9.4,30.0,6.5,False
6637,20100313,2020,10,3,13,235.0,2.0,91.0,28.0,29.0,-9.2,30.0,7.7,False
6638,20100314,2020,10,3,14,335.0,1.0,68.0,21.0,29.0,-8.6,30.0,8.4,False
6639,20100315,2020,10,3,15,245.0,1.0,40.0,20.0,27.0,-8.4,30.0,9.7,False
6640,20100316,2020,10,3,16,237.0,2.0,15.0,12.0,28.0,-8.6,30.0,8.9,False
6641,20100317,2020,10,3,17,320.0,2.0,24.0,16.0,27.0,-9.1,30.0,8.9,False
6642,20100318,2020,10,3,18,204.0,2.0,33.0,17.0,27.0,-8.8,30.0,9.2,False
6643,20100319,2020,10,3,19,261.0,1.0,35.0,18.0,30.0,-8.5,30.0,8.0,False
6644,20100320,2020,10,3,20,186.0,2.0,34.0,18.0,37.0,-8.1,30.0,5.4,False
6645,20100321,2020,10,3,21,134.0,1.0,31.0,16.0,41.0,-8.0,30.0,4.1,False
6646,20100322,2020,10,3,22,93.0,1.0,27.0,15.0,41.0,-7.9,30.0,4.2,False
6647,20100323,2020,10,3,23,134.0,1.0,23.0,13.0,46.0,-6.7,30.0,3.9,False
6648,20100400,2020,10,4,0,139.0,1.0,18.0,12.0,45.0,-6.9,30.0,3.9,False
6649,20100401,2020,10,4,1,84.0,1.0,10.0,4.0,65.0,-5.7,30.0,0.1,False
6650,20100402,2020,10,4,2,135.0,2.0,19.0,9.0,46.0,-7.3,30.0,3.2,False
6651,20100403,2020,10,4,3,107.0,2.0,16.0,8.0,40.0,-8.6,30.0,3.7,False
6652,20100404,2020,10,4,4,99.0,2.0,14.0,7.0,40.0,-8.8,30.0,3.5,False
6653,20100405,2020,10,4,5,93.0,2.0,13.0,7.0,40.0,-9.1,30.0,3.2,False
6654,20100406,2020,10,4,6,109.0,2.0,11.0,5.0,44.0,-8.6,30.0,2.4,False
6655,20100407,2020,10,4,7,108.0,2.0,4.0,2.0,45.0,-9.1,30.0,1.5,False
6656,20100408,2020,10,4,8,126.0,2.0,2.0,1.0,40.0,-9.1,30.0,1.2,False
6657,20100409,2020,10,4,9,111.0,2.0,9.0,5.0,40.0,-8.8,30.0,3.5,False
6658,20100410,2020,10,4,10,79.0,1.0,8.0,8.0,34.0,-8.2,30.0,6.5,False
6659,20100411,2020,10,4,11,33.0,2.0,10.0,9.0,27.0,-9.6,30.0,8.3,False
6660,20100412,2020,10,4,12,343.0,3.0,14.0,11.0,28.0,-8.4,30.0,9.2,False
6661,20100413,2020,10,4,13,313.0,3.0,15.0,13.0,25.0,-9.7,30.0,9.3,False
6662,20100414,2020,10,4,14,321.0,3.0,15.0,13.0,22.0,-10.7,30.0,10.1,False
6663,20100415,2020,10,4,15,322.0,1.0,18.0,14.0,20.0,-11.3,30.0,10.8,False
6664,20100416,2020,10,4,16,4.0,2.0,19.0,13.0,18.0,-12.1,30.0,11.4,False
6665,20100417,2020,10,4,17,3.0,1.0,24.0,15.0,16.0,-13.9,30.0,10.9,False
6666,20100418,2020,10,4,18,18.0,1.0,32.0,18.0,16.0,-13.9,30.0,11.0,False
6667,20100419,2020,10,4,19,230.0,2.0,39.0,20.0,18.0,-13.9,30.0,9.2,False
6668,20100420,2020,10,4,20,192.0,3.0,42.0,21.0,24.0,-12.4,30.0,6.8,False
6669,20100421,2020,10,4,21,136.0,3.0,40.0,21.0,25.0,-12.4,30.0,6.2,False
6670,20100422,2020,10,4,22,101.0,2.0,37.0,18.0,26.0,-12.2,30.0,5.8,False
6671,20100423,2020,10,4,23,126.0,2.0,33.0,18.0,31.0,-11.1,30.0,4.6,False
6672,20100500,2020,10,5,0,139.0,2.0,29.0,18.0,32.0,-11.1,30.0,4.1,False
6673,20100501,2020,10,5,1,136.0,2.0,25.0,18.0,32.0,-11.6,30.0,3.6,False
6674,20100502,2020,10,5,2,127.0,3.0,21.0,19.0,31.0,-11.7,30.0,3.9,False
6675,20100503,2020,10,5,3,126.0,2.0,21.0,19.0,31.0,-11.9,30.0,3.7,False
6676,20100504,2020,10,5,4,104.0,2.0,22.0,19.0,29.0,-12.1,30.0,4.4,False
6677,20100505,2020,10,5,5,96.0,2.0,24.0,18.0,28.0,-12.4,30.0,4.5,False
6678,20100506,2020,10,5,6,117.0,3.0,25.0,17.0,32.0,-11.4,30.0,3.8,False
6679,20100507,2020,10,5,7,117.0,3.0,25.0,17.0,32.0,-11.4,30.0,3.8,False
6680,20100508,2020,10,5,8,153.0,3.0,23.0,14.0,30.0,-11.1,30.0,5.0,False
6681,20100509,2020,10,5,9,156.0,4.0,9.0,5.0,29.0,-10.9,30.0,5.8,False
6682,20100510,2020,10,5,10,171.0,3.0,20.0,14.0,31.0,-8.2,30.0,7.9,False
6683,20100511,2020,10,5,11,238.0,2.0,23.0,14.0,28.0,-9.4,30.0,8.0,False
6684,20100512,2020,10,5,12,222.0,3.0,27.0,18.0,36.0,-6.1,30.0,8.1,False
6685,20100513,2020,10,5,13,314.0,2.0,33.0,21.0,24.0,-11.0,30.0,8.4,False
6686,20100514,2020,10,5,14,164.0,3.0,34.0,20.0,26.0,-8.9,30.0,9.7,False
6687,20100515,2020,10,5,15,245.0,5.0,36.0,20.0,27.0,-8.1,30.0,10.0,False
6688,20100516,2020,10,5,16,280.0,5.0,37.0,20.0,27.0,-8.0,30.0,10.1,False
6689,20100517,2020,10,5,17,270.0,5.0,37.0,15.0,30.0,-5.8,30.0,11.1,False
6690,20100518,2020,10,5,18,273.0,5.0,40.0,13.0,30.0,-6.4,30.0,10.4,False
6691,20100519,2020,10,5,19,304.0,4.0,45.0,16.0,34.0,-6.0,30.0,9.0,False
6692,20100520,2020,10,5,20,297.0,1.0,44.0,18.0,39.0,-5.7,3.5,7.3,False
6693,20100521,2020,10,5,21,76.0,1.0,40.0,18.0,42.0,-6.1,30.0,5.8,False
6694,20100522,2020,10,5,22,83.0,3.0,36.0,17.0,49.0,-4.5,30.0,5.4,False
6695,20100523,2020,10,5,23,97.0,3.0,31.0,16.0,50.0,-4.7,30.0,4.8,False
6696,20100600,2020,10,6,0,93.0,3.0,28.0,14.0,48.0,-5.6,30.0,4.4,False
6697,20100601,2020,10,6,1,91.0,3.0,22.0,12.0,51.0,-5.1,30.0,4.1,False
6698,20100602,2020,10,6,2,97.0,2.0,85.0,26.0,49.0,-5.9,30.0,3.8,False
6699,20100603,2020,10,6,3,134.0,2.0,12.0,8.0,52.0,-5.8,30.0,3.1,False
6700,20100604,2020,10,6,4,107.0,2.0,12.0,8.0,53.0,-6.1,30.0,2.5,False
6701,20100605,2020,10,6,5,99.0,2.0,13.0,8.0,48.0,-6.7,30.0,3.2,False
6702,20100606,2020,10,6,6,115.0,2.0,12.0,8.0,46.0,-7.2,30.0,3.3,False
6703,20100607,2020,10,6,7,115.0,2.0,12.0,8.0,46.0,-7.2,30.0,3.3,False
6704,20100608,2020,10,6,8,85.0,3.0,11.0,8.0,34.0,-11.1,30.0,3.3,False
6705,20100609,2020,10,6,9,100.0,2.0,12.0,7.0,32.0,-10.8,30.0,4.5,False
6706,20100610,2020,10,6,10,38.0,0.0,10.0,6.0,27.0,-10.2,30.0,7.6,False
6707,20100611,2020,10,6,11,346.0,1.0,6.0,5.0,25.0,-10.0,30.0,9.0,False
6708,20100612,2020,10,6,12,345.0,1.0,93.0,28.0,27.0,-8.1,30.0,10.0,False
6709,20100613,2020,10,6,13,274.0,2.0,87.0,25.0,21.0,-10.0,30.0,11.6,False
6710,20100614,2020,10,6,14,250.0,3.0,92.0,21.0,19.0,-10.1,30.0,13.0,False
6711,20100615,2020,10,6,15,215.0,3.0,96.0,19.0,19.0,-9.5,30.0,13.7,False
6712,20100616,2020,10,6,16,27.0,2.0,5.0,1.0,20.0,-8.7,30.0,13.9,False
6713,20100617,2020,10,6,17,6.0,1.0,11.0,7.0,17.0,-10.7,30.0,13.9,False
6714,20100618,2020,10,6,18,57.0,5.0,22.0,15.0,24.0,-7.7,30.0,12.3,False
6715,20100619,2020,10,6,19,44.0,5.0,38.0,20.0,25.0,-8.3,30.0,11.0,False
6716,20100620,2020,10,6,20,297.0,1.0,44.0,18.0,39.0,-5.7,3.5,7.3,False
6717,20100621,2020,10,6,21,92.0,5.0,323.0,110.0,29.0,-7.6,30.0,9.6,False
6718,20100622,2020,10,6,22,83.0,6.0,357.0,126.0,28.0,-8.0,30.0,9.6,False
6719,20100623,2020,10,6,23,84.0,5.0,298.0,109.0,27.0,-8.6,30.0,9.5,False
6720,20100700,2020,10,7,0,101.0,2.0,254.0,85.0,29.0,-8.1,30.0,9.0,False
6721,20100701,2020,10,7,1,159.0,3.0,163.0,63.0,31.0,-7.9,30.0,8.2,False
6722,20100702,2020,10,7,2,292.0,7.0,89.0,42.0,35.0,-8.5,30.0,5.8,False
6723,20100703,2020,10,7,3,281.0,5.0,45.0,27.0,87.0,-0.8,6.7,1.1,False
6724,20100704,2020,10,7,4,279.0,6.0,21.0,13.0,96.0,-1.2,0.1,-0.6,False
6725,20100705,2020,10,7,5,279.0,6.0,21.0,13.0,96.0,-1.2,0.1,-0.6,False
6726,20100706,2020,10,7,6,300.0,4.0,7.0,1.0,97.0,-3.2,0.9,-2.8,False
6727,20100707,2020,10,7,7,300.0,4.0,7.0,1.0,97.0,-3.2,0.9,-2.8,False
6728,20100708,2020,10,7,8,273.0,2.0,19.0,19.0,96.0,-3.7,1.2,-3.2,False
6729,20100709,2020,10,7,9,269.0,4.0,2.0,2.0,96.0,-3.9,0.2,-3.4,False
6730,20100710,2020,10,7,10,269.0,5.0,7.0,7.0,96.0,-3.7,0.6,-3.2,False
6731,20100711,2020,10,7,11,278.0,8.0,16.0,2.0,96.0,-3.7,0.4,-3.2,False
6732,20100712,2020,10,7,12,321.0,2.0,13.0,12.0,94.0,-5.4,0.1,-4.6,False
6733,20100713,2020,10,7,13,267.0,1.0,22.0,10.0,94.0,-4.9,0.1,-4.1,False
6734,20100714,2020,10,7,14,320.0,1.0,2.0,2.0,95.0,-4.5,0.3,-3.8,False
6735,20100715,2020,10,7,15,286.0,1.0,29.0,9.0,95.0,-3.5,9.1,-2.8,False
6736,20100716,2020,10,7,16,315.0,1.0,30.0,9.0,92.0,-4.8,30.0,-3.7,False
6737,20100717,2020,10,7,17,59.0,2.0,14.0,9.0,77.0,-6.7,30.0,-3.2,False
6738,20100718,2020,10,7,18,338.0,2.0,23.0,9.0,83.0,-5.5,30.0,-3.0,False
6739,20100719,2020,10,7,19,301.0,2.0,10.0,8.0,83.0,-6.2,30.0,-3.7,False
6740,20100720,2020,10,7,20,319.0,2.0,9.0,5.0,89.0,-5.4,30.0,-3.9,False
6741,20100721,2020,10,7,21,108.0,0.0,7.0,3.0,82.0,-7.0,30.0,-4.4,False
6742,20100722,2020,10,7,22,122.0,2.0,357.0,126.0,28.0,-6.9,30.0,-4.6,False
6743,20100723,2020,10,7,23,167.0,1.0,23.0,9.0,80.0,-7.8,30.0,-4.9,False
6744,20100800,2020,10,8,0,121.0,1.0,25.0,10.0,76.0,-7.9,30.0,-4.3,False
6745,20100801,2020,10,8,1,270.0,0.0,44.0,21.0,83.0,-7.3,30.0,-4.9,False
6746,20100802,2020,10,8,2,0.0,0.0,30.0,10.0,86.0,-7.4,30.0,-5.4,False
6747,20100803,2020,10,8,3,112.0,2.0,41.0,12.0,77.0,-8.0,30.0,-4.6,False
6748,20100804,2020,10,8,4,97.0,2.0,48.0,12.0,60.0,-10.0,30.0,-3.4,False
6749,20100805,2020,10,8,5,60.0,1.0,40.0,13.0,59.0,-10.6,30.0,-3.8,False
6750,20100806,2020,10,8,6,102.0,1.0,2.0,1.0,59.0,-10.4,30.0,-3.6,False
6751,20100807,2020,10,8,7,102.0,1.0,2.0,1.0,59.0,-10.4,30.0,-3.6,False
6752,20100808,2020,10,8,8,94.0,2.0,45.0,14.0,57.0,-11.2,30.0,-3.9,False
6753,20100809,2020,10,8,9,83.0,2.0,26.0,8.0,55.0,-10.5,30.0,-2.7,False
6754,20100810,2020,10,8,10,96.0,1.0,58.0,15.0,49.0,-9.4,30.0,0.0,False
6755,20100811,2020,10,8,11,0.0,0.0,62.0,17.0,41.0,-10.3,30.0,1.5,False
6756,20100812,2020,10,8,12,223.0,0.0,50.0,16.0,45.0,-9.2,30.0,1.4,False
6757,20100813,2020,10,8,13,209.0,1.0,45.0,14.0,44.0,-8.5,30.0,2.5,False
6758,20100814,2020,10,8,14,231.0,1.0,17.0,12.0,40.0,-8.8,30.0,3.5,False
6759,20100815,2020,10,8,15,252.0,2.0,18.0,11.0,36.0,-9.8,30.0,3.9,False
6760,20100816,2020,10,8,16,315.0,1.0,30.0,9.0,92.0,-4.8,30.0,-3.7,False
6761,20100817,2020,10,8,17,352.0,1.0,8.0,5.0,37.0,-8.5,30.0,5.0,False
6762,20100818,2020,10,8,18,304.0,2.0,13.0,9.0,35.0,-9.8,30.0,4.3,False
6763,20100819,2020,10,8,19,328.0,1.0,16.0,12.0,34.0,-10.9,30.0,3.5,False
6764,20100820,2020,10,8,20,6.0,0.0,17.0,11.0,53.0,-7.0,30.0,1.5,False
6765,20100821,2020,10,8,21,76.0,0.0,19.0,12.0,58.0,-6.8,30.0,0.5,False
6766,20100822,2020,10,8,22,165.0,1.0,19.0,11.0,59.0,-7.4,30.0,-0.4,False
6767,20100823,2020,10,8,23,157.0,4.0,14.0,8.0,53.0,-8.7,30.0,-0.3,False
6768,20100900,2020,10,9,0,121.0,1.0,25.0,10.0,76.0,-7.9,30.0,-4.3,False
6769,20100901,2020,10,9,1,167.0,4.0,7.0,4.0,44.0,-10.9,30.0,-0.1,False
6770,20100902,2020,10,9,2,157.0,4.0,6.0,3.0,50.0,-10.0,30.0,-0.9,False
6771,20100903,2020,10,9,3,166.0,3.0,5.0,2.0,50.0,-9.6,30.0,-0.5,False
6772,20100904,2020,10,9,4,149.0,1.0,5.0,4.0,46.0,-9.5,30.0,0.8,False
6773,20100905,2020,10,9,5,175.0,0.0,6.0,3.0,43.0,-10.6,30.0,0.5,False
6774,20100906,2020,10,9,6,125.0,1.0,6.0,3.0,50.0,-9.6,30.0,-0.5,False
6775,20100907,2020,10,9,7,125.0,1.0,6.0,3.0,50.0,-9.6,30.0,-0.5,False
6776,20100908,2020,10,9,8,76.0,1.0,6.0,4.0,45.0,-10.4,30.0,0.1,False
6777,20100909,2020,10,9,9,29.0,2.0,7.0,7.0,50.0,-8.4,24.6,0.8,False
6778,20100910,2020,10,9,10,54.0,1.0,62.0,26.0,55.0,-7.1,30.0,0.9,False
6779,20100911,2020,10,9,11,19.0,4.0,59.0,26.0,51.0,-6.8,30.0,2.3,False
6780,20100912,2020,10,9,12,1.0,2.0,44.0,25.0,51.0,-6.7,30.0,2.4,False
6781,20100913,2020,10,9,13,335.0,3.0,33.0,22.0,57.0,-4.9,30.0,2.8,False
6782,20100914,2020,10,9,14,347.0,3.0,28.0,19.0,59.0,-4.8,30.0,2.4,False
6783,20100915,2020,10,9,15,298.0,4.0,11.0,11.0,72.0,-3.1,30.0,1.4,False
6784,20100916,2020,10,9,16,310.0,5.0,15.0,11.0,78.0,-3.2,9.4,0.2,False
6785,20100917,2020,10,9,17,291.0,3.0,19.0,12.0,73.0,-3.7,30.0,0.6,False
6786,20100918,2020,10,9,18,303.0,2.0,24.0,12.0,76.0,-3.6,30.0,0.1,False
6787,20100919,2020,10,9,19,300.0,2.0,25.0,14.0,81.0,-3.3,30.0,-0.4,False
6788,20100920,2020,10,9,20,325.0,2.0,24.0,16.0,87.0,-2.8,30.0,-0.9,False
6789,20100921,2020,10,9,21,327.0,3.0,23.0,15.0,89.0,-3.0,30.0,-1.4,False
6790,20100922,2020,10,9,22,309.0,2.0,21.0,13.0,91.0,-3.6,30.0,-2.3,False
6791,20100923,2020,10,9,23,346.0,2.0,20.0,11.0,92.0,-3.6,30.0,-2.5,False
6792,20101000,2020,10,10,0,339.0,2.0,19.0,11.0,91.0,-4.3,30.0,-3.0,False
6793,20101001,2020,10,10,1,308.0,3.0,18.0,10.0,95.0,-4.4,0.5,-3.7,False
6794,20101002,2020,10,10,2,326.0,3.0,19.0,12.0,96.0,-4.3,0.2,-3.8,False
6795,20101003,2020,10,10,3,358.0,2.0,20.0,14.0,95.0,-4.7,25.4,-4.0,False
6796,20101004,2020,10,10,4,333.0,2.0,19.0,14.0,86.0,-5.8,30.0,-3.8,False
6797,20101005,2020,10,10,5,359.0,2.0,17.0,13.0,78.0,-7.5,16.0,-4.2,False
6798,20101006,2020,10,10,6,83.0,0.0,15.0,11.0,86.0,-6.5,30.0,-4.5,False
6799,20101007,2020,10,10,7,83.0,0.0,15.0,11.0,86.0,-6.5,30.0,-4.5,False
6800,20101008,2020,10,10,8,236.0,0.0,10.0,6.0,80.0,-6.2,30.0,-3.2,False
6801,20101009,2020,10,10,9,280.0,1.0,8.0,4.0,81.0,-6.5,30.0,-3.7,False
6802,20101010,2020,10,10,10,136.0,1.0,8.0,5.0,80.0,-6.4,30.0,-3.5,False
6803,20101011,2020,10,10,11,325.0,1.0,6.0,6.0,71.0,-7.2,30.0,-2.7,False
6804,20101012,2020,10,10,12,251.0,0.0,5.0,5.0,73.0,-6.5,30.0,-2.3,False
6805,20101013,2020,10,10,13,326.0,2.0,4.0,4.0,61.0,-7.8,30.0,-1.2,False
6806,20101014,2020,10,10,14,316.0,2.0,14.0,12.0,62.0,-7.4,30.0,-1.1,False
6807,20101015,2020,10,10,15,315.0,4.0,15.0,12.0,58.0,-7.9,30.0,-0.7,False
6808,20101016,2020,10,10,16,296.0,3.0,15.0,10.0,59.0,-7.7,30.0,-0.7,False
6809,20101017,2020,10,10,17,322.0,4.0,33.0,11.0,58.0,-7.7,30.0,-0.5,False
6810,20101018,2020,10,10,18,306.0,4.0,23.0,11.0,57.0,-8.2,30.0,-0.7,False
6811,20101019,2020,10,10,19,319.0,4.0,21.0,18.0,64.0,-7.3,30.0,-1.4,False
6812,20101020,2020,10,10,20,311.0,4.0,28.0,19.0,66.0,-7.2,30.0,-1.7,False
6813,20101021,2020,10,10,21,304.0,3.0,28.0,18.0,71.0,-6.9,30.0,-2.4,False
6814,20101022,2020,10,10,22,302.0,3.0,25.0,15.0,77.0,-6.8,30.0,-3.4,False
6815,20101023,2020,10,10,23,296.0,1.0,17.0,10.0,85.0,-6.5,30.0,-4.4,False
6816,20101100,2020,10,11,0,71.0,1.0,15.0,8.0,82.0,-7.1,30.0,-4.5,False
6817,20101101,2020,10,11,1,0.0,0.0,13.0,8.0,81.0,-7.3,30.0,-4.5,False
6818,20101102,2020,10,11,2,96.0,0.0,11.0,9.0,83.0,-7.3,30.0,-4.9,False
6819,20101103,2020,10,11,3,57.0,0.0,11.0,10.0,84.0,-6.9,30.0,-4.6,False
6820,20101104,2020,10,11,4,45.0,1.0,10.0,8.0,80.0,-7.9,30.0,-5.0,False
6821,20101105,2020,10,11,5,57.0,2.0,8.0,7.0,69.0,-10.1,30.0,-5.3,False
6822,20101106,2020,10,11,6,55.0,2.0,6.0,5.0,70.0,-9.9,30.0,-5.3,False
6823,20101107,2020,10,11,7,55.0,2.0,6.0,5.0,70.0,-9.9,30.0,-5.3,False
6824,20101108,2020,10,11,8,84.0,2.0,3.0,3.0,53.0,-12.8,30.0,-4.7,False
6825,20101109,2020,10,11,9,70.0,2.0,88.0,34.0,61.0,-10.1,30.0,-3.7,False
6826,20101110,2020,10,11,10,343.0,2.0,67.0,35.0,71.0,-6.6,30.0,-2.1,False
6827,20101111,2020,10,11,11,325.0,1.0,6.0,6.0,71.0,-7.2,30.0,-2.7,False
6828,20101112,2020,10,11,12,296.0,1.0,41.0,34.0,57.0,-8.0,30.0,-0.5,False
6829,20101113,2020,10,11,13,318.0,1.0,24.0,23.0,49.0,-9.5,30.0,-0.1,False
6830,20101114,2020,10,11,14,346.0,1.0,18.0,18.0,48.0,-9.1,30.0,0.7,False
6831,20101115,2020,10,11,15,330.0,3.0,24.0,17.0,41.0,-10.1,30.0,1.7,False
6832,20101116,2020,10,11,16,307.0,2.0,20.0,14.0,38.0,-10.9,30.0,1.9,False
6833,20101117,2020,10,11,17,308.0,3.0,8.0,5.0,39.0,-10.7,30.0,1.8,False
6834,20101118,2020,10,11,18,318.0,2.0,15.0,7.0,36.0,-11.4,30.0,2.1,False
6835,20101119,2020,10,11,19,302.0,3.0,16.0,8.0,44.0,-9.6,30.0,1.3,False
6836,20101120,2020,10,11,20,327.0,1.0,15.0,9.0,54.0,-8.6,30.0,-0.4,False
6837,20101121,2020,10,11,21,16.0,0.0,13.0,8.0,66.0,-7.2,30.0,-1.7,False
6838,20101122,2020,10,11,22,302.0,3.0,25.0,15.0,77.0,-6.8,30.0,-3.4,False
6839,20101123,2020,10,11,23,66.0,0.0,9.0,6.0,67.0,-7.0,30.0,-1.7,False
6840,20101200,2020,10,12,0,71.0,1.0,15.0,8.0,82.0,-7.1,30.0,-4.5,False
6841,20101201,2020,10,12,1,111.0,1.0,5.0,3.0,68.0,-6.8,30.0,-1.7,False
6842,20101202,2020,10,12,2,78.0,1.0,4.0,3.0,70.0,-6.3,30.0,-1.6,False
6843,20101203,2020,10,12,3,81.0,1.0,3.0,3.0,73.0,-6.1,30.0,-1.9,False
6844,20101204,2020,10,12,4,94.0,1.0,3.0,3.0,76.0,-5.7,30.0,-2.0,False
6845,20101205,2020,10,12,5,77.0,1.0,3.0,2.0,78.0,-5.2,30.0,-1.9,False
6846,20101206,2020,10,12,6,100.0,1.0,2.0,1.0,77.0,-4.9,30.0,-1.4,False
6847,20101207,2020,10,12,7,87.0,1.0,2.0,1.0,78.0,-4.9,30.0,-1.6,False
6848,20101208,2020,10,12,8,183.0,0.0,4.0,1.0,78.0,-5.1,30.0,-1.8,False
6849,20101209,2020,10,12,9,173.0,1.0,79.0,28.0,79.0,-4.3,30.0,-1.1,False
6850,20101210,2020,10,12,10,173.0,1.0,79.0,28.0,79.0,-4.3,30.0,-1.1,False
6851,20101211,2020,10,12,11,213.0,1.0,109.0,32.0,68.0,-4.7,30.0,0.5,False
6852,20101212,2020,10,12,12,272.0,3.0,77.0,30.0,66.0,-4.8,30.0,0.8,False
6853,20101213,2020,10,12,13,312.0,3.0,64.0,29.0,62.0,-4.9,30.0,1.6,False
6854,20101214,2020,10,12,14,290.0,1.0,64.0,27.0,61.0,-4.3,30.0,2.4,False
6855,20101215,2020,10,12,15,298.0,4.0,7.0,7.0,58.0,-5.1,30.0,2.3,False
6856,20101216,2020,10,12,16,285.0,5.0,13.0,12.0,56.0,-5.1,30.0,2.8,False
6857,20101217,2020,10,12,17,281.0,3.0,18.0,17.0,57.0,-5.1,30.0,2.5,False
6858,20101218,2020,10,12,18,286.0,3.0,57.0,23.0,59.0,-5.0,30.0,2.2,False
6859,20101219,2020,10,12,19,278.0,2.0,38.0,28.0,62.0,-4.6,30.0,1.9,False
6860,20101220,2020,10,12,20,262.0,3.0,49.0,32.0,64.0,-4.4,30.0,1.7,False
6861,20101221,2020,10,12,21,282.0,3.0,52.0,33.0,77.0,-2.8,30.0,0.8,False
6862,20101222,2020,10,12,22,274.0,4.0,49.0,31.0,85.0,-2.2,30.0,0.0,False
6863,20101223,2020,10,12,23,252.0,6.0,39.0,25.0,84.0,-2.9,30.0,-0.5,False
6864,20101300,2020,10,13,0,279.0,4.0,34.0,21.0,93.0,-2.0,27.2,-1.0,False
6865,20101301,2020,10,13,1,263.0,2.0,35.0,20.0,96.0,-2.2,21.3,-1.6,False
6866,20101302,2020,10,13,2,319.0,2.0,38.0,21.0,95.0,-2.6,16.8,-1.9,False
6867,20101303,2020,10,13,3,7.0,1.0,33.0,22.0,91.0,-3.4,22.7,-2.1,False
6868,20101304,2020,10,13,4,7.0,1.0,33.0,22.0,91.0,-3.4,22.7,-2.1,False
6869,20101305,2020,10,13,5,297.0,1.0,31.0,20.0,96.0,-2.9,18.3,-2.4,False
6870,20101306,2020,10,13,6,317.0,1.0,29.0,19.0,95.0,-3.1,6.1,-2.4,False
6871,20101307,2020,10,13,7,10.0,0.0,25.0,16.0,96.0,-3.1,8.1,-2.6,False
6872,20101308,2020,10,13,8,289.0,2.0,23.0,15.0,93.0,-3.5,11.2,-2.5,False
6873,20101309,2020,10,13,9,316.0,1.0,24.0,16.0,96.0,-3.0,22.9,-2.5,False
6874,20101310,2020,10,13,10,280.0,0.0,23.0,15.0,94.0,-3.2,30.0,-2.4,False
6875,20101311,2020,10,13,11,285.0,1.0,22.0,14.0,94.0,-3.1,30.0,-2.3,False
6876,20101312,2020,10,13,12,302.0,2.0,20.0,16.0,97.0,-2.5,1.1,-2.1,False
6877,20101313,2020,10,13,13,284.0,2.0,23.0,21.0,92.0,-2.4,30.0,-1.3,False
6878,20101314,2020,10,13,14,281.0,3.0,26.0,19.0,85.0,-3.1,30.0,-0.9,False
6879,20101315,2020,10,13,15,303.0,3.0,28.0,18.0,81.0,-3.2,30.0,-0.3,False
6880,20101316,2020,10,13,16,305.0,4.0,27.0,16.0,78.0,-3.5,30.0,-0.1,False
6881,20101317,2020,10,13,17,309.0,4.0,26.0,14.0,85.0,-2.7,30.0,-0.5,False
6882,20101318,2020,10,13,18,323.0,3.0,21.0,14.0,80.0,-3.2,30.0,-0.2,False
6883,20101319,2020,10,13,19,350.0,3.0,34.0,14.0,85.0,-2.5,30.0,-0.3,False
6884,20101320,2020,10,13,20,355.0,1.0,62.0,16.0,89.0,-2.1,30.0,-0.5,False
6885,20101321,2020,10,13,21,354.0,0.0,9.0,7.0,90.0,-2.3,30.0,-0.9,False
6886,20101322,2020,10,13,22,78.0,2.0,11.0,5.0,93.0,-2.7,21.7,-1.7,False
6887,20101323,2020,10,13,23,47.0,1.0,8.0,4.0,88.0,-3.9,30.0,-2.2,False
6888,20101400,2020,10,14,0,48.0,2.0,6.0,2.0,72.0,-5.9,30.0,-1.5,False
6889,20101401,2020,10,14,1,48.0,2.0,6.0,2.0,72.0,-5.9,30.0,-1.5,False
6890,20101402,2020,10,14,2,319.0,2.0,38.0,21.0,95.0,-2.6,16.8,-1.9,False
6891,20101403,2020,10,14,3,44.0,1.0,64.0,27.0,72.0,-5.4,30.0,-1.0,False
6892,20101404,2020,10,14,4,74.0,2.0,86.0,31.0,76.0,-5.6,30.0,-1.9,False
6893,20101405,2020,10,14,5,82.0,1.0,5.0,4.0,75.0,-5.5,30.0,-1.7,False
6894,20101406,2020,10,14,6,83.0,2.0,3.0,3.0,79.0,-5.0,30.0,-1.8,False
6895,20101407,2020,10,14,7,97.0,2.0,137.0,37.0,84.0,-4.2,30.0,-1.9,False
6896,20101408,2020,10,14,8,47.0,1.0,3.0,2.0,83.0,-3.9,30.0,-1.4,False
6897,20101409,2020,10,14,9,76.0,1.0,2.0,2.0,83.0,-3.3,30.0,-0.8,False
6898,20101410,2020,10,14,10,14.0,0.0,107.0,38.0,76.0,-3.4,30.0,0.3,False
6899,20101411,2020,10,14,11,319.0,1.0,83.0,35.0,70.0,-3.3,30.0,1.6,False
6900,20101412,2020,10,14,12,200.0,1.0,73.0,34.0,62.0,-3.9,30.0,2.6,False
6901,20101413,2020,10,14,13,283.0,3.0,57.0,28.0,58.0,-4.4,30.0,3.1,False
6902,20101414,2020,10,14,14,305.0,5.0,41.0,24.0,60.0,-4.2,30.0,2.8,False
6903,20101415,2020,10,14,15,303.0,4.0,49.0,22.0,64.0,-3.5,30.0,2.6,False
6904,20101416,2020,10,14,16,318.0,4.0,9.0,7.0,62.0,-3.6,30.0,3.0,False
6905,20101417,2020,10,14,17,302.0,2.0,16.0,13.0,65.0,-3.3,30.0,2.6,False
6906,20101418,2020,10,14,18,322.0,4.0,33.0,17.0,73.0,-2.2,30.0,2.1,False
6907,20101419,2020,10,14,19,316.0,3.0,28.0,21.0,76.0,-2.3,30.0,1.5,False
6908,20101420,2020,10,14,20,313.0,2.0,27.0,18.0,77.0,-3.2,30.0,0.4,False
6909,20101421,2020,10,14,21,37.0,2.0,26.0,16.0,83.0,-3.4,30.0,-0.9,False
6910,20101422,2020,10,14,22,66.0,2.0,24.0,14.0,86.0,-3.2,30.0,-1.2,False
6911,20101423,2020,10,14,23,66.0,2.0,17.0,10.0,83.0,-3.9,30.0,-1.4,False
6912,20101500,2020,10,15,0,16.0,3.0,12.0,7.0,83.0,-4.3,30.0,-1.8,False
6913,20101501,2020,10,15,1,43.0,3.0,8.0,5.0,58.0,-8.9,30.0,-1.7,False
6914,20101502,2020,10,15,2,130.0,3.0,6.0,3.0,33.0,-14.4,30.0,0.0,False
6915,20101503,2020,10,15,3,138.0,3.0,4.0,2.0,30.0,-15.6,30.0,-0.1,False
6916,20101504,2020,10,15,4,144.0,1.0,4.0,2.0,36.0,-14.5,30.0,-1.4,False
6917,20101505,2020,10,15,5,116.0,2.0,4.0,2.0,43.0,-13.1,30.0,-2.2,False
6918,20101506,2020,10,15,6,99.0,2.0,4.0,2.0,36.0,-14.1,6.5,-0.9,False
6919,20101507,2020,10,15,7,99.0,2.0,4.0,2.0,36.0,-14.1,6.5,-0.9,False
6920,20101508,2020,10,15,8,104.0,2.0,4.0,3.0,38.0,-14.7,30.0,-2.3,False
6921,20101509,2020,10,15,9,115.0,3.0,78.0,25.0,29.0,-16.3,30.0,-0.4,False
6922,20101510,2020,10,15,10,130.0,2.0,93.0,27.0,25.0,-15.0,30.0,3.1,False
6923,20101511,2020,10,15,11,250.0,1.0,83.0,35.0,70.0,-18.3,30.0,5.5,False
6924,20101512,2020,10,15,12,278.0,0.0,88.0,28.0,16.0,-18.1,30.0,5.8,False
6925,20101513,2020,10,15,13,190.0,0.0,80.0,27.0,19.0,-15.2,30.0,6.8,False
6926,20101514,2020,10,15,14,286.0,1.0,69.0,24.0,17.0,-16.2,30.0,7.2,False
6927,20101515,2020,10,15,15,197.0,2.0,62.0,18.0,22.0,-12.3,30.0,8.1,False
6928,20101516,2020,10,15,16,266.0,3.0,55.0,29.0,19.0,-13.6,30.0,8.7,False
6929,20101517,2020,10,15,17,302.0,2.0,16.0,13.0,65.0,-3.3,30.0,2.6,False
6930,20101518,2020,10,15,18,215.0,0.0,27.0,14.0,24.0,-11.2,30.0,8.2,False
6931,20101519,2020,10,15,19,186.0,1.0,31.0,14.0,26.0,-11.8,30.0,6.3,False
6932,20101520,2020,10,15,20,139.0,3.0,33.0,28.0,33.0,-11.6,30.0,3.1,False
6933,20101521,2020,10,15,21,134.0,3.0,29.0,22.0,35.0,-12.2,30.0,1.6,False
6934,20101522,2020,10,15,22,120.0,3.0,25.0,18.0,36.0,-12.4,30.0,1.0,False
6935,20101523,2020,10,15,23,86.0,3.0,21.0,16.0,36.0,-12.0,30.0,1.4,False
6936,20101600,2020,10,16,0,98.0,1.0,19.0,13.0,34.0,-13.3,30.0,0.8,False
6937,20101601,2020,10,16,1,158.0,3.0,17.0,11.0,32.0,-14.0,30.0,0.8,False
6938,20101602,2020,10,16,2,118.0,2.0,92.0,27.0,32.0,-14.5,30.0,0.3,False
6939,20101603,2020,10,16,3,94.0,2.0,18.0,12.0,28.0,-15.6,30.0,0.8,False
6940,20101604,2020,10,16,4,95.0,2.0,19.0,11.0,27.0,-16.3,30.0,0.5,False
6941,20101605,2020,10,16,5,95.0,2.0,20.0,11.0,25.0,-17.6,30.0,0.1,False
6942,20101606,2020,10,16,6,98.0,2.0,18.0,10.0,24.0,-18.1,30.0,0.1,False
6943,20101607,2020,10,16,7,98.0,2.0,18.0,10.0,24.0,-18.1,30.0,0.1,False
6944,20101608,2020,10,16,8,122.0,4.0,13.0,7.0,23.0,-19.1,30.0,-0.5,False
6945,20101609,2020,10,16,9,96.0,2.0,12.0,6.0,21.0,-19.1,30.0,0.8,False
6946,20101610,2020,10,16,10,99.0,1.0,12.0,4.0,21.0,-16.1,30.0,4.3,False
6947,20101611,2020,10,16,11,195.0,0.0,9.0,3.0,13.0,-19.6,30.0,7.0,False
6948,20101612,2020,10,16,12,273.0,1.0,4.0,3.0,16.0,-17.4,30.0,6.6,False
6949,20101613,2020,10,16,13,324.0,2.0,70.0,30.0,18.0,-15.6,30.0,7.1,False
6950,20101614,2020,10,16,14,301.0,1.0,56.0,26.0,18.0,-15.1,30.0,7.7,False
6951,20101615,2020,10,16,15,282.0,2.0,11.0,10.0,17.0,-15.7,30.0,7.9,False
6952,20101616,2020,10,16,16,286.0,2.0,16.0,11.0,13.0,-18.5,30.0,8.3,False
6953,20101617,2020,10,16,17,272.0,2.0,21.0,13.0,18.0,-14.8,30.0,8.1,False
6954,20101618,2020,10,16,18,310.0,1.0,29.0,18.0,18.0,-15.1,30.0,7.8,False
6955,20101619,2020,10,16,19,297.0,3.0,34.0,20.0,23.0,-13.3,26.7,6.3,False
6956,20101620,2020,10,16,20,301.0,2.0,34.0,20.0,28.0,-12.4,30.0,4.5,False
6957,20101621,2020,10,16,21,292.0,1.0,30.0,15.0,31.0,-12.1,30.0,3.4,False
6958,20101622,2020,10,16,22,295.0,0.0,22.0,11.0,38.0,-10.8,30.0,2.0,False
6959,20101623,2020,10,16,23,44.0,0.0,18.0,9.0,42.0,-10.0,30.0,1.5,False
6960,20101700,2020,10,17,0,155.0,1.0,14.0,7.0,45.0,-9.9,30.0,0.7,False
6961,20101701,2020,10,17,1,156.0,1.0,9.0,6.0,49.0,-9.3,30.0,0.2,False
6962,20101702,2020,10,17,2,186.0,0.0,6.0,6.0,55.0,-8.7,30.0,-0.8,False
6963,20101703,2020,10,17,3,88.0,1.0,5.0,5.0,49.0,-8.9,30.0,0.6,False
6964,20101704,2020,10,17,4,88.0,3.0,5.0,2.0,44.0,-10.4,30.0,0.4,False
6965,20101705,2020,10,17,5,86.0,3.0,4.0,2.0,44.0,-10.6,30.0,0.2,False
6966,20101706,2020,10,17,6,82.0,3.0,3.0,1.0,39.0,-12.0,30.0,0.3,False
6967,20101707,2020,10,17,7,82.0,3.0,3.0,1.0,39.0,-12.0,30.0,0.3,False
6968,20101708,2020,10,17,8,62.0,3.0,136.0,43.0,11.0,-25.4,30.0,2.0,False
6969,20101709,2020,10,17,9,130.0,2.0,108.0,43.0,31.0,-14.1,30.0,1.1,False
6970,20101710,2020,10,17,10,149.0,3.0,3.0,1.0,25.0,-13.2,30.0,5.2,False
6971,20101711,2020,10,17,11,347.0,2.0,2.0,2.0,15.0,-17.4,30.0,7.6,False
6972,20101712,2020,10,17,12,347.0,2.0,2.0,2.0,15.0,-17.4,30.0,7.6,False
6973,20101713,2020,10,17,13,347.0,2.0,2.0,2.0,15.0,-17.4,30.0,7.6,False
6974,20101714,2020,10,17,14,301.0,1.0,56.0,26.0,18.0,-15.1,30.0,7.7,False
6975,20101715,2020,10,17,15,220.0,2.0,42.0,28.0,14.0,-16.1,30.0,10.2,False
6976,20101716,2020,10,17,16,207.0,2.0,58.0,27.0,14.0,-15.6,30.0,10.8,False
6977,20101717,2020,10,17,17,207.0,2.0,58.0,27.0,14.0,-15.6,30.0,10.8,False
6978,20101718,2020,10,17,18,200.0,2.0,57.0,22.0,14.0,-16.1,30.0,10.2,False
6979,20101719,2020,10,17,19,191.0,1.0,59.0,21.0,19.0,-14.1,30.0,8.1,False
6980,20101720,2020,10,17,20,191.0,1.0,59.0,21.0,19.0,-14.1,30.0,8.1,False
6981,20101721,2020,10,17,21,109.0,3.0,74.0,22.0,30.0,-11.7,30.0,4.3,False
6982,20101722,2020,10,17,22,109.0,2.0,93.0,23.0,31.0,-12.3,30.0,3.2,False
6983,20101723,2020,10,17,23,100.0,2.0,21.0,19.0,23.0,-14.9,30.0,4.4,False
6984,20101800,2020,10,18,0,85.0,3.0,14.0,7.0,45.0,-16.1,30.0,4.3,False
6985,20101801,2020,10,18,1,91.0,2.0,17.0,12.0,22.0,-16.2,30.0,3.5,False
6986,20101802,2020,10,18,2,186.0,0.0,6.0,6.0,55.0,-8.7,30.0,-0.8,False
6987,20101803,2020,10,18,3,107.0,3.0,17.0,8.0,24.0,-15.7,30.0,2.9,False
6988,20101804,2020,10,18,4,103.0,3.0,13.0,7.0,20.0,-17.9,16.9,2.9,False
6989,20101805,2020,10,18,5,99.0,2.0,10.0,6.0,17.0,-19.2,30.0,3.6,False
6990,20101806,2020,10,18,6,102.0,2.0,9.0,7.0,22.0,-16.8,30.0,2.8,False
6991,20101807,2020,10,18,7,102.0,2.0,9.0,7.0,22.0,-16.8,30.0,2.8,False
6992,20101808,2020,10,18,8,124.0,1.0,10.0,8.0,26.0,-16.5,30.0,0.8,False
6993,20101809,2020,10,18,9,145.0,1.0,11.0,8.0,27.0,-15.8,30.0,1.1,False
6994,20101810,2020,10,18,10,139.0,2.0,10.0,9.0,20.0,-15.1,30.0,6.2,False
6995,20101811,2020,10,18,11,292.0,1.0,9.0,8.0,19.0,-15.6,30.0,6.3,False
6996,20101812,2020,10,18,12,256.0,2.0,100.0,84.0,17.0,-16.0,30.0,7.5,False
6997,20101813,2020,10,18,13,306.0,2.0,76.0,64.0,16.0,-15.9,30.0,8.5,False
6998,20101814,2020,10,18,14,337.0,2.0,73.0,67.0,16.0,-15.4,30.0,9.1,False
6999,20101815,2020,10,18,15,327.0,2.0,80.0,56.0,15.0,-15.7,30.0,9.7,False
7000,20101816,2020,10,18,16,327.0,2.0,80.0,56.0,15.0,-15.7,30.0,9.7,False
7001,20101817,2020,10,18,17,327.0,2.0,80.0,56.0,15.0,-15.7,30.0,9.7,False
7002,20101818,2020,10,18,18,275.0,2.0,26.0,23.0,16.0,-15.1,30.0,9.5,False
7003,20101819,2020,10,18,19,272.0,1.0,29.0,23.0,21.0,-14.3,30.0,6.5,False
7004,20101820,2020,10,18,20,166.0,3.0,31.0,19.0,30.0,-11.4,30.0,4.7,False
7005,20101821,2020,10,18,21,166.0,3.0,31.0,19.0,30.0,-11.4,30.0,4.7,False
7006,20101822,2020,10,18,22,177.0,2.0,24.0,14.0,31.0,-12.0,30.0,3.6,False
7007,20101823,2020,10,18,23,176.0,3.0,16.0,10.0,38.0,-11.1,30.0,1.7,False
7008,20101900,2020,10,19,0,186.0,3.0,13.0,7.0,35.0,-11.5,30.0,2.4,False
7009,20101901,2020,10,19,1,171.0,4.0,14.0,7.0,38.0,-11.6,24.3,1.1,False
7010,20101902,2020,10,19,2,175.0,3.0,15.0,8.0,38.0,-11.5,30.0,1.2,False
7011,20101903,2020,10,19,3,175.0,3.0,15.0,8.0,38.0,-11.5,30.0,1.2,False
7012,20101904,2020,10,19,4,174.0,3.0,16.0,8.0,44.0,-10.5,30.0,0.3,False
7013,20101905,2020,10,19,5,188.0,2.0,14.0,9.0,46.0,-10.1,30.0,0.1,False
7014,20101906,2020,10,19,6,188.0,2.0,14.0,9.0,46.0,-10.1,30.0,0.1,False
7015,20101907,2020,10,19,7,188.0,2.0,14.0,9.0,46.0,-10.1,30.0,0.1,False
7016,20101908,2020,10,19,8,124.0,1.0,10.0,8.0,26.0,-16.5,30.0,0.8,False
7017,20101909,2020,10,19,9,145.0,1.0,11.0,8.0,27.0,-15.8,30.0,1.1,False
7018,20101910,2020,10,19,10,182.0,4.0,15.0,12.0,47.0,-7.8,30.0,2.4,False
7019,20101911,2020,10,19,11,182.0,4.0,15.0,12.0,47.0,-7.8,30.0,2.4,False
7020,20101912,2020,10,19,12,251.0,7.0,19.0,16.0,40.0,-6.7,30.0,5.9,False
7021,20101913,2020,10,19,13,251.0,7.0,19.0,16.0,40.0,-6.7,30.0,5.9,False
7022,20101914,2020,10,19,14,251.0,7.0,19.0,16.0,40.0,-6.7,30.0,5.9,False
7023,20101915,2020,10,19,15,318.0,7.0,23.0,15.0,89.0,-0.7,27.2,0.9,False
7024,20101916,2020,10,19,16,322.0,3.0,23.0,14.0,56.0,-8.1,30.0,-0.4,False
7025,20101917,2020,10,19,17,328.0,3.0,25.0,14.0,33.0,-14.0,30.0,0.4,False
7026,20101918,2020,10,19,18,314.0,3.0,28.0,16.0,41.0,-12.0,30.0,-0.3,False
7027,20101919,2020,10,19,19,315.0,4.0,31.0,16.0,26.0,-17.8,30.0,-0.7,False
7028,20101920,2020,10,19,20,53.0,1.0,30.0,15.0,26.0,-18.8,30.0,-1.8,False
7029,20101921,2020,10,19,21,308.0,4.0,29.0,14.0,21.0,-20.8,30.0,-1.2,False
7030,20101922,2020,10,19,22,354.0,3.0,28.0,12.0,19.0,-21.9,30.0,-1.2,False
7031,20101923,2020,10,19,23,148.0,1.0,21.0,10.0,14.0,-25.0,30.0,-0.8,False
7032,20102000,2020,10,20,0,75.0,2.0,14.0,7.0,16.0,-23.9,30.0,-1.3,False
7033,20102001,2020,10,20,1,336.0,1.0,10.0,6.0,7.0,-31.0,30.0,1.1,False
7034,20102002,2020,10,20,2,324.0,1.0,6.0,5.0,11.0,-26.4,30.0,0.8,False
7035,20102003,2020,10,20,3,350.0,2.0,5.0,4.0,18.0,-20.7,30.0,1.0,False
7036,20102004,2020,10,20,4,0.0,0.0,6.0,4.0,16.0,-22.9,30.0,-0.1,False
7037,20102005,2020,10,20,5,88.0,0.0,6.0,3.0,8.0,-30.1,30.0,0.4,False
7038,20102006,2020,10,20,6,87.0,2.0,4.0,3.0,8.0,-30.2,30.0,0.3,False
7039,20102007,2020,10,20,7,87.0,2.0,4.0,3.0,8.0,-30.2,30.0,0.3,False
7040,20102008,2020,10,20,8,79.0,3.0,82.0,29.0,5.0,-34.8,30.0,0.6,False
7041,20102009,2020,10,20,9,83.0,2.0,64.0,54.0,6.0,-32.8,30.0,0.8,False
7042,20102010,2020,10,20,10,0.0,0.0,80.0,53.0,7.0,-30.1,30.0,2.3,False
7043,20102011,2020,10,20,11,304.0,2.0,2.0,2.0,5.0,-32.7,30.0,3.5,False
7044,20102012,2020,10,20,12,336.0,1.0,121.0,45.0,3.0,-36.3,30.0,5.7,False
7045,20102013,2020,10,20,13,274.0,1.0,186.0,14.0,7.0,-27.0,30.0,6.4,False
7046,20102014,2020,10,20,14,301.0,1.0,90.0,13.0,9.0,-22.7,30.0,8.4,False
7047,20102015,2020,10,20,15,297.0,1.0,117.0,13.0,10.0,-20.4,30.0,9.8,False
7048,20102016,2020,10,20,16,316.0,1.0,2.0,2.0,13.0,-16.9,30.0,10.4,False
7049,20102017,2020,10,20,17,272.0,1.0,5.0,2.0,12.0,-17.3,30.0,11.0,False
7050,20102018,2020,10,20,18,325.0,1.0,14.0,4.0,12.0,-17.8,30.0,10.4,False
7051,20102019,2020,10,20,19,33.0,1.0,20.0,8.0,17.0,-15.0,30.0,8.7,False
7052,20102020,2020,10,20,20,93.0,2.0,21.0,9.0,25.0,-12.4,30.0,6.2,False
7053,20102021,2020,10,20,21,112.0,1.0,19.0,9.0,27.0,-12.8,30.0,4.6,False
7054,20102022,2020,10,20,22,91.0,1.0,16.0,7.0,30.0,-11.2,30.0,4.9,False
7055,20102023,2020,10,20,23,134.0,3.0,14.0,8.0,33.0,-9.6,30.0,5.4,False
7056,20102100,2020,10,21,0,109.0,2.0,12.0,6.0,37.0,-9.1,30.0,4.3,False
7057,20102101,2020,10,21,1,144.0,3.0,10.0,5.0,32.0,-10.3,30.0,5.0,False
7058,20102102,2020,10,21,2,101.0,0.0,7.0,4.0,34.0,-10.6,30.0,3.8,False
7059,20102103,2020,10,21,3,130.0,1.0,5.0,2.0,34.0,-11.0,30.0,3.4,False
7060,20102104,2020,10,21,4,104.0,3.0,4.0,2.0,25.0,-13.7,30.0,4.6,False
7061,20102105,2020,10,21,5,109.0,2.0,3.0,1.0,24.0,-14.2,30.0,4.7,False
7062,20102106,2020,10,21,6,116.0,3.0,3.0,1.0,26.0,-13.6,30.0,4.2,False
7063,20102107,2020,10,21,7,116.0,3.0,3.0,1.0,26.0,-13.6,30.0,4.2,False
7064,20102108,2020,10,21,8,109.0,2.0,2.0,2.0,18.0,-17.7,30.0,4.6,False
7065,20102109,2020,10,21,9,99.0,2.0,178.0,38.0,17.0,-18.9,30.0,3.9,False
7066,20102110,2020,10,21,10,95.0,1.0,177.0,39.0,11.0,-20.6,30.0,8.2,False
7067,20102111,2020,10,21,11,258.0,3.0,153.0,37.0,12.0,-17.9,30.0,10.3,False
7068,20102112,2020,10,21,12,290.0,1.0,121.0,31.0,14.0,-16.1,30.0,10.2,False
7069,20102113,2020,10,21,13,348.0,1.0,121.0,28.0,14.0,-15.8,30.0,10.6,False
7070,20102114,2020,10,21,14,302.0,2.0,101.0,25.0,11.0,-17.4,30.0,12.2,False
7071,20102115,2020,10,21,15,230.0,2.0,7.0,7.0,11.0,-16.2,30.0,13.8,False
7072,20102116,2020,10,21,16,236.0,3.0,11.0,8.0,10.0,-17.0,30.0,14.2,False
7073,20102117,2020,10,21,17,208.0,2.0,93.0,23.0,7.0,-20.9,30.0,14.5,False
7074,20102118,2020,10,21,18,228.0,1.0,118.0,23.0,6.0,-22.9,30.0,14.2,False
7075,20102119,2020,10,21,19,228.0,1.0,118.0,23.0,6.0,-22.9,30.0,14.2,False
7076,20102120,2020,10,21,20,113.0,1.0,28.0,25.0,19.0,-15.2,30.0,6.8,False
7077,20102121,2020,10,21,21,90.0,3.0,34.0,26.0,18.0,-15.6,30.0,7.1,False
7078,20102122,2020,10,21,22,108.0,3.0,29.0,22.0,18.0,-16.1,30.0,6.5,False
7079,20102123,2020,10,21,23,99.0,2.0,22.0,16.0,16.0,-17.1,30.0,7.0,False
7080,20102200,2020,10,22,0,106.0,3.0,17.0,12.0,14.0,-18.3,30.0,7.5,False
7081,20102201,2020,10,22,1,115.0,3.0,231.0,64.0,15.0,-18.0,30.0,6.8,False
7082,20102202,2020,10,22,2,116.0,3.0,13.0,9.0,15.0,-18.4,30.0,6.4,False
7083,20102203,2020,10,22,3,118.0,2.0,13.0,9.0,18.0,-17.4,30.0,4.9,False
7084,20102204,2020,10,22,4,138.0,1.0,14.0,8.0,20.0,-16.7,30.0,4.3,False
7085,20102205,2020,10,22,5,132.0,5.0,17.0,8.0,22.0,-16.1,30.0,3.7,False
7086,20102206,2020,10,22,6,99.0,3.0,19.0,10.0,18.0,-17.4,30.0,4.9,False
7087,20102207,2020,10,22,7,99.0,3.0,19.0,10.0,18.0,-17.4,30.0,4.9,False
7088,20102208,2020,10,22,8,121.0,1.0,21.0,11.0,23.0,-15.9,30.0,3.2,False
7089,20102209,2020,10,22,9,146.0,2.0,199.0,50.0,23.0,-16.0,30.0,3.1,False
7090,20102210,2020,10,22,10,126.0,1.0,177.0,50.0,16.0,-16.1,30.0,8.3,False
7091,20102211,2020,10,22,11,152.0,1.0,189.0,49.0,12.0,-17.3,30.0,11.0,False
7092,20102212,2020,10,22,12,29.0,2.0,171.0,46.0,12.0,-17.4,26.9,10.9,False
7093,20102213,2020,10,22,13,339.0,3.0,130.0,38.0,10.0,-18.0,30.0,12.9,False
7094,20102214,2020,10,22,14,225.0,2.0,113.0,34.0,12.0,-16.0,30.0,12.7,False
7095,20102215,2020,10,22,15,354.0,1.0,11.0,10.0,12.0,-15.2,30.0,13.7,False
7096,20102216,2020,10,22,16,3.0,2.0,19.0,12.0,12.0,-14.9,30.0,14.1,False
7097,20102217,2020,10,22,17,209.0,5.0,120.0,32.0,15.0,-12.1,30.0,14.1,False
7098,20102218,2020,10,22,18,226.0,3.0,30.0,15.0,16.0,-12.1,30.0,13.2,False
7099,20102219,2020,10,22,19,225.0,3.0,40.0,23.0,22.0,-11.2,30.0,9.5,False
7100,20102220,2020,10,22,20,130.0,1.0,44.0,32.0,26.0,-10.7,22.1,7.6,False
7101,20102221,2020,10,22,21,99.0,2.0,44.0,28.0,27.0,-10.5,30.0,7.2,False
7102,20102222,2020,10,22,22,84.0,2.0,43.0,25.0,28.0,-10.5,30.0,6.7,False
7103,20102223,2020,10,22,23,103.0,1.0,37.0,27.0,29.0,-11.0,30.0,5.7,False
7104,20102300,2020,10,23,0,127.0,3.0,33.0,32.0,33.0,-10.4,30.0,4.5,False
7105,20102301,2020,10,23,1,115.0,3.0,32.0,30.0,31.0,-10.5,30.0,5.2,False
7106,20102302,2020,10,23,2,106.0,1.0,34.0,26.0,32.0,-10.7,30.0,4.6,False
7107,20102303,2020,10,23,3,104.0,2.0,35.0,23.0,34.0,-10.8,30.0,3.6,False
7108,20102304,2020,10,23,4,83.0,2.0,35.0,20.0,31.0,-11.2,30.0,4.5,False
7109,20102305,2020,10,23,5,105.0,2.0,35.0,20.0,32.0,-11.6,30.0,3.5,False
7110,20102306,2020,10,23,6,96.0,2.0,19.0,10.0,29.0,-12.3,30.0,4.1,False
7111,20102307,2020,10,23,7,96.0,2.0,19.0,10.0,29.0,-12.3,30.0,4.1,False
7112,20102308,2020,10,23,8,105.0,2.0,32.0,17.0,36.0,-11.1,30.0,2.4,False
7113,20102309,2020,10,23,9,88.0,2.0,31.0,16.0,32.0,-11.6,30.0,3.6,False
7114,20102310,2020,10,23,10,88.0,2.0,33.0,15.0,28.0,-11.0,30.0,6.2,False
7115,20102311,2020,10,23,11,334.0,0.0,32.0,14.0,20.0,-12.8,30.0,9.0,False
7116,20102312,2020,10,23,12,330.0,1.0,26.0,14.0,18.0,-13.8,30.0,9.3,False
7117,20102313,2020,10,23,13,338.0,2.0,24.0,16.0,19.0,-12.5,30.0,10.1,False
7118,20102314,2020,10,23,14,338.0,2.0,26.0,18.0,17.0,-13.4,30.0,10.7,False
7119,20102315,2020,10,23,15,281.0,2.0,30.0,18.0,17.0,-13.4,30.0,10.6,False
7120,20102316,2020,10,23,16,291.0,3.0,45.0,21.0,17.0,-13.1,30.0,11.0,False
7121,20102317,2020,10,23,17,331.0,3.0,54.0,25.0,16.0,-14.2,30.0,10.6,False
7122,20102318,2020,10,23,18,224.0,4.0,67.0,31.0,19.0,-13.1,26.9,9.3,False
7123,20102319,2020,10,23,19,185.0,3.0,79.0,38.0,25.0,-12.5,25.6,6.1,False
7124,20102320,2020,10,23,20,139.0,3.0,78.0,39.0,28.0,-11.8,24.9,5.2,False
7125,20102321,2020,10,23,21,97.0,2.0,71.0,36.0,29.0,-11.5,27.5,5.1,False
7126,20102322,2020,10,23,22,81.0,2.0,63.0,32.0,30.0,-11.3,28.2,4.8,False
7127,20102323,2020,10,23,23,87.0,2.0,55.0,28.0,30.0,-11.5,29.1,4.6,False
7128,20102400,2020,10,24,0,99.0,1.0,52.0,26.0,33.0,-11.3,30.0,3.4,False
7129,20102401,2020,10,24,1,148.0,2.0,53.0,27.0,37.0,-10.7,30.0,2.5,False
7130,20102402,2020,10,24,2,129.0,3.0,189.0,141.0,38.0,-10.7,30.0,2.1,False
7131,20102403,2020,10,24,3,151.0,4.0,61.0,34.0,35.0,-11.2,29.5,2.7,False
7132,20102404,2020,10,24,4,148.0,4.0,70.0,38.0,35.0,-11.1,29.6,2.8,False
7133,20102405,2020,10,24,5,190.0,3.0,88.0,44.0,41.0,-10.5,30.0,1.3,False
7134,20102406,2020,10,24,6,156.0,3.0,102.0,48.0,34.0,-12.0,30.0,2.2,False
7135,20102407,2020,10,24,7,156.0,3.0,102.0,48.0,34.0,-12.0,30.0,2.2,False
7136,20102408,2020,10,24,8,0.0,0.0,92.0,44.0,49.0,-8.7,30.0,0.8,False
7137,20102409,2020,10,24,9,275.0,2.0,83.0,40.0,63.0,-5.4,30.0,0.8,False
7138,20102410,2020,10,24,10,310.0,2.0,72.0,36.0,75.0,-3.1,30.0,0.8,False
7139,20102411,2020,10,24,11,317.0,1.0,58.0,32.0,88.0,-2.6,30.0,-0.9,False
7140,20102412,2020,10,24,12,299.0,1.0,44.0,26.0,95.0,-1.9,2.9,-1.2,False
7141,20102413,2020,10,24,13,309.0,2.0,34.0,21.0,97.0,-1.2,0.4,-0.8,False
7142,20102414,2020,10,24,14,299.0,3.0,26.0,18.0,98.0,-1.1,0.3,-0.8,False
7143,20102415,2020,10,24,15,311.0,4.0,21.0,13.0,99.0,-0.8,0.5,-0.7,False
7144,20102416,2020,10,24,16,328.0,4.0,16.0,10.0,97.0,-0.4,30.0,0.0,False
7145,20102417,2020,10,24,17,343.0,3.0,14.0,10.0,85.0,-1.9,30.0,0.3,False
7146,20102418,2020,10,24,18,328.0,4.0,15.0,12.0,92.0,-1.0,30.0,0.1,False
7147,20102419,2020,10,24,19,332.0,3.0,15.0,12.0,89.0,-1.8,30.0,-0.2,False
7148,20102420,2020,10,24,20,291.0,2.0,14.0,11.0,94.0,-1.1,4.9,-0.3,False
7149,20102421,2020,10,24,21,287.0,4.0,13.0,9.0,99.0,-0.9,0.1,-0.8,False
7150,20102422,2020,10,24,22,289.0,3.0,11.0,8.0,99.0,-1.2,0.1,-1.1,False
7151,20102423,2020,10,24,23,284.0,6.0,11.0,7.0,100.0,-1.1,0.2,-1.1,False
7152,20102500,2020,10,25,0,312.0,6.0,9.0,6.0,100.0,-1.7,0.4,-1.7,False
7153,20102501,2020,10,25,1,313.0,4.0,8.0,6.0,99.0,-2.4,0.0,-2.3,False
7154,20102502,2020,10,25,2,0.0,0.0,8.0,7.0,99.0,-2.7,0.1,-2.6,False
7155,20102503,2020,10,25,3,0.0,0.0,7.0,5.0,98.0,-2.9,30.0,-2.6,False
7156,20102504,2020,10,25,4,0.0,0.0,6.0,5.0,97.0,-3.7,30.0,-3.3,False
7157,20102505,2020,10,25,5,0.0,0.0,5.0,4.0,97.0,-3.9,30.0,-3.5,False
7158,20102506,2020,10,25,6,0.0,0.0,4.0,3.0,96.0,-4.3,30.0,-3.8,False
7159,20102507,2020,10,25,7,0.0,0.0,102.0,48.0,96.0,-4.6,30.0,-4.1,False
7160,20102508,2020,10,25,8,0.0,0.0,5.0,3.0,94.0,-5.0,30.0,-4.2,False
7161,20102509,2020,10,25,9,0.0,0.0,24.0,23.0,93.0,-5.4,30.0,-4.4,False
7162,20102510,2020,10,25,10,0.0,0.0,51.0,20.0,90.0,-4.7,30.0,-3.3,False
7163,20102511,2020,10,25,11,0.0,0.0,30.0,23.0,85.0,-4.7,30.0,-2.5,False
7164,20102512,2020,10,25,12,250.0,0.0,4.0,4.0,72.0,-5.9,30.0,-1.5,False
7165,20102513,2020,10,25,13,258.0,2.0,34.0,15.0,72.0,-5.6,30.0,-1.2,False
7166,20102514,2020,10,25,14,290.0,3.0,18.0,12.0,67.0,-5.8,30.0,-0.4,False
7167,20102515,2020,10,25,15,312.0,3.0,15.0,10.0,65.0,-5.9,30.0,-0.1,False
7168,20102516,2020,10,25,16,282.0,2.0,20.0,9.0,58.0,-7.2,30.0,0.1,False
7169,20102517,2020,10,25,17,5.0,2.0,16.0,9.0,55.0,-7.5,30.0,0.5,False
7170,20102518,2020,10,25,18,319.0,3.0,21.0,9.0,50.0,-9.3,30.0,-0.1,False
7171,20102519,2020,10,25,19,352.0,2.0,28.0,9.0,57.0,-8.6,30.0,-1.2,False
7172,20102520,2020,10,25,20,17.0,1.0,31.0,30.0,65.0,-8.5,30.0,-2.8,False
7173,20102521,2020,10,25,21,95.0,1.0,27.0,21.0,66.0,-8.7,30.0,-3.3,False
7174,20102522,2020,10,25,22,128.0,1.0,23.0,15.0,68.0,-9.1,30.0,-4.1,False
7175,20102523,2020,10,25,23,144.0,1.0,19.0,11.0,70.0,-8.9,30.0,-4.3,False
7176,20102600,2020,10,26,0,160.0,1.0,14.0,7.0,72.0,-9.0,25.9,-4.7,False
7177,20102601,2020,10,26,1,118.0,1.0,10.0,4.0,42.0,-14.8,30.0,-3.8,False
7178,20102602,2020,10,26,2,99.0,1.0,5.0,3.0,31.0,-18.5,30.0,-3.8,False
7179,20102603,2020,10,26,3,96.0,2.0,2.0,2.0,32.0,-18.6,30.0,-4.4,False
7180,20102604,2020,10,26,4,90.0,2.0,2.0,1.0,25.0,-21.3,30.0,-4.2,False
7181,20102605,2020,10,26,5,81.0,1.0,2.0,1.0,26.0,-21.1,30.0,-4.5,False
7182,20102606,2020,10,26,6,117.0,2.0,76.0,21.0,29.0,-19.9,30.0,-4.5,False
7183,20102607,2020,10,26,7,82.0,2.0,83.0,24.0,19.0,-23.7,30.0,-3.3,False
7184,20102608,2020,10,26,8,106.0,1.0,94.0,25.0,30.0,-19.8,30.0,-4.9,False
7185,20102609,2020,10,26,9,137.0,3.0,107.0,92.0,27.0,-20.4,30.0,-4.2,False
7186,20102610,2020,10,26,10,330.0,0.0,84.0,27.0,22.0,-19.4,30.0,-0.3,False
7187,20102611,2020,10,26,11,218.0,1.0,99.0,33.0,17.0,-21.2,30.0,1.2,False
7188,20102612,2020,10,26,12,287.0,2.0,90.0,35.0,10.0,-26.2,30.0,2.4,False
7189,20102613,2020,10,26,13,299.0,0.0,96.0,33.0,14.0,-22.1,30.0,2.8,False
7190,20102614,2020,10,26,14,339.0,3.0,64.0,28.0,22.0,-16.1,19.3,3.6,False
7191,20102615,2020,10,26,15,340.0,3.0,39.0,25.0,15.0,-19.5,30.0,5.0,False
7192,20102616,2020,10,26,16,351.0,2.0,30.0,22.0,13.0,-20.4,30.0,5.9,False
7193,20102617,2020,10,26,17,336.0,2.0,20.0,20.0,13.0,-20.7,30.0,5.6,False
7194,20102618,2020,10,26,18,359.0,1.0,23.0,18.0,15.0,-19.4,30.0,5.1,False
7195,20102619,2020,10,26,19,23.0,0.0,32.0,17.0,23.0,-16.4,30.0,2.7,False
7196,20102620,2020,10,26,20,138.0,3.0,39.0,18.0,37.0,-12.6,30.0,0.4,False
7197,20102621,2020,10,26,21,148.0,2.0,48.0,17.0,30.0,-15.2,30.0,0.4,False
7198,20102622,2020,10,26,22,68.0,1.0,36.0,17.0,24.0,-17.7,30.0,0.5,False
7199,20102623,2020,10,26,23,94.0,1.0,48.0,18.0,23.0,-18.1,30.0,0.7,False
7200,20102700,2020,10,27,0,94.0,2.0,56.0,18.0,22.0,-18.5,30.0,0.8,False
7201,20102701,2020,10,27,1,97.0,2.0,50.0,18.0,19.0,-20.0,30.0,1.1,False
7202,20102702,2020,10,27,2,87.0,3.0,69.0,19.0,17.0,-21.3,30.0,1.1,False
7203,20102703,2020,10,27,3,98.0,2.0,67.0,19.0,16.0,-21.5,30.0,1.6,False
7204,20102704,2020,10,27,4,107.0,3.0,64.0,19.0,14.0,-22.7,30.0,2.1,False
7205,20102705,2020,10,27,5,115.0,4.0,69.0,21.0,17.0,-20.8,30.0,1.6,False
7206,20102706,2020,10,27,6,111.0,3.0,76.0,21.0,16.0,-21.2,30.0,2.0,False
7207,20102707,2020,10,27,7,111.0,3.0,76.0,21.0,16.0,-21.2,30.0,2.0,False
7208,20102708,2020,10,27,8,108.0,3.0,85.0,26.0,20.0,-19.6,30.0,0.8,False
7209,20102709,2020,10,27,9,95.0,2.0,68.0,25.0,17.0,-20.8,30.0,1.7,False
7210,20102710,2020,10,27,10,94.0,1.0,4.0,4.0,14.0,-20.6,30.0,4.6,False
7211,20102711,2020,10,27,11,225.0,0.0,6.0,3.0,15.0,-18.0,30.0,6.8,False
7212,20102712,2020,10,27,12,217.0,1.0,2.0,1.0,19.0,-15.5,30.0,6.5,False
7213,20102713,2020,10,27,13,339.0,1.0,43.0,22.0,13.0,-20.2,30.0,6.2,False
7214,20102714,2020,10,27,14,10.0,2.0,44.0,22.0,12.0,-19.5,30.0,8.3,False
7215,20102715,2020,10,27,15,16.0,3.0,51.0,22.0,9.0,-22.5,30.0,8.6,False
7216,20102716,2020,10,27,16,354.0,2.0,12.0,8.0,11.0,-19.5,30.0,9.5,False
7217,20102717,2020,10,27,17,64.0,2.0,14.0,8.0,11.0,-19.5,30.0,9.5,False
7218,20102718,2020,10,27,18,83.0,3.0,16.0,11.0,14.0,-17.5,30.0,8.5,False
7219,20102719,2020,10,27,19,89.0,2.0,18.0,13.0,19.0,-15.6,30.0,6.3,False
7220,20102720,2020,10,27,20,88.0,2.0,17.0,12.0,27.0,-13.6,30.0,3.7,False
7221,20102721,2020,10,27,21,128.0,1.0,16.0,8.0,35.0,-12.3,30.0,1.5,False
7222,20102722,2020,10,27,22,119.0,3.0,12.0,5.0,28.0,-14.4,30.0,2.2,False
7223,20102723,2020,10,27,23,82.0,1.0,8.0,4.0,22.0,-17.3,30.0,2.2,False
7224,20102800,2020,10,28,0,112.0,0.0,6.0,3.0,24.0,-16.7,30.0,1.7,False
7225,20102801,2020,10,28,1,115.0,1.0,6.0,1.0,32.0,-14.0,30.0,0.8,False
7226,20102802,2020,10,28,2,105.0,3.0,5.0,1.0,26.0,-16.2,30.0,1.2,False
7227,20102803,2020,10,28,3,160.0,5.0,5.0,2.0,32.0,-14.6,30.0,0.2,False
7228,20102804,2020,10,28,4,101.0,0.0,4.0,2.0,27.0,-15.5,30.0,1.5,False
7229,20102805,2020,10,28,5,95.0,1.0,5.0,2.0,26.0,-16.0,30.0,1.4,False
7230,20102806,2020,10,28,6,151.0,0.0,4.0,2.0,35.0,-13.5,30.0,0.2,False
7231,20102807,2020,10,28,7,151.0,0.0,4.0,2.0,35.0,-13.5,30.0,0.2,False
7232,20102808,2020,10,28,8,132.0,1.0,5.0,3.0,42.0,-11.9,30.0,-0.6,False
7233,20102809,2020,10,28,9,1.0,2.0,6.0,2.0,33.0,-13.6,25.4,0.8,False
7234,20102810,2020,10,28,10,61.0,0.0,6.0,4.0,28.0,-13.7,30.0,3.0,False
7235,20102811,2020,10,28,11,326.0,0.0,6.0,5.0,24.0,-14.5,30.0,4.3,False
7236,20102812,2020,10,28,12,317.0,2.0,7.0,7.0,21.0,-14.8,30.0,5.9,False
7237,20102813,2020,10,28,13,326.0,1.0,103.0,46.0,21.0,-15.1,30.0,5.5,False
7238,20102814,2020,10,28,14,310.0,0.0,20.0,16.0,19.0,-14.9,30.0,7.2,False
7239,20102815,2020,10,28,15,327.0,2.0,32.0,22.0,17.0,-14.9,30.0,8.8,False
7240,20102816,2020,10,28,16,338.0,4.0,45.0,28.0,16.0,-15.2,30.0,9.4,False
7241,20102817,2020,10,28,17,327.0,3.0,56.0,30.0,17.0,-15.2,30.0,8.4,False
7242,20102818,2020,10,28,18,230.0,4.0,73.0,36.0,23.0,-13.2,30.0,6.4,False
7243,20102819,2020,10,28,19,193.0,3.0,86.0,43.0,32.0,-12.2,30.0,2.9,False
7244,20102820,2020,10,28,20,217.0,2.0,90.0,44.0,36.0,-11.9,30.0,1.6,False
7245,20102821,2020,10,28,21,148.0,2.0,81.0,42.0,39.0,-11.1,30.0,1.3,False
7246,20102822,2020,10,28,22,194.0,1.0,70.0,38.0,45.0,-10.3,30.0,0.2,False
7247,20102823,2020,10,28,23,143.0,1.0,60.0,33.0,48.0,-9.5,30.0,0.2,False
7248,20102900,2020,10,29,0,0.0,0.0,53.0,27.0,45.0,-10.0,30.0,0.6,False
7249,20102901,2020,10,29,1,133.0,2.0,50.0,27.0,44.0,-10.4,30.0,0.4,False
7250,20102902,2020,10,29,2,145.0,2.0,47.0,29.0,40.0,-10.9,30.0,1.2,False
7251,20102903,2020,10,29,3,275.0,2.0,51.0,31.0,39.0,-11.5,30.0,0.9,False
7252,20102904,2020,10,29,4,133.0,1.0,54.0,33.0,50.0,-9.9,30.0,-0.8,False
7253,20102905,2020,10,29,5,183.0,0.0,56.0,34.0,46.0,-11.2,30.0,-1.0,False
7254,20102906,2020,10,29,6,131.0,1.0,56.0,32.0,52.0,-10.5,30.0,-2.0,False
7255,20102907,2020,10,29,7,131.0,1.0,56.0,32.0,52.0,-10.5,30.0,-2.0,False
7256,20102908,2020,10,29,8,355.0,0.0,49.0,26.0,43.0,-11.6,30.0,-0.6,False
7257,20102909,2020,10,29,9,79.0,0.0,48.0,24.0,40.0,-11.7,30.0,0.3,False
7258,20102910,2020,10,29,10,327.0,1.0,50.0,25.0,41.0,-10.9,30.0,0.9,False
7259,20102911,2020,10,29,11,260.0,1.0,50.0,26.0,44.0,-9.4,30.0,1.5,False
7260,20102912,2020,10,29,12,239.0,0.0,39.0,23.0,61.0,-6.4,30.0,0.2,False
7261,20102913,2020,10,29,13,299.0,3.0,27.0,17.0,71.0,-5.0,30.0,-0.4,False
7262,20102914,2020,10,29,14,305.0,3.0,22.0,14.0,67.0,-7.1,30.0,-1.8,False
7263,20102915,2020,10,29,15,0.0,0.0,21.0,13.0,89.0,-4.4,4.7,-2.8,False
7264,20102916,2020,10,29,16,301.0,1.0,43.0,17.0,89.0,-3.7,30.0,-2.1,False
7265,20102917,2020,10,29,17,308.0,1.0,40.0,20.0,75.0,-5.1,30.0,-1.2,False
7266,20102918,2020,10,29,18,322.0,4.0,36.0,15.0,68.0,-6.7,30.0,-1.6,False
7267,20102919,2020,10,29,19,322.0,3.0,30.0,13.0,77.0,-5.7,30.0,-2.2,False
7268,20102920,2020,10,29,20,309.0,5.0,23.0,9.0,87.0,-4.6,30.0,-2.7,False
7269,20102921,2020,10,29,21,296.0,5.0,18.0,7.0,82.0,-6.2,30.0,-3.6,False
7270,20102922,2020,10,29,22,298.0,4.0,13.0,5.0,84.0,-6.2,30.0,-3.9,False
7271,20102923,2020,10,29,23,278.0,1.0,13.0,5.0,86.0,-6.3,30.0,-4.3,False
7272,20103000,2020,10,30,0,272.0,3.0,11.0,5.0,85.0,-6.5,30.0,-4.4,False
7273,20103001,2020,10,30,1,296.0,2.0,8.0,6.0,87.0,-6.4,30.0,-4.6,False
7274,20103002,2020,10,30,2,225.0,1.0,46.0,13.0,88.0,-6.6,21.6,-4.9,False
7275,20103003,2020,10,30,3,230.0,3.0,32.0,13.0,89.0,-6.3,30.0,-4.8,False
7276,20103004,2020,10,30,4,251.0,2.0,40.0,12.0,89.0,-6.5,30.0,-5.0,False
7277,20103005,2020,10,30,5,264.0,3.0,4.0,3.0,90.0,-6.8,30.0,-5.4,False
7278,20103006,2020,10,30,6,252.0,2.0,5.0,3.0,95.0,-6.4,7.7,-5.7,False
7279,20103007,2020,10,30,7,249.0,2.0,6.0,4.0,96.0,-6.3,6.4,-5.8,False
7280,20103008,2020,10,30,8,236.0,2.0,6.0,5.0,96.0,-6.4,0.3,-5.9,False
7281,20103009,2020,10,30,9,221.0,1.0,8.0,4.0,95.0,-6.6,0.4,-5.9,False
7282,20103010,2020,10,30,10,247.0,1.0,9.0,6.0,94.0,-6.5,5.0,-5.7,False
7283,20103011,2020,10,30,11,211.0,1.0,6.0,6.0,94.0,-6.3,2.9,-5.5,False
7284,20103012,2020,10,30,12,273.0,2.0,54.0,14.0,86.0,-7.0,30.0,-5.0,False
7285,20103013,2020,10,30,13,256.0,2.0,62.0,14.0,77.0,-7.5,30.0,-4.1,False
7286,20103014,2020,10,30,14,250.0,3.0,60.0,16.0,65.0,-8.2,30.0,-2.5,False
7287,20103015,2020,10,30,15,232.0,4.0,4.0,3.0,57.0,-9.6,30.0,-2.2,False
7288,20103016,2020,10,30,16,227.0,5.0,3.0,3.0,55.0,-9.2,30.0,-1.3,False
7289,20103017,2020,10,30,17,279.0,3.0,5.0,5.0,53.0,-9.6,30.0,-1.3,False
7290,20103018,2020,10,30,18,256.0,3.0,65.0,18.0,56.0,-9.5,30.0,-1.9,False
7291,20103019,2020,10,30,19,286.0,3.0,10.0,8.0,60.0,-9.9,30.0,-3.2,False
7292,20103020,2020,10,30,20,231.0,0.0,11.0,7.0,67.0,-9.8,30.0,-4.6,False
7293,20103021,2020,10,30,21,201.0,0.0,10.0,5.0,71.0,-9.2,30.0,-4.8,False
7294,20103022,2020,10,30,22,155.0,2.0,7.0,3.0,76.0,-9.1,30.0,-5.5,False
7295,20103023,2020,10,30,23,230.0,1.0,4.0,2.0,75.0,-9.0,30.0,-5.3,False
7296,20103100,2020,10,31,0,145.0,1.0,82.0,24.0,78.0,-8.5,30.0,-5.3,False
7297,20103101,2020,10,31,1,166.0,1.0,73.0,24.0,63.0,-9.3,30.0,-3.3,False
7298,20103102,2020,10,31,2,0.0,0.0,81.0,28.0,63.0,-9.4,30.0,-3.4,False
7299,20103103,2020,10,31,3,335.0,2.0,110.0,34.0,63.0,-9.4,30.0,-3.4,False
7300,20103104,2020,10,31,4,40.0,1.0,106.0,40.0,73.0,-8.5,30.0,-4.4,False
7301,20103105,2020,10,31,5,13.0,0.0,119.0,44.0,61.0,-10.3,30.0,-3.9,False
7302,20103106,2020,10,31,6,32.0,1.0,111.0,46.0,77.0,-9.2,30.0,-5.8,False
7303,20103107,2020,10,31,7,32.0,1.0,111.0,46.0,77.0,-9.2,30.0,-5.8,False
7304,20103108,2020,10,31,8,34.0,1.0,1.0,1.0,82.0,-8.7,30.0,-6.1,False
7305,20103109,2020,10,31,9,22.0,1.0,113.0,49.0,74.0,-8.7,30.0,-4.8,False
7306,20103110,2020,10,31,10,93.0,2.0,122.0,52.0,68.0,-8.1,30.0,-3.0,False
7307,20103111,2020,10,31,11,13.0,0.0,122.0,60.0,57.0,-8.7,30.0,-1.3,False
7308,20103112,2020,10,31,12,333.0,2.0,95.0,51.0,49.0,-9.6,30.0,-0.2,False
7309,20103113,2020,10,31,13,11.0,2.0,75.0,44.0,42.0,-10.8,30.0,0.6,False
7310,20103114,2020,10,31,14,320.0,3.0,58.0,31.0,36.0,-12.1,30.0,1.3,False
7311,20103115,2020,10,31,15,316.0,3.0,33.0,27.0,44.0,-10.0,30.0,0.9,False
7312,20103116,2020,10,31,16,304.0,3.0,6.0,5.0,49.0,-8.8,30.0,0.7,False
7313,20103117,2020,10,31,17,286.0,3.0,10.0,9.0,53.0,-7.5,30.0,1.0,False
7314,20103118,2020,10,31,18,279.0,3.0,49.0,21.0,55.0,-7.7,30.0,0.3,False
7315,20103119,2020,10,31,19,263.0,2.0,53.0,20.0,61.0,-8.7,30.0,-2.2,False
7316,20103120,2020,10,31,20,227.0,1.0,22.0,21.0,69.0,-8.4,30.0,-3.5,False
7317,20103121,2020,10,31,21,167.0,1.0,15.0,14.0,72.0,-8.7,30.0,-4.4,False
7318,20103122,2020,10,31,22,167.0,0.0,10.0,10.0,73.0,-8.7,30.0,-4.6,False
7319,20103123,2020,10,31,23,181.0,1.0,61.0,21.0,75.0,-8.6,30.0,-4.9,False
7320,20110100,2020,11,1,0,211.0,0.0,81.0,28.0,80.0,-8.8,30.0,-5.9,False
7321,20110101,2020,11,1,1,138.0,0.0,100.0,35.0,80.0,-8.5,30.0,-5.6,False
7322,20110102,2020,11,1,2,295.0,0.0,5.0,3.0,82.0,-8.5,30.0,-5.9,False
7323,20110103,2020,11,1,3,83.0,1.0,110.0,34.0,63.0,-9.3,30.0,-4.9,False
7324,20110104,2020,11,1,4,66.0,1.0,3.0,2.0,63.0,-10.3,30.0,-4.3,False
7325,20110105,2020,11,1,5,84.0,1.0,3.0,1.0,59.0,-11.2,30.0,-4.4,False
7326,20110106,2020,11,1,6,62.0,0.0,1.0,1.0,54.0,-12.2,30.0,-4.3,False
7327,20110107,2020,11,1,7,62.0,0.0,1.0,1.0,54.0,-12.2,30.0,-4.3,False
7328,20110108,2020,11,1,8,145.0,2.0,2.0,2.0,38.0,-15.4,30.0,-3.1,False
7329,20110109,2020,11,1,9,144.0,3.0,2.0,2.0,37.0,-15.6,30.0,-2.9,False
7330,20110110,2020,11,1,10,150.0,2.0,124.0,49.0,43.0,-11.7,30.0,-0.7,False
7331,20110111,2020,11,1,11,326.0,0.0,118.0,47.0,37.0,-12.6,30.0,0.4,False
7332,20110112,2020,11,1,12,249.0,1.0,89.0,44.0,31.0,-13.5,30.0,1.8,False
7333,20110113,2020,11,1,13,274.0,1.0,120.0,43.0,31.0,-13.1,30.0,2.3,False
7334,20110114,2020,11,1,14,268.0,2.0,92.0,32.0,35.0,-11.2,30.0,2.7,False
7335,20110115,2020,11,1,15,237.0,1.0,6.0,6.0,32.0,-11.3,30.0,3.9,False
7336,20110116,2020,11,1,16,256.0,1.0,5.0,5.0,30.0,-11.3,30.0,4.8,False
7337,20110117,2020,11,1,17,230.0,1.0,44.0,23.0,28.0,-11.9,30.0,5.1,False
7338,20110118,2020,11,1,18,221.0,1.0,44.0,22.0,30.0,-11.5,30.0,4.6,False
7339,20110119,2020,11,1,19,123.0,0.0,48.0,20.0,40.0,-10.8,16.2,1.3,False
7340,20110120,2020,11,1,20,82.0,2.0,50.0,19.0,42.0,-10.6,30.0,0.9,False
7341,20110121,2020,11,1,21,79.0,2.0,13.0,11.0,39.0,-12.0,30.0,0.3,False
7342,20110122,2020,11,1,22,119.0,1.0,12.0,11.0,44.0,-11.3,30.0,-0.6,False
7343,20110123,2020,11,1,23,84.0,2.0,10.0,9.0,28.0,-15.9,30.0,0.5,False
7344,20110200,2020,11,2,0,101.0,2.0,11.0,8.0,31.0,-14.5,30.0,0.7,False
7345,20110201,2020,11,2,1,97.0,1.0,13.0,8.0,28.0,-15.8,30.0,0.6,False
7346,20110202,2020,11,2,2,109.0,0.0,14.0,8.0,34.0,-14.7,30.0,-0.8,False
7347,20110203,2020,11,2,3,93.0,2.0,11.0,8.0,30.0,-15.5,30.0,0.0,False
7348,20110204,2020,11,2,4,92.0,3.0,10.0,8.0,29.0,-16.1,30.0,-0.2,False
7349,20110205,2020,11,2,5,75.0,4.0,7.0,6.0,27.0,-16.6,30.0,0.2,False
7350,20110206,2020,11,2,6,127.0,3.0,86.0,28.0,31.0,-16.0,30.0,-1.0,False
7351,20110207,2020,11,2,7,127.0,3.0,86.0,28.0,31.0,-16.0,30.0,-1.0,False
7352,20110208,2020,11,2,8,116.0,2.0,6.0,5.0,33.0,-15.6,30.0,-1.4,False
7353,20110209,2020,11,2,9,0.0,0.0,8.0,4.0,34.0,-15.9,30.0,-2.1,False
7354,20110210,2020,11,2,10,146.0,1.0,7.0,6.0,33.0,-13.3,30.0,1.2,False
7355,20110211,2020,11,2,11,0.0,0.0,6.0,6.0,23.0,-15.2,30.0,4.1,False
7356,20110212,2020,11,2,12,227.0,2.0,155.0,31.0,22.0,-15.5,30.0,4.4,False
7357,20110213,2020,11,2,13,309.0,1.0,6.0,6.0,24.0,-14.4,30.0,4.4,False
7358,20110214,2020,11,2,14,318.0,2.0,8.0,8.0,22.0,-15.0,30.0,4.9,False
7359,20110215,2020,11,2,15,325.0,3.0,13.0,10.0,24.0,-14.6,30.0,4.2,False
7360,20110216,2020,11,2,16,288.0,1.0,18.0,12.0,25.0,-14.0,30.0,4.3,False
7361,20110217,2020,11,2,17,310.0,2.0,21.0,12.0,25.0,-14.2,30.0,4.1,False
7362,20110218,2020,11,2,18,295.0,1.0,25.0,12.0,26.0,-14.0,30.0,3.7,False
7363,20110219,2020,11,2,19,0.0,0.0,26.0,12.0,33.0,-13.5,30.0,1.0,False
7364,20110220,2020,11,2,20,162.0,2.0,20.0,12.0,44.0,-11.3,30.0,-0.6,False
7365,20110221,2020,11,2,21,141.0,3.0,16.0,9.0,45.0,-11.2,30.0,-0.7,False
7366,20110222,2020,11,2,22,104.0,2.0,14.0,7.0,43.0,-11.6,30.0,-0.6,False
7367,20110223,2020,11,2,23,86.0,2.0,10.0,6.0,40.0,-12.6,30.0,-0.7,False
7368,20110300,2020,11,3,0,88.0,2.0,7.0,3.0,39.0,-13.2,30.0,-1.0,False
7369,20110301,2020,11,3,1,86.0,2.0,7.0,2.0,39.0,-13.2,30.0,-1.0,False
7370,20110302,2020,11,3,2,94.0,2.0,190.0,55.0,40.0,-13.2,30.0,-1.3,False
7371,20110303,2020,11,3,3,96.0,2.0,5.0,2.0,39.0,-13.4,30.0,-1.2,False
7372,20110304,2020,11,3,4,96.0,2.0,4.0,2.0,39.0,-13.6,30.0,-1.4,False
7373,20110305,2020,11,3,5,92.0,2.0,3.0,3.0,39.0,-13.7,30.0,-1.6,False
7374,20110306,2020,11,3,6,95.0,2.0,4.0,4.0,39.0,-13.8,30.0,-1.7,False
7375,20110307,2020,11,3,7,95.0,2.0,4.0,4.0,39.0,-13.8,30.0,-1.7,False
7376,20110308,2020,11,3,8,99.0,2.0,4.0,3.0,41.0,-13.6,30.0,-2.1,False
7377,20110309,2020,11,3,9,119.0,3.0,216.0,61.0,44.0,-13.3,30.0,-2.7,False
7378,20110310,2020,11,3,10,121.0,2.0,2.0,2.0,40.0,-12.1,30.0,-0.1,False
7379,20110311,2020,11,3,11,247.0,0.0,4.0,3.0,31.0,-12.6,30.0,2.9,False
7380,20110312,2020,11,3,12,261.0,1.0,167.0,71.0,33.0,-11.4,18.5,3.3,False
7381,20110313,2020,11,3,13,264.0,2.0,134.0,56.0,30.0,-12.1,30.0,3.9,False
7382,20110314,2020,11,3,14,234.0,3.0,88.0,46.0,28.0,-12.3,30.0,4.6,False
7383,20110315,2020,11,3,15,213.0,3.0,72.0,46.0,26.0,-12.6,30.0,5.4,False
7384,20110316,2020,11,3,16,234.0,3.0,80.0,44.0,25.0,-13.5,30.0,4.9,False
7385,20110317,2020,11,3,17,249.0,3.0,56.0,41.0,26.0,-12.9,20.6,5.0,False
7386,20110318,2020,11,3,18,255.0,3.0,10.0,10.0,29.0,-12.4,30.0,4.0,False
7387,20110319,2020,11,3,19,228.0,2.0,10.0,9.0,39.0,-11.9,30.0,0.4,False
7388,20110320,2020,11,3,20,168.0,3.0,9.0,6.0,47.0,-11.9,30.0,-2.1,False
7389,20110321,2020,11,3,21,171.0,4.0,8.0,6.0,43.0,-12.0,30.0,-1.0,False
7390,20110322,2020,11,3,22,169.0,4.0,9.0,4.0,43.0,-11.9,30.0,-0.9,False
7391,20110323,2020,11,3,23,177.0,4.0,8.0,5.0,40.0,-12.5,30.0,-0.6,False
7392,20110400,2020,11,4,0,165.0,5.0,7.0,4.0,40.0,-12.3,30.0,-0.4,False
7393,20110401,2020,11,4,1,172.0,4.0,4.0,1.0,41.0,-12.5,30.0,-0.9,False
7394,20110402,2020,11,4,2,167.0,4.0,244.0,86.0,43.0,-12.7,30.0,-1.8,False
7395,20110403,2020,11,4,3,165.0,5.0,5.0,1.0,40.0,-13.3,30.0,-1.5,False
7396,20110404,2020,11,4,4,177.0,4.0,4.0,2.0,38.0,-13.3,30.0,-0.8,False
7397,20110405,2020,11,4,5,187.0,3.0,4.0,3.0,40.0,-13.3,30.0,-1.5,False
7398,20110406,2020,11,4,6,197.0,3.0,258.0,88.0,43.0,-13.4,30.0,-2.5,False
7399,20110407,2020,11,4,7,197.0,3.0,258.0,88.0,43.0,-13.4,30.0,-2.5,False
7400,20110408,2020,11,4,8,180.0,3.0,266.0,81.0,49.0,-11.3,30.0,-2.0,False
7401,20110409,2020,11,4,9,185.0,4.0,200.0,74.0,52.0,-10.4,30.0,-1.9,False
7402,20110410,2020,11,4,10,190.0,4.0,150.0,72.0,53.0,-9.6,30.0,-1.2,False
7403,20110411,2020,11,4,11,227.0,5.0,6.0,6.0,50.0,-9.5,30.0,-0.3,False
7404,20110412,2020,11,4,12,255.0,6.0,123.0,63.0,56.0,-8.7,30.0,-1.0,False
7405,20110413,2020,11,4,13,252.0,6.0,95.0,63.0,90.0,-4.2,4.7,-2.8,False
7406,20110414,2020,11,4,14,206.0,4.0,6.0,6.0,96.0,-3.2,5.5,-2.7,False
7407,20110415,2020,11,4,15,253.0,6.0,14.0,11.0,95.0,-3.1,12.5,-2.4,False
7408,20110416,2020,11,4,16,252.0,6.0,22.0,15.0,83.0,-4.2,29.0,-1.7,False
7409,20110417,2020,11,4,17,253.0,7.0,27.0,16.0,74.0,-5.0,30.0,-1.0,False
7410,20110418,2020,11,4,18,265.0,5.0,28.0,14.0,91.0,-4.0,11.5,-2.7,False
7411,20110419,2020,11,4,19,293.0,5.0,10.0,9.0,39.0,-4.5,13.5,-4.0,False
7412,20110420,2020,11,4,20,295.0,3.0,23.0,22.0,95.0,-5.8,0.1,-5.1,False
7413,20110421,2020,11,4,21,296.0,3.0,23.0,20.0,94.0,-6.8,0.2,-6.0,False
7414,20110422,2020,11,4,22,312.0,3.0,24.0,18.0,93.0,-7.7,0.1,-6.8,False
7415,20110423,2020,11,4,23,311.0,3.0,25.0,18.0,92.0,-8.4,0.1,-7.3,False
7416,20110500,2020,11,5,0,84.0,0.0,30.0,18.0,91.0,-9.2,9.0,-8.0,False
7417,20110501,2020,11,5,1,259.0,2.0,36.0,20.0,90.0,-10.0,30.0,-8.7,False
7418,20110502,2020,11,5,2,292.0,1.0,38.0,21.0,89.0,-11.0,30.0,-9.5,False
7419,20110503,2020,11,5,3,300.0,1.0,37.0,22.0,90.0,-10.8,1.4,-9.5,False
7420,20110504,2020,11,5,4,269.0,1.0,36.0,22.0,89.0,-11.7,1.3,-10.2,False
7421,20110505,2020,11,5,5,343.0,2.0,30.0,20.0,89.0,-11.5,7.4,-10.0,False
7422,20110506,2020,11,5,6,312.0,1.0,24.0,18.0,87.0,-13.0,30.0,-11.3,False
7423,20110507,2020,11,5,7,312.0,1.0,24.0,18.0,87.0,-13.0,30.0,-11.3,False
7424,20110508,2020,11,5,8,5.0,1.0,13.0,11.0,89.0,-11.7,30.0,-10.2,False
7425,20110509,2020,11,5,9,333.0,1.0,9.0,6.0,89.0,-11.3,9.4,-9.8,False
7426,20110510,2020,11,5,10,25.0,0.0,6.0,1.0,90.0,-10.5,7.5,-9.2,False
7427,20110511,2020,11,5,11,349.0,1.0,34.0,14.0,90.0,-9.8,10.0,-8.5,False
7428,20110512,2020,11,5,12,62.0,0.0,45.0,15.0,90.0,-9.0,7.3,-7.6,False
7429,20110513,2020,11,5,13,44.0,2.0,58.0,13.0,86.0,-9.0,25.3,-7.1,False
7430,20110514,2020,11,5,14,341.0,2.0,72.0,13.0,61.0,-12.3,30.0,-6.0,False
7431,20110515,2020,11,5,15,11.0,2.0,5.0,3.0,56.0,-12.8,30.0,-5.4,False
7432,20110516,2020,11,5,16,332.0,0.0,4.0,3.0,69.0,-10.3,30.0,-5.5,False
7433,20110517,2020,11,5,17,306.0,2.0,43.0,12.0,67.0,-10.3,30.0,-5.1,False
7434,20110518,2020,11,5,18,244.0,1.0,45.0,12.0,61.0,-11.3,30.0,-4.9,False
7435,20110519,2020,11,5,19,187.0,1.0,53.0,12.0,67.0,-11.4,30.0,-6.3,False
7436,20110520,2020,11,5,20,235.0,1.0,50.0,13.0,49.0,-14.5,30.0,-5.5,False
7437,20110521,2020,11,5,21,156.0,2.0,62.0,13.0,51.0,-13.6,30.0,-5.0,False
7438,20110522,2020,11,5,22,289.0,1.0,54.0,14.0,38.0,-16.0,30.0,-3.7,False
7439,20110523,2020,11,5,23,218.0,1.0,74.0,14.0,24.0,-20.8,30.0,-3.1,False
7440,20110600,2020,11,6,0,246.0,1.0,77.0,15.0,24.0,-21.9,30.0,-4.3,False
7441,20110601,2020,11,6,1,208.0,1.0,77.0,18.0,21.0,-23.0,30.0,-3.9,False
7442,20110602,2020,11,6,2,144.0,3.0,109.0,18.0,30.0,-19.0,30.0,-4.0,False
7443,20110603,2020,11,6,3,39.0,0.0,1.0,1.0,48.0,-12.5,30.0,-3.0,False
7444,20110604,2020,11,6,4,74.0,1.0,105.0,20.0,47.0,-12.7,30.0,-3.0,False
7445,20110605,2020,11,6,5,328.0,1.0,1.0,1.0,43.0,-13.5,30.0,-2.7,False
7446,20110606,2020,11,6,6,76.0,4.0,174.0,29.0,32.0,-16.3,30.0,-1.8,False
7447,20110607,2020,11,6,7,76.0,4.0,174.0,29.0,32.0,-16.3,30.0,-1.8,False
7448,20110608,2020,11,6,8,85.0,2.0,4.0,4.0,40.0,-13.6,30.0,-1.8,False
7449,20110609,2020,11,6,9,90.0,1.0,101.0,29.0,49.0,-10.7,30.0,-1.4,False
7450,20110610,2020,11,6,10,101.0,0.0,6.0,4.0,44.0,-10.7,30.0,0.1,False
7451,20110611,2020,11,6,11,0.0,0.0,6.0,4.0,27.0,-14.3,30.0,2.9,False
7452,20110612,2020,11,6,12,328.0,2.0,142.0,36.0,22.0,-16.6,30.0,3.1,False
7453,20110613,2020,11,6,13,328.0,1.0,130.0,36.0,19.0,-17.0,30.0,4.7,False
7454,20110614,2020,11,6,14,341.0,2.0,72.0,13.0,61.0,-12.3,30.0,-6.0,False
7455,20110615,2020,11,6,15,13.0,0.0,124.0,33.0,14.0,-20.4,30.0,4.9,False
7456,20110616,2020,11,6,16,321.0,0.0,73.0,31.0,19.0,-16.6,30.0,5.1,False
7457,20110617,2020,11,6,17,24.0,1.0,10.0,8.0,26.0,-12.1,30.0,5.9,False
7458,20110618,2020,11,6,18,48.0,1.0,14.0,8.0,32.0,-10.6,30.0,4.7,False
7459,20110619,2020,11,6,19,60.0,1.0,15.0,7.0,36.0,-10.1,30.0,3.6,False
7460,20110620,2020,11,6,20,79.0,1.0,14.0,7.0,44.0,-8.1,30.0,2.9,False
7461,20110621,2020,11,6,21,101.0,1.0,14.0,8.0,42.0,-8.6,30.0,3.1,False
7462,20110622,2020,11,6,22,94.0,1.0,14.0,8.0,50.0,-6.7,30.0,2.7,False
7463,20110623,2020,11,6,23,84.0,2.0,11.0,9.0,50.0,-7.0,30.0,2.4,False
7464,20110700,2020,11,7,0,79.0,2.0,10.0,8.0,47.0,-7.8,30.0,2.4,False
7465,20110701,2020,11,7,1,85.0,1.0,94.0,31.0,46.0,-8.2,30.0,2.2,False
7466,20110702,2020,11,7,2,80.0,2.0,12.0,6.0,50.0,-7.4,30.0,1.9,False
7467,20110703,2020,11,7,3,72.0,1.0,10.0,7.0,54.0,-6.7,30.0,1.6,False
7468,20110704,2020,11,7,4,80.0,2.0,9.0,6.0,53.0,-6.9,30.0,1.6,False
7469,20110705,2020,11,7,5,101.0,2.0,9.0,8.0,56.0,-6.4,30.0,1.4,False
7470,20110706,2020,11,7,6,103.0,2.0,8.0,8.0,53.0,-6.6,30.0,2.0,False
7471,20110707,2020,11,7,7,103.0,2.0,8.0,8.0,53.0,-6.6,30.0,2.0,False
7472,20110708,2020,11,7,8,92.0,2.0,8.0,8.0,48.0,-7.9,30.0,1.9,False
7473,20110709,2020,11,7,9,104.0,2.0,7.0,7.0,46.0,-8.6,30.0,1.8,False
7474,20110710,2020,11,7,10,97.0,2.0,141.0,48.0,47.0,-6.3,30.0,4.0,False
7475,20110711,2020,11,7,11,97.0,2.0,141.0,48.0,47.0,-6.3,30.0,4.0,False
7476,20110712,2020,11,7,12,97.0,2.0,141.0,48.0,47.0,-6.3,30.0,4.0,False
7477,20110713,2020,11,7,13,328.0,1.0,130.0,36.0,19.0,-17.0,30.0,4.7,False
7478,20110714,2020,11,7,14,336.0,2.0,92.0,41.0,28.0,-11.4,30.0,5.7,False
7479,20110715,2020,11,7,15,13.0,0.0,124.0,33.0,14.0,-20.4,30.0,4.9,False
7480,20110716,2020,11,7,16,321.0,0.0,73.0,31.0,19.0,-16.6,30.0,5.1,False
7481,20110717,2020,11,7,17,24.0,1.0,10.0,8.0,26.0,-12.1,30.0,5.9,False
7482,20110718,2020,11,7,18,48.0,1.0,14.0,8.0,32.0,-10.6,30.0,4.7,False
7483,20110719,2020,11,7,19,60.0,1.0,15.0,7.0,36.0,-10.1,30.0,3.6,False
7484,20110720,2020,11,7,20,79.0,1.0,14.0,7.0,44.0,-8.1,30.0,2.9,False
7485,20110721,2020,11,7,21,101.0,1.0,14.0,8.0,42.0,-8.6,30.0,3.1,False
7486,20110722,2020,11,7,22,94.0,1.0,14.0,8.0,50.0,-6.7,30.0,2.7,False
7487,20110723,2020,11,7,23,92.0,2.0,18.0,10.0,50.0,-7.2,30.0,2.1,False
7488,20110800,2020,11,8,0,116.0,2.0,14.0,9.0,51.0,-7.3,30.0,1.7,False
7489,20110801,2020,11,8,1,131.0,2.0,14.0,7.0,52.0,-7.6,30.0,1.2,False
7490,20110802,2020,11,8,2,147.0,3.0,15.0,6.0,52.0,-7.5,30.0,1.3,False
7491,20110803,2020,11,8,3,178.0,2.0,13.0,4.0,61.0,-6.6,30.0,0.0,False
7492,20110804,2020,11,8,4,114.0,2.0,11.0,5.0,50.0,-8.3,30.0,0.9,False
7493,20110805,2020,11,8,5,103.0,2.0,9.0,5.0,50.0,-8.4,30.0,0.8,False
7494,20110806,2020,11,8,6,166.0,0.0,7.0,5.0,56.0,-8.1,30.0,-0.4,False
7495,20110807,2020,11,8,7,166.0,0.0,7.0,5.0,56.0,-8.1,30.0,-0.4,False
7496,20110808,2020,11,8,8,82.0,1.0,8.0,6.0,49.0,-8.9,30.0,0.6,False
7497,20110809,2020,11,8,9,83.0,2.0,10.0,6.0,47.0,-9.7,30.0,0.3,False
7498,20110810,2020,11,8,10,165.0,2.0,10.0,8.0,52.0,-8.3,30.0,0.4,False
7499,20110811,2020,11,8,11,244.0,1.0,220.0,112.0,49.0,-7.4,30.0,2.2,False
7500,20110812,2020,11,8,12,235.0,1.0,126.0,45.0,39.0,-9.0,30.0,3.7,False
7501,20110813,2020,11,8,13,296.0,2.0,95.0,41.0,31.0,-10.9,30.0,4.8,False
7502,20110814,2020,11,8,14,336.0,2.0,92.0,41.0,28.0,-11.4,30.0,5.7,False
7503,20110815,2020,11,8,15,8.0,5.0,96.0,39.0,26.0,-11.5,30.0,6.7,False
7504,20110816,2020,11,8,16,67.0,4.0,12.0,12.0,24.0,-12.0,30.0,7.2,False
7505,20110817,2020,11,8,17,59.0,3.0,11.0,8.0,23.0,-12.6,30.0,7.2,False
7506,20110818,2020,11,8,18,59.0,3.0,2.0,1.0,27.0,-11.4,30.0,6.2,False
7507,20110819,2020,11,8,19,60.0,0.0,3.0,2.0,30.0,-11.6,8.5,4.5,False
7508,20110820,2020,11,8,20,113.0,2.0,4.0,1.0,37.0,-11.2,30.0,2.0,False
7509,20110821,2020,11,8,21,109.0,2.0,5.0,1.0,40.0,-10.8,30.0,1.3,False
7510,20110822,2020,11,8,22,91.0,3.0,7.0,1.0,35.0,-11.9,30.0,2.0,False
7511,20110823,2020,11,8,23,107.0,2.0,126.0,37.0,33.0,-12.6,30.0,2.0,False
7512,20110900,2020,11,9,0,102.0,3.0,105.0,39.0,32.0,-13.2,30.0,1.7,False
7513,20110901,2020,11,9,1,84.0,3.0,132.0,43.0,29.0,-14.0,30.0,2.2,False
7514,20110902,2020,11,9,2,95.0,2.0,132.0,38.0,31.0,-13.4,30.0,2.0,False
7515,20110903,2020,11,9,3,113.0,2.0,1.0,1.0,30.0,-14.5,30.0,1.1,False
7516,20110904,2020,11,9,4,113.0,2.0,1.0,1.0,30.0,-14.5,30.0,1.1,False
7517,20110905,2020,11,9,5,113.0,2.0,1.0,1.0,30.0,-14.5,30.0,1.1,False
7518,20110906,2020,11,9,6,166.0,0.0,7.0,5.0,56.0,-8.1,30.0,-0.4,False
7519,20110907,2020,11,9,7,77.0,3.0,40.0,18.0,57.0,-7.8,30.0,-0.3,False
7520,20110908,2020,11,9,8,82.0,1.0,8.0,6.0,49.0,-8.9,30.0,0.6,False
7521,20110909,2020,11,9,9,83.0,2.0,10.0,6.0,47.0,-9.7,30.0,0.3,False
7522,20110910,2020,11,9,10,165.0,2.0,10.0,8.0,52.0,-8.3,30.0,0.4,False
7523,20110911,2020,11,9,11,244.0,1.0,220.0,112.0,49.0,-7.4,30.0,2.2,False
7524,20110912,2020,11,9,12,235.0,1.0,126.0,45.0,39.0,-9.0,30.0,3.7,False
7525,20110913,2020,11,9,13,296.0,2.0,95.0,41.0,31.0,-10.9,30.0,4.8,False
7526,20110914,2020,11,9,14,336.0,2.0,92.0,41.0,28.0,-11.4,30.0,5.7,False
7527,20110915,2020,11,9,15,8.0,5.0,96.0,39.0,26.0,-11.5,30.0,6.7,False
7528,20110916,2020,11,9,16,67.0,4.0,12.0,12.0,24.0,-12.0,30.0,7.2,False
7529,20110917,2020,11,9,17,59.0,3.0,11.0,8.0,23.0,-12.6,30.0,7.2,False
7530,20110918,2020,11,9,18,59.0,3.0,2.0,1.0,27.0,-11.4,30.0,6.2,False
7531,20110919,2020,11,9,19,60.0,0.0,3.0,2.0,30.0,-11.6,8.5,4.5,False
7532,20110920,2020,11,9,20,113.0,2.0,4.0,1.0,37.0,-11.2,30.0,2.0,False
7533,20110921,2020,11,9,21,109.0,2.0,5.0,1.0,40.0,-10.8,30.0,1.3,False
7534,20110922,2020,11,9,22,91.0,3.0,7.0,1.0,35.0,-11.9,30.0,2.0,False
7535,20110923,2020,11,9,23,107.0,2.0,126.0,37.0,33.0,-12.6,30.0,2.0,False
7536,20111000,2020,11,10,0,102.0,3.0,105.0,39.0,32.0,-13.2,30.0,1.7,False
7537,20111001,2020,11,10,1,112.0,3.0,64.0,28.0,81.0,-6.3,26.0,-3.5,False
7538,20111002,2020,11,10,2,338.0,1.0,58.0,27.0,90.0,-4.3,22.9,-2.9,False
7539,20111003,2020,11,10,3,62.0,1.0,57.0,27.0,93.0,-4.2,16.1,-3.2,False
7540,20111004,2020,11,10,4,59.0,2.0,54.0,23.0,76.0,-5.5,30.0,-1.8,False
7541,20111005,2020,11,10,5,41.0,1.0,49.0,22.0,63.0,-7.0,30.0,-0.8,False
7542,20111006,2020,11,10,6,71.0,2.0,44.0,18.0,63.0,-7.2,30.0,-1.1,False
7543,20111007,2020,11,10,7,77.0,3.0,40.0,18.0,57.0,-7.8,30.0,-0.3,False
7544,20111008,2020,11,10,8,49.0,1.0,41.0,17.0,55.0,-8.6,30.0,-0.7,False
7545,20111009,2020,11,10,9,55.0,2.0,36.0,16.0,53.0,-8.7,30.0,-0.3,False
7546,20111010,2020,11,10,10,16.0,2.0,31.0,16.0,53.0,-7.9,30.0,0.6,False
7547,20111011,2020,11,10,11,6.0,3.0,27.0,12.0,47.0,-7.9,30.0,2.3,False
7548,20111012,2020,11,10,12,15.0,3.0,22.0,12.0,46.0,-7.7,30.0,2.8,False
7549,20111013,2020,11,10,13,360.0,2.0,24.0,12.0,46.0,-7.2,30.0,3.3,False
7550,20111014,2020,11,10,14,338.0,2.0,25.0,10.0,44.0,-7.4,30.0,3.7,False
7551,20111015,2020,11,10,15,326.0,3.0,26.0,12.0,42.0,-7.6,30.0,4.2,False
7552,20111016,2020,11,10,16,350.0,2.0,33.0,14.0,41.0,-7.8,30.0,4.3,False
7553,20111017,2020,11,10,17,318.0,3.0,37.0,16.0,45.0,-7.7,30.0,3.1,False
7554,20111018,2020,11,10,18,340.0,1.0,37.0,13.0,48.0,-7.5,30.0,2.4,False
7555,20111019,2020,11,10,19,3.0,1.0,34.0,10.0,54.0,-7.4,30.0,0.9,False
7556,20111020,2020,11,10,20,87.0,1.0,30.0,9.0,59.0,-7.1,30.0,-0.1,False
7557,20111021,2020,11,10,21,171.0,2.0,26.0,9.0,54.0,-8.0,30.0,0.2,False
7558,20111022,2020,11,10,22,100.0,1.0,20.0,9.0,61.0,-7.7,30.0,-1.1,False
7559,20111023,2020,11,10,23,171.0,1.0,33.0,16.0,60.0,-7.4,30.0,-0.6,False
7560,20111100,2020,11,11,0,269.0,1.0,54.0,28.0,57.0,-8.1,30.0,-0.6,False
7561,20111101,2020,11,11,1,65.0,0.0,66.0,34.0,65.0,-7.5,30.0,-1.8,False
7562,20111102,2020,11,11,2,108.0,1.0,62.0,37.0,64.0,-8.2,30.0,-2.3,False
7563,20111103,2020,11,11,3,132.0,2.0,49.0,30.0,67.0,-7.4,30.0,-2.1,False
7564,20111104,2020,11,11,4,90.0,1.0,34.0,18.0,66.0,-7.3,30.0,-1.8,False
7565,20111105,2020,11,11,5,122.0,2.0,22.0,12.0,67.0,-7.7,30.0,-2.4,False
7566,20111106,2020,11,11,6,86.0,3.0,15.0,7.0,55.0,-10.1,30.0,-2.3,False
7567,20111107,2020,11,11,7,115.0,2.0,119.0,44.0,47.0,-12.1,30.0,-2.3,False
7568,20111108,2020,11,11,8,94.0,2.0,8.0,4.0,39.0,-13.7,30.0,-1.5,False
7569,20111109,2020,11,11,9,94.0,2.0,36.0,16.0,34.0,-15.1,30.0,-1.2,False
7570,20111110,2020,11,11,10,93.0,3.0,8.0,7.0,27.0,-15.7,30.0,1.2,False
7571,20111111,2020,11,11,11,76.0,1.0,8.0,6.0,28.0,-12.3,30.0,4.7,False
7572,20111112,2020,11,11,12,75.0,1.0,145.0,49.0,19.0,-14.7,30.0,7.4,False
7573,20111113,2020,11,11,13,240.0,1.0,121.0,36.0,27.0,-11.8,30.0,5.7,False
7574,20111114,2020,11,11,14,305.0,0.0,14.0,9.0,19.0,-14.0,30.0,8.3,False
7575,20111115,2020,11,11,15,251.0,2.0,20.0,11.0,16.0,-15.1,30.0,9.5,False
7576,20111116,2020,11,11,16,52.0,0.0,24.0,11.0,16.0,-15.2,30.0,9.3,False
7577,20111117,2020,11,11,17,81.0,2.0,90.0,35.0,19.0,-13.5,30.0,8.9,False
7578,20111118,2020,11,11,18,284.0,1.0,93.0,35.0,16.0,-15.9,30.0,8.5,False
7579,20111119,2020,11,11,19,89.0,2.0,90.0,35.0,24.0,-13.8,30.0,5.1,False
7580,20111120,2020,11,11,20,105.0,3.0,85.0,37.0,28.0,-13.0,30.0,3.8,False
7581,20111121,2020,11,11,21,132.0,3.0,17.0,1.0,30.0,-12.7,30.0,3.2,False
7582,20111122,2020,11,11,22,119.0,3.0,15.0,2.0,29.0,-13.5,30.0,2.8,False
7583,20111123,2020,11,11,23,108.0,2.0,12.0,3.0,26.0,-14.4,30.0,3.3,False
7584,20111200,2020,11,12,0,89.0,1.0,12.0,4.0,29.0,-14.0,30.0,2.2,False
7585,20111201,2020,11,12,1,86.0,1.0,11.0,4.0,27.0,-14.5,30.0,2.6,False
7586,20111202,2020,11,12,2,0.0,0.0,7.0,2.0,30.0,-14.2,30.0,1.5,False
7587,20111203,2020,11,12,3,101.0,2.0,99.0,37.0,30.0,-14.1,30.0,1.6,False
7588,20111204,2020,11,12,4,126.0,2.0,97.0,35.0,25.0,-14.9,30.0,3.3,False
7589,20111205,2020,11,12,5,72.0,3.0,96.0,34.0,25.0,-14.9,30.0,3.3,False
7590,20111206,2020,11,12,6,110.0,1.0,107.0,34.0,23.0,-16.0,30.0,3.1,False
7591,20111207,2020,11,12,7,124.0,5.0,125.0,34.0,24.0,-15.2,30.0,3.5,False
7592,20111208,2020,11,12,8,132.0,2.0,115.0,35.0,20.0,-16.8,30.0,4.2,False
7593,20111209,2020,11,12,9,102.0,1.0,2.0,1.0,22.0,-16.5,30.0,3.2,False
7594,20111210,2020,11,12,10,49.0,1.0,116.0,36.0,21.0,-15.9,30.0,4.5,False
7595,20111211,2020,11,12,11,122.0,1.0,7.0,2.0,21.0,-14.3,30.0,6.5,False
7596,20111212,2020,11,12,12,317.0,1.0,14.0,8.0,16.0,-16.2,30.0,8.1,False
7597,20111213,2020,11,12,13,317.0,2.0,18.0,12.0,19.0,-14.1,30.0,8.1,False
7598,20111214,2020,11,12,14,343.0,0.0,18.0,12.0,13.0,-17.6,30.0,9.5,False
7599,20111215,2020,11,12,15,248.0,2.0,16.0,9.0,12.0,-17.8,30.0,10.4,False
7600,20111216,2020,11,12,16,303.0,0.0,16.0,9.0,11.0,-18.0,30.0,11.4,False
7601,20111217,2020,11,12,17,291.0,0.0,75.0,27.0,11.0,-17.8,30.0,11.7,False
7602,20111218,2020,11,12,18,256.0,4.0,39.0,15.0,15.0,-16.0,30.0,9.3,False
7603,20111219,2020,11,12,19,235.0,2.0,49.0,20.0,21.0,-15.5,30.0,5.0,False
7604,20111220,2020,11,12,20,184.0,0.0,52.0,22.0,25.0,-15.0,30.0,3.1,False
7605,20111221,2020,11,12,21,91.0,1.0,48.0,22.0,26.0,-15.2,30.0,2.4,False
7606,20111222,2020,11,12,22,104.0,1.0,44.0,20.0,23.0,-16.0,30.0,3.1,False
7607,20111223,2020,11,12,23,96.0,2.0,40.0,19.0,27.0,-15.0,30.0,2.1,False
7608,20111300,2020,11,13,0,54.0,1.0,36.0,18.0,29.0,-14.6,30.0,1.5,False
7609,20111301,2020,11,13,1,76.0,3.0,32.0,17.0,29.0,-14.4,30.0,1.7,False
7610,20111302,2020,11,13,2,32.0,1.0,28.0,15.0,29.0,-15.0,30.0,1.1,False
7611,20111303,2020,11,13,3,120.0,1.0,28.0,16.0,37.0,-13.9,30.0,-1.1,False
7612,20111304,2020,11,13,4,0.0,0.0,28.0,16.0,37.0,-14.0,30.0,-1.2,False
7613,20111305,2020,11,13,5,109.0,2.0,29.0,15.0,42.0,-13.3,30.0,-2.1,False
7614,20111306,2020,11,13,6,124.0,0.0,31.0,14.0,45.0,-13.4,30.0,-3.1,False
7615,20111307,2020,11,13,7,120.0,1.0,36.0,17.0,37.0,-14.0,30.0,-1.2,False
7616,20111308,2020,11,13,8,93.0,1.0,40.0,19.0,43.0,-13.7,30.0,-2.9,False
7617,20111309,2020,11,13,9,90.0,0.0,41.0,22.0,43.0,-13.8,30.0,-3.0,False
7618,20111310,2020,11,13,10,175.0,4.0,41.0,25.0,53.0,-10.5,30.0,-2.2,False
7619,20111311,2020,11,13,11,172.0,7.0,44.0,26.0,43.0,-10.5,30.0,0.6,False
7620,20111312,2020,11,13,12,169.0,7.0,53.0,27.0,30.0,-12.3,30.0,3.7,False
7621,20111313,2020,11,13,13,230.0,6.0,56.0,26.0,46.0,-9.4,30.0,0.9,False
7622,20111314,2020,11,13,14,235.0,5.0,59.0,25.0,50.0,-8.3,30.0,1.0,False
7623,20111315,2020,11,13,15,230.0,4.0,60.0,22.0,49.0,-8.3,30.0,1.2,False
7624,20111316,2020,11,13,16,246.0,5.0,59.0,19.0,49.0,-8.5,30.0,1.0,False
7625,20111317,2020,11,13,17,221.0,2.0,58.0,22.0,50.0,-8.5,30.0,0.7,False
7626,20111318,2020,11,13,18,298.0,2.0,57.0,26.0,55.0,-8.7,30.0,-0.8,False
7627,20111319,2020,11,13,19,257.0,0.0,58.0,27.0,64.0,-8.5,30.0,-2.6,False
7628,20111320,2020,11,13,20,205.0,0.0,54.0,26.0,71.0,-7.9,30.0,-3.4,False
7629,20111321,2020,11,13,21,109.0,0.0,50.0,25.0,72.0,-7.9,29.6,-3.6,False
7630,20111322,2020,11,13,22,92.0,1.0,44.0,25.0,66.0,-8.5,30.0,-3.0,False
7631,20111323,2020,11,13,23,58.0,0.0,38.0,22.0,67.0,-8.7,30.0,-3.5,False
7632,20111400,2020,11,14,0,66.0,2.0,36.0,21.0,55.0,-10.3,30.0,-2.5,False
7633,20111401,2020,11,14,1,29.0,3.0,33.0,20.0,44.0,-11.3,30.0,-0.5,False
7634,20111402,2020,11,14,2,11.0,3.0,32.0,20.0,41.0,-11.6,30.0,0.1,False
7635,20111403,2020,11,14,3,20.0,5.0,35.0,22.0,42.0,-11.5,30.0,-0.1,False
7636,20111404,2020,11,14,4,21.0,4.0,36.0,23.0,39.0,-12.1,30.0,0.2,False
7637,20111405,2020,11,14,5,26.0,4.0,32.0,22.0,36.0,-13.1,30.0,0.2,False
7638,20111406,2020,11,14,6,360.0,4.0,34.0,21.0,36.0,-13.2,30.0,0.1,False
7639,20111407,2020,11,14,7,150.0,3.0,34.0,20.0,49.0,-11.0,30.0,-1.7,False
7640,20111408,2020,11,14,8,234.0,1.0,34.0,20.0,56.0,-11.1,30.0,-3.6,False
7641,20111409,2020,11,14,9,146.0,3.0,31.0,20.0,57.0,-10.3,30.0,-3.0,False
7642,20111410,2020,11,14,10,36.0,0.0,29.0,19.0,46.0,-10.7,30.0,-0.5,False
7643,20111411,2020,11,14,11,132.0,1.0,31.0,18.0,38.0,-10.3,26.5,2.6,False
7644,20111412,2020,11,14,12,316.0,3.0,30.0,16.0,41.0,-10.0,30.0,1.9,False
7645,20111413,2020,11,14,13,181.0,2.0,28.0,16.0,34.0,-9.8,30.0,4.7,False
7646,20111414,2020,11,14,14,221.0,4.0,29.0,18.0,33.0,-9.6,30.0,5.4,False
7647,20111415,2020,11,14,15,208.0,3.0,35.0,21.0,40.0,-8.4,30.0,4.0,False
7648,20111416,2020,11,14,16,213.0,2.0,46.0,29.0,36.0,-9.0,30.0,4.8,False
7649,20111417,2020,11,14,17,167.0,3.0,55.0,39.0,37.0,-9.1,30.0,4.3,False
7650,20111418,2020,11,14,18,187.0,2.0,84.0,47.0,39.0,-9.1,30.0,3.6,False
7651,20111419,2020,11,14,19,163.0,3.0,75.0,54.0,49.0,-9.5,13.8,-0.1,False
7652,20111420,2020,11,14,20,190.0,2.0,76.0,53.0,52.0,-8.6,24.0,0.1,False
7653,20111421,2020,11,14,21,131.0,1.0,74.0,58.0,46.0,-8.6,26.0,1.8,False
7654,20111422,2020,11,14,22,31.0,3.0,74.0,62.0,51.0,-8.3,27.6,0.7,False
7655,20111423,2020,11,14,23,0.0,0.0,71.0,61.0,52.0,-8.8,30.0,-0.1,False
7656,20111500,2020,11,15,0,118.0,2.0,60.0,53.0,57.0,-7.7,21.2,-0.2,False
7657,20111501,2020,11,15,1,324.0,0.0,54.0,47.0,59.0,-7.9,24.4,-0.9,False
7658,20111502,2020,11,15,2,125.0,2.0,71.0,20.0,66.0,-8.4,20.0,-2.9,False
7659,20111503,2020,11,15,3,1.0,1.0,50.0,46.0,62.0,-8.4,20.6,-2.1,False
7660,20111504,2020,11,15,4,91.0,2.0,48.0,45.0,54.0,-9.5,30.0,-1.4,False
7661,20111505,2020,11,15,5,160.0,1.0,48.0,44.0,57.0,-9.7,30.0,-2.3,False
7662,20111506,2020,11,15,6,69.0,1.0,47.0,42.0,58.0,-9.4,30.0,-2.3,False
7663,20111507,2020,11,15,7,69.0,1.0,47.0,42.0,58.0,-9.4,30.0,-2.3,False
7664,20111508,2020,11,15,8,86.0,2.0,39.0,31.0,64.0,-9.4,28.9,-3.6,False
7665,20111509,2020,11,15,9,151.0,2.0,33.0,24.0,68.0,-8.8,20.4,-3.8,False
7666,20111510,2020,11,15,10,197.0,1.0,28.0,21.0,72.0,-8.3,11.5,-4.0,False
7667,20111511,2020,11,15,11,210.0,0.0,28.0,24.0,88.0,-5.6,6.6,-3.9,False
7668,20111512,2020,11,15,12,249.0,1.0,25.0,22.0,81.0,-5.4,10.9,-2.6,False
7669,20111513,2020,11,15,13,231.0,3.0,26.0,21.0,69.0,-6.2,15.8,-1.2,False
7670,20111514,2020,11,15,14,243.0,3.0,25.0,18.0,64.0,-6.7,15.8,-0.7,False
7671,20111515,2020,11,15,15,247.0,4.0,20.0,15.0,66.0,-6.4,16.6,-0.9,False
7672,20111516,2020,11,15,16,257.0,3.0,18.0,13.0,72.0,-6.0,11.3,-1.6,False
7673,20111517,2020,11,15,17,283.0,4.0,16.0,11.0,83.0,-7.1,30.0,-4.7,False
7674,20111518,2020,11,15,18,284.0,3.0,85.0,61.0,91.0,-6.8,19.4,-5.6,False
7675,20111519,2020,11,15,19,286.0,3.0,10.0,5.0,94.0,-6.7,2.2,-5.9,False
7676,20111520,2020,11,15,20,281.0,1.0,7.0,4.0,95.0,-6.9,0.4,-6.2,False
7677,20111521,2020,11,15,21,277.0,2.0,6.0,4.0,96.0,-6.6,0.2,-6.1,False
7678,20111522,2020,11,15,22,277.0,1.0,5.0,5.0,95.0,-6.5,0.1,-5.8,False
7679,20111523,2020,11,15,23,311.0,2.0,5.0,5.0,94.0,-6.8,0.1,-6.0,False
7680,20111600,2020,11,16,0,324.0,2.0,6.0,5.0,94.0,-6.6,0.2,-5.8,False
7681,20111601,2020,11,16,1,316.0,3.0,75.0,34.0,94.0,-6.7,0.2,-5.9,False
7682,20111602,2020,11,16,2,0.0,0.0,84.0,36.0,94.0,-6.7,0.2,-5.9,False
7683,20111603,2020,11,16,3,1.0,1.0,50.0,46.0,62.0,-8.4,20.6,-2.1,False
7684,20111604,2020,11,16,4,0.0,0.0,16.0,11.0,94.0,-6.7,0.2,-5.9,False
7685,20111605,2020,11,16,5,0.0,0.0,18.0,12.0,93.0,-7.4,0.2,-6.5,False
7686,20111606,2020,11,16,6,0.0,0.0,18.0,10.0,93.0,-7.6,0.3,-6.7,False
7687,20111607,2020,11,16,7,0.0,0.0,16.0,9.0,92.0,-8.3,0.4,-7.2,False
7688,20111608,2020,11,16,8,0.0,0.0,14.0,8.0,92.0,-8.3,0.2,-7.2,False
7689,20111609,2020,11,16,9,0.0,0.0,13.0,9.0,92.0,-8.6,0.2,-7.5,False
7690,20111610,2020,11,16,10,0.0,0.0,13.0,10.0,92.0,-8.3,0.1,-7.2,False
7691,20111611,2020,11,16,11,0.0,0.0,16.0,14.0,93.0,-7.7,0.1,-6.8,False
7692,20111612,2020,11,16,12,0.0,0.0,20.0,16.0,94.0,-6.6,0.2,-5.8,False
7693,20111613,2020,11,16,13,0.0,0.0,26.0,20.0,94.0,-5.9,0.3,-5.1,False
7694,20111614,2020,11,16,14,0.0,0.0,29.0,22.0,95.0,-5.3,0.2,-4.6,False
7695,20111615,2020,11,16,15,0.0,0.0,31.0,24.0,95.0,-5.1,2.0,-4.4,False
7696,20111616,2020,11,16,16,356.0,2.0,32.0,23.0,95.0,-5.4,1.3,-4.7,False
7697,20111617,2020,11,16,17,322.0,2.0,30.0,25.0,95.0,-5.6,20.6,-4.9,False
7698,20111618,2020,11,16,18,324.0,1.0,28.0,28.0,94.0,-6.2,5.4,-5.4,False
7699,20111619,2020,11,16,19,35.0,1.0,32.0,30.0,93.0,-6.9,30.0,-6.0,False
7700,20111620,2020,11,16,20,32.0,1.0,36.0,30.0,92.0,-7.3,30.0,-6.2,False
7701,20111621,2020,11,16,21,23.0,2.0,35.0,29.0,91.0,-7.4,30.0,-6.2,False
7702,20111622,2020,11,16,22,63.0,1.0,31.0,24.0,83.0,-8.0,30.0,-5.6,False
7703,20111623,2020,11,16,23,299.0,0.0,30.0,22.0,80.0,-8.6,30.0,-5.7,False
7704,20111700,2020,11,17,0,0.0,0.0,27.0,20.0,72.0,-9.6,30.0,-5.4,False
7705,20111701,2020,11,17,1,311.0,1.0,25.0,18.0,75.0,-9.5,30.0,-5.8,False
7706,20111702,2020,11,17,2,24.0,2.0,24.0,18.0,72.0,-10.5,30.0,-6.3,False
7707,20111703,2020,11,17,3,44.0,1.0,21.0,16.0,64.0,-12.1,30.0,-6.4,False
7708,20111704,2020,11,17,4,41.0,2.0,13.0,11.0,65.0,-12.0,30.0,-6.5,False
7709,20111705,2020,11,17,5,43.0,2.0,9.0,7.0,69.0,-11.4,30.0,-6.7,False
7710,20111706,2020,11,17,6,75.0,2.0,7.0,4.0,67.0,-11.3,30.0,-6.2,False
7711,20111707,2020,11,17,7,81.0,1.0,6.0,3.0,64.0,-12.3,30.0,-6.6,False
7712,20111708,2020,11,17,8,43.0,1.0,7.0,4.0,74.0,-10.7,30.0,-6.8,False
7713,20111709,2020,11,17,9,359.0,2.0,11.0,10.0,78.0,-10.5,30.0,-7.3,False
7714,20111710,2020,11,17,10,94.0,0.0,16.0,16.0,75.0,-9.6,30.0,-5.9,False
7715,20111711,2020,11,17,11,331.0,2.0,19.0,18.0,87.0,-7.5,30.0,-5.7,False
7716,20111712,2020,11,17,12,340.0,2.0,22.0,19.0,94.0,-7.8,0.1,-7.0,False
7717,20111713,2020,11,17,13,334.0,2.0,24.0,20.0,95.0,-7.4,0.1,-6.7,False
7718,20111714,2020,11,17,14,326.0,1.0,29.0,22.0,95.0,-7.3,0.1,-6.6,False
7719,20111715,2020,11,17,15,137.0,0.0,33.0,26.0,94.0,-7.1,0.2,-6.3,False
7720,20111716,2020,11,17,16,337.0,2.0,33.0,25.0,91.0,-5.9,30.0,-4.7,False
7721,20111717,2020,11,17,17,329.0,2.0,30.0,25.0,92.0,-7.4,1.0,-6.3,False
7722,20111718,2020,11,17,18,310.0,2.0,27.0,27.0,94.0,-8.1,0.2,-7.3,False
7723,20111719,2020,11,17,19,111.0,1.0,24.0,24.0,93.0,-9.3,0.1,-8.4,False
7724,20111720,2020,11,17,20,317.0,2.0,22.0,22.0,91.0,-10.2,0.1,-9.0,False
7725,20111721,2020,11,17,21,342.0,0.0,39.0,19.0,91.0,-10.8,0.1,-9.6,False
7726,20111722,2020,11,17,22,358.0,0.0,19.0,18.0,91.0,-11.0,0.1,-9.8,False
7727,20111723,2020,11,17,23,71.0,1.0,18.0,18.0,91.0,-10.8,0.1,-9.6,False
7728,20111800,2020,11,18,0,235.0,0.0,18.0,18.0,91.0,-10.7,0.1,-9.5,False
7729,20111801,2020,11,18,1,112.0,1.0,19.0,17.0,91.0,-10.6,0.2,-9.4,False
7730,20111802,2020,11,18,2,317.0,1.0,23.0,16.0,90.0,-9.7,30.0,-8.4,False
7731,20111803,2020,11,18,3,0.0,0.0,25.0,17.0,88.0,-11.0,30.0,-9.4,False
7732,20111804,2020,11,18,4,87.0,1.0,22.0,18.0,86.0,-11.0,30.0,-9.1,False
7733,20111805,2020,11,18,5,64.0,1.0,20.0,18.0,84.0,-11.1,30.0,-8.9,False
7734,20111806,2020,11,18,6,76.0,2.0,19.0,17.0,81.0,-11.5,30.0,-8.8,False
7735,20111807,2020,11,18,7,32.0,3.0,7.0,7.0,79.0,-11.4,30.0,-8.4,False
7736,20111808,2020,11,18,8,25.0,3.0,17.0,16.0,75.0,-12.5,30.0,-8.9,False
7737,20111809,2020,11,18,9,18.0,3.0,15.0,14.0,71.0,-12.9,30.0,-8.6,False
7738,20111810,2020,11,18,10,41.0,3.0,14.0,12.0,68.0,-12.9,30.0,-8.0,False
7739,20111811,2020,11,18,11,11.0,4.0,15.0,12.0,68.0,-11.6,30.0,-6.7,False
7740,20111812,2020,11,18,12,7.0,5.0,15.0,12.0,70.0,-11.5,30.0,-7.0,False
7741,20111813,2020,11,18,13,18.0,6.0,16.0,14.0,64.0,-12.3,30.0,-6.6,False
7742,20111814,2020,11,18,14,9.0,5.0,16.0,14.0,63.0,-12.2,30.0,-6.3,False
7743,20111815,2020,11,18,15,9.0,4.0,20.0,18.0,58.0,-12.8,30.0,-5.9,False
7744,20111816,2020,11,18,16,3.0,5.0,24.0,20.0,55.0,-12.9,30.0,-5.3,False
7745,20111817,2020,11,18,17,344.0,4.0,27.0,20.0,62.0,-12.8,30.0,-6.7,False
7746,20111818,2020,11,18,18,4.0,3.0,30.0,18.0,67.0,-12.8,30.0,-7.7,False
7747,20111819,2020,11,18,19,323.0,1.0,29.0,22.0,78.0,-12.6,30.0,-9.5,False
7748,20111820,2020,11,18,20,0.0,0.0,30.0,26.0,79.0,-12.7,30.0,-9.7,False
7749,20111821,2020,11,18,21,225.0,1.0,31.0,29.0,83.0,-12.1,30.0,-9.8,False
7750,20111822,2020,11,18,22,231.0,1.0,31.0,29.0,84.0,-11.7,13.3,-9.5,False
7751,20111823,2020,11,18,23,293.0,1.0,29.0,27.0,87.0,-12.2,2.9,-10.5,False
7752,20111900,2020,11,19,0,38.0,0.0,25.0,23.0,89.0,-12.1,10.6,-10.6,False
7753,20111901,2020,11,19,1,353.0,0.0,24.0,23.0,86.0,-12.2,7.4,-10.3,False
7754,20111902,2020,11,19,2,0.0,0.0,20.0,9.0,86.0,-12.7,30.0,-10.8,False
7755,20111903,2020,11,19,3,330.0,0.0,9.0,5.0,88.0,-12.3,9.2,-10.7,False
7756,20111904,2020,11,19,4,310.0,1.0,13.0,9.0,85.0,-14.2,18.5,-12.2,False
7757,20111905,2020,11,19,5,57.0,1.0,15.0,15.0,79.0,-15.0,11.8,-12.1,False
7758,20111906,2020,11,19,6,51.0,1.0,14.0,14.0,76.0,-15.9,30.0,-12.5,False
7759,20111907,2020,11,19,7,51.0,1.0,14.0,14.0,76.0,-15.9,30.0,-12.5,False
7760,20111908,2020,11,19,8,10.0,1.0,14.0,12.0,66.0,-16.5,30.0,-11.4,False
7761,20111909,2020,11,19,9,353.0,0.0,16.0,11.0,69.0,-18.1,10.6,-13.6,False
7762,20111910,2020,11,19,10,296.0,2.0,16.0,11.0,73.0,-17.7,3.5,-13.9,False
7763,20111911,2020,11,19,11,347.0,1.0,16.0,13.0,77.0,-16.8,4.2,-13.6,False
7764,20111912,2020,11,19,12,71.0,0.0,16.0,14.0,46.0,-21.4,30.0,-12.1,False
7765,20111913,2020,11,19,13,205.0,0.0,18.0,13.0,56.0,-19.5,30.0,-12.5,False
7766,20111914,2020,11,19,14,310.0,0.0,18.0,14.0,58.0,-18.5,10.5,-11.9,False
7767,20111915,2020,11,19,15,327.0,0.0,15.0,12.0,74.0,-16.3,5.5,-12.6,False
7768,20111916,2020,11,19,16,293.0,1.0,12.0,10.0,74.0,-15.5,4.5,-11.8,False
7769,20111917,2020,11,19,17,299.0,2.0,22.0,11.0,76.0,-16.3,10.7,-13.0,False
7770,20111918,2020,11,19,18,288.0,2.0,46.0,14.0,67.0,-19.0,30.0,-14.2,False
7771,20111919,2020,11,19,19,300.0,0.0,6.0,2.0,67.0,-20.7,30.0,-16.0,False
7772,20111920,2020,11,19,20,84.0,0.0,14.0,10.0,72.0,-20.8,30.0,-16.9,False
7773,20111921,2020,11,19,21,44.0,0.0,19.0,15.0,83.0,-20.0,30.0,-17.8,False
7774,20111922,2020,11,19,22,65.0,1.0,20.0,18.0,82.0,-20.5,17.4,-18.2,False
7775,20111923,2020,11,19,23,78.0,2.0,18.0,17.0,82.0,-20.5,30.0,-18.2,False
7776,20112000,2020,11,20,0,102.0,1.0,14.0,13.0,78.0,-21.3,30.0,-18.4,False
7777,20112001,2020,11,20,1,27.0,0.0,12.0,10.0,79.0,-21.4,20.6,-18.7,False
7778,20112002,2020,11,20,2,96.0,1.0,16.0,5.0,80.0,-21.5,18.2,-18.9,False
7779,20112003,2020,11,20,3,37.0,1.0,11.0,3.0,77.0,-21.6,30.0,-18.6,False
7780,20112004,2020,11,20,4,30.0,1.0,4.0,2.0,79.0,-21.3,14.7,-18.6,False
7781,20112005,2020,11,20,5,99.0,2.0,19.0,16.0,79.0,-21.9,19.6,-19.2,False
7782,20112006,2020,11,20,6,31.0,1.0,18.0,15.0,79.0,-21.7,11.6,-19.0,False
7783,20112007,2020,11,20,7,58.0,1.0,18.0,12.0,81.0,-21.0,5.9,-18.6,False
7784,20112008,2020,11,20,8,38.0,0.0,31.0,16.0,80.0,-21.6,5.8,-19.0,False
7785,20112009,2020,11,20,9,267.0,1.0,22.0,16.0,79.0,-23.9,30.0,-21.2,False
7786,20112010,2020,11,20,10,110.0,0.0,47.0,19.0,84.0,-22.2,29.8,-20.2,False
7787,20112011,2020,11,20,11,26.0,0.0,3.0,1.0,71.0,-20.5,30.0,-16.5,False
7788,20112012,2020,11,20,12,20.0,1.0,2.0,1.0,65.0,-21.0,30.0,-15.9,False
7789,20112013,2020,11,20,13,304.0,0.0,49.0,23.0,76.0,-20.5,30.0,-17.3,False
7790,20112014,2020,11,20,14,313.0,2.0,4.0,4.0,54.0,-22.0,30.0,-14.7,False
7791,20112015,2020,11,20,15,325.0,2.0,7.0,6.0,64.0,-21.0,30.0,-15.8,False
7792,20112016,2020,11,20,16,306.0,2.0,7.0,5.0,70.0,-19.3,30.0,-15.1,False
7793,20112017,2020,11,20,17,313.0,0.0,6.0,6.0,77.0,-18.4,30.0,-15.3,False
7794,20112018,2020,11,20,18,90.0,1.0,24.0,16.0,70.0,-19.4,30.0,-15.2,False
7795,20112019,2020,11,20,19,349.0,1.0,6.0,2.0,67.0,-20.5,30.0,-17.6,False
7796,20112020,2020,11,20,20,73.0,3.0,28.0,16.0,50.0,-23.8,30.0,-15.7,False
7797,20112021,2020,11,20,21,9.0,1.0,2.0,1.0,38.0,-25.7,30.0,-14.5,False
7798,20112022,2020,11,20,22,167.0,2.0,2.0,1.0,47.0,-25.5,30.0,-16.8,False
7799,20112023,2020,11,20,23,142.0,3.0,30.0,17.0,47.0,-23.5,30.0,-14.7,False
7800,20112100,2020,11,21,0,76.0,2.0,37.0,18.0,38.0,-25.6,30.0,-14.4,False
7801,20112101,2020,11,21,1,22.0,0.0,29.0,18.0,39.0,-26.0,30.0,-15.1,False
7802,20112102,2020,11,21,2,141.0,2.0,29.0,19.0,43.0,-25.6,30.0,-15.9,False
7803,20112103,2020,11,21,3,120.0,0.0,39.0,20.0,42.0,-25.2,30.0,-15.2,False
7804,20112104,2020,11,21,4,89.0,0.0,38.0,21.0,44.0,-24.7,30.0,-15.2,False
7805,20112105,2020,11,21,5,94.0,0.0,44.0,22.0,43.0,-25.3,30.0,-15.6,False
7806,20112106,2020,11,21,6,117.0,0.0,51.0,24.0,43.0,-25.3,30.0,-15.6,False
7807,20112107,2020,11,21,7,117.0,0.0,51.0,24.0,43.0,-25.3,30.0,-15.6,False
7808,20112108,2020,11,21,8,78.0,1.0,100.0,29.0,35.0,-25.3,30.0,-13.0,False
7809,20112109,2020,11,21,9,140.0,1.0,105.0,30.0,38.0,-25.1,30.0,-13.8,False
7810,20112110,2020,11,21,10,139.0,3.0,98.0,31.0,37.0,-23.5,30.0,-11.7,False
7811,20112111,2020,11,21,11,150.0,2.0,109.0,36.0,28.0,-23.6,30.0,-8.3,False
7812,20112112,2020,11,21,12,185.0,2.0,119.0,40.0,28.0,-22.8,30.0,-7.4,False
7813,20112113,2020,11,21,13,200.0,1.0,6.0,3.0,21.0,-25.0,30.0,-6.2,False
7814,20112114,2020,11,21,14,317.0,1.0,11.0,5.0,29.0,-21.7,30.0,-6.6,False
7815,20112115,2020,11,21,15,311.0,1.0,13.0,7.0,17.0,-27.1,30.0,-6.0,False
7816,20112116,2020,11,21,16,343.0,1.0,16.0,11.0,39.0,-18.2,30.0,-6.5,False
7817,20112117,2020,11,21,17,229.0,0.0,20.0,11.0,44.0,-17.9,30.0,-7.8,False
7818,20112118,2020,11,21,18,143.0,2.0,20.0,7.0,41.0,-20.8,30.0,-10.0,False
7819,20112119,2020,11,21,19,148.0,1.0,15.0,5.0,45.0,-20.2,30.0,-10.6,False
7820,20112120,2020,11,21,20,83.0,2.0,11.0,5.0,38.0,-22.2,30.0,-10.6,False
7821,20112121,2020,11,21,21,122.0,1.0,9.0,5.0,43.0,-21.9,30.0,-11.8,False
7822,20112122,2020,11,21,22,145.0,2.0,7.0,4.0,40.0,-22.5,14.4,-11.6,False
7823,20112123,2020,11,21,23,97.0,1.0,8.0,5.0,36.0,-23.5,30.0,-11.4,False
7824,20112200,2020,11,22,0,83.0,2.0,8.0,6.0,36.0,-23.3,30.0,-11.2,False
7825,20112201,2020,11,22,1,115.0,2.0,7.0,6.0,38.0,-22.9,30.0,-11.4,False
7826,20112202,2020,11,22,2,135.0,2.0,6.0,4.0,42.0,-22.7,30.0,-12.4,False
7827,20112203,2020,11,22,3,127.0,1.0,6.0,4.0,36.0,-23.5,30.0,-11.4,False
7828,20112204,2020,11,22,4,87.0,1.0,7.0,5.0,38.0,-23.7,30.0,-12.3,False
7829,20112205,2020,11,22,5,82.0,1.0,7.0,5.0,37.0,-23.4,30.0,-11.6,False
7830,20112206,2020,11,22,6,95.0,1.0,7.0,5.0,38.0,-23.4,30.0,-11.9,False
7831,20112207,2020,11,22,7,95.0,1.0,7.0,5.0,38.0,-23.4,30.0,-11.9,False
7832,20112208,2020,11,22,8,68.0,1.0,9.0,6.0,38.0,-23.4,30.0,-11.9,False
7833,20112209,2020,11,22,9,135.0,2.0,8.0,6.0,39.0,-23.9,10.9,-12.8,False
7834,20112210,2020,11,22,10,88.0,2.0,112.0,67.0,31.0,-23.4,30.0,-9.4,False
7835,20112211,2020,11,22,11,183.0,0.0,104.0,66.0,28.0,-21.9,30.0,-6.4,False
7836,20112212,2020,11,22,12,92.0,1.0,5.0,3.0,27.0,-21.9,30.0,-5.9,False
7837,20112213,2020,11,22,13,3.0,1.0,4.0,2.0,26.0,-22.3,30.0,-5.9,False
7838,20112214,2020,11,22,14,41.0,1.0,8.0,3.0,22.0,-23.2,30.0,-4.7,False
7839,20112215,2020,11,22,15,280.0,2.0,12.0,5.0,19.0,-23.6,30.0,-3.2,False
7840,20112216,2020,11,22,16,275.0,1.0,16.0,7.0,30.0,-18.8,30.0,-3.7,False
7841,20112217,2020,11,22,17,229.0,1.0,19.0,7.0,32.0,-18.2,30.0,-3.9,False
7842,20112218,2020,11,22,18,126.0,1.0,21.0,6.0,35.0,-19.1,30.0,-6.1,False
7843,20112219,2020,11,22,19,130.0,0.0,17.0,7.0,36.0,-21.4,30.0,-9.0,False
7844,20112220,2020,11,22,20,113.0,2.0,12.0,8.0,32.0,-22.5,30.0,-8.8,False
7845,20112221,2020,11,22,21,96.0,2.0,10.0,7.0,28.0,-23.4,30.0,-8.1,False
7846,20112222,2020,11,22,22,129.0,1.0,9.0,7.0,29.0,-23.4,30.0,-8.5,False
7847,20112223,2020,11,22,23,90.0,2.0,8.0,7.0,29.0,-23.7,30.0,-8.9,False
7848,20112300,2020,11,23,0,78.0,2.0,7.0,6.0,26.0,-24.5,30.0,-8.4,False
7849,20112301,2020,11,23,1,106.0,1.0,9.0,6.0,28.0,-24.5,30.0,-9.4,False
7850,20112302,2020,11,23,2,88.0,3.0,9.0,6.0,26.0,-25.0,30.0,-9.0,False
7851,20112303,2020,11,23,3,66.0,0.0,9.0,6.0,30.0,-24.5,30.0,-10.2,False
7852,20112304,2020,11,23,4,74.0,2.0,8.0,5.0,26.0,-25.3,30.0,-9.3,False
7853,20112305,2020,11,23,5,88.0,2.0,7.0,5.0,26.0,-25.2,30.0,-9.2,False
7854,20112306,2020,11,23,6,35.0,2.0,5.0,4.0,25.0,-25.7,30.0,-9.3,False
7855,20112307,2020,11,23,7,81.0,1.0,5.0,4.0,30.0,-25.0,30.0,-10.8,False
7856,20112308,2020,11,23,8,80.0,1.0,6.0,4.0,29.0,-25.5,30.0,-10.9,False
7857,20112309,2020,11,23,9,131.0,2.0,5.0,3.0,41.0,-24.6,30.0,-14.2,False
7858,20112310,2020,11,23,10,186.0,0.0,2.0,1.0,29.0,-24.9,30.0,-10.3,False
7859,20112311,2020,11,23,11,210.0,1.0,4.0,2.0,32.0,-23.9,30.0,-10.4,False
7860,20112312,2020,11,23,12,302.0,0.0,4.0,2.0,30.0,-22.9,30.0,-8.4,False
7861,20112313,2020,11,23,13,325.0,1.0,6.0,4.0,29.0,-23.3,30.0,-8.4,False
7862,20112314,2020,11,23,14,308.0,1.0,12.0,8.0,29.0,-22.6,30.0,-7.6,False
7863,20112315,2020,11,23,15,297.0,1.0,16.0,9.0,30.0,-21.6,30.0,-6.9,False
7864,20112316,2020,11,23,16,8.0,1.0,19.0,11.0,28.0,-21.9,30.0,-6.4,False
7865,20112317,2020,11,23,17,339.0,1.0,23.0,16.0,26.0,-22.4,30.0,-6.0,False
7866,20112318,2020,11,23,18,216.0,2.0,30.0,21.0,35.0,-21.1,30.0,-8.4,False
7867,20112319,2020,11,23,19,160.0,0.0,40.0,26.0,45.0,-21.0,30.0,-11.4,False
7868,20112320,2020,11,23,20,173.0,3.0,45.0,31.0,47.0,-21.7,30.0,-12.7,False
7869,20112321,2020,11,23,21,152.0,2.0,49.0,33.0,44.0,-21.8,30.0,-12.0,False
7870,20112322,2020,11,23,22,149.0,1.0,50.0,33.0,44.0,-22.0,15.3,-12.2,False
7871,20112323,2020,11,23,23,122.0,1.0,47.0,31.0,46.0,-21.9,30.0,-12.7,False
7872,20112400,2020,11,24,0,94.0,2.0,45.0,28.0,41.0,-22.8,30.0,-12.2,False
7873,20112401,2020,11,24,1,86.0,2.0,42.0,26.0,41.0,-23.0,30.0,-12.4,False
7874,20112402,2020,11,24,2,86.0,2.0,40.0,25.0,42.0,-22.9,30.0,-12.6,False
7875,20112403,2020,11,24,3,104.0,2.0,37.0,24.0,43.0,-23.1,30.0,-13.2,False
7876,20112404,2020,11,24,4,104.0,2.0,37.0,24.0,43.0,-23.1,30.0,-13.2,False
7877,20112405,2020,11,24,5,104.0,2.0,37.0,24.0,43.0,-23.1,30.0,-13.2,False
7878,20112406,2020,11,24,6,35.0,2.0,5.0,4.0,25.0,-25.7,30.0,-9.3,False
7879,20112407,2020,11,24,7,81.0,1.0,5.0,4.0,30.0,-25.0,30.0,-10.8,False
7880,20112408,2020,11,24,8,159.0,1.0,6.0,4.0,47.0,-22.5,18.3,-13.6,False
7881,20112409,2020,11,24,9,125.0,2.0,26.0,14.0,52.0,-20.8,30.0,-13.0,False
7882,20112410,2020,11,24,10,188.0,0.0,27.0,12.0,56.0,-20.3,30.0,-13.4,False
7883,20112411,2020,11,24,11,138.0,1.0,22.0,10.0,52.0,-20.4,30.0,-12.6,False
7884,20112412,2020,11,24,12,339.0,1.0,18.0,10.0,51.0,-19.5,30.0,-11.4,False
7885,20112413,2020,11,24,13,338.0,1.0,19.0,12.0,52.0,-19.0,30.0,-11.1,False
7886,20112414,2020,11,24,14,249.0,1.0,20.0,12.0,58.0,-18.3,30.0,-11.7,False
7887,20112415,2020,11,24,15,216.0,2.0,20.0,10.0,77.0,-15.7,6.7,-12.5,False
7888,20112416,2020,11,24,16,237.0,2.0,20.0,11.0,79.0,-15.1,10.9,-12.2,False
7889,20112417,2020,11,24,17,246.0,1.0,21.0,12.0,77.0,-15.0,14.9,-11.8,False
7890,20112418,2020,11,24,18,213.0,0.0,25.0,12.0,79.0,-15.4,15.3,-12.5,False
7891,20112419,2020,11,24,19,176.0,0.0,24.0,11.0,82.0,-15.9,12.3,-13.5,False
7892,20112420,2020,11,24,20,0.0,0.0,20.0,11.0,83.0,-15.0,9.8,-12.7,False
7893,20112421,2020,11,24,21,4.0,0.0,17.0,11.0,82.0,-15.2,4.1,-12.8,False
7894,20112422,2020,11,24,22,32.0,0.0,18.0,11.0,85.0,-15.3,5.2,-13.3,False
7895,20112423,2020,11,24,23,318.0,1.0,17.0,11.0,83.0,-16.0,6.7,-13.7,False
7896,20112500,2020,11,25,0,30.0,1.0,16.0,10.0,86.0,-15.9,7.2,-14.1,False
7897,20112501,2020,11,25,1,132.0,1.0,15.0,10.0,83.0,-17.1,8.5,-14.9,False
7898,20112502,2020,11,25,2,168.0,2.0,12.0,8.0,78.0,-18.4,18.6,-15.4,False
7899,20112503,2020,11,25,3,128.0,0.0,12.0,7.0,82.0,-17.4,19.2,-15.0,False
7900,20112504,2020,11,25,4,47.0,1.0,10.0,7.0,77.0,-17.4,24.5,-14.3,False
7901,20112505,2020,11,25,5,0.0,0.0,10.0,6.0,79.0,-17.8,22.5,-15.0,False
7902,20112506,2020,11,25,6,71.0,1.0,11.0,5.0,79.0,-18.2,21.7,-15.4,False
7903,20112507,2020,11,25,7,71.0,1.0,11.0,5.0,79.0,-18.2,21.7,-15.4,False
7904,20112508,2020,11,25,8,48.0,0.0,6.0,5.0,75.0,-18.7,27.1,-15.3,False
7905,20112509,2020,11,25,9,122.0,1.0,6.0,4.0,74.0,-18.9,26.4,-15.3,False
7906,20112510,2020,11,25,10,70.0,0.0,4.0,2.0,71.0,-18.1,30.0,-14.0,False
7907,20112511,2020,11,25,11,89.0,0.0,5.0,1.0,68.0,-17.0,30.0,-12.3,False
7908,20112512,2020,11,25,12,200.0,0.0,5.0,1.0,59.0,-16.3,30.0,-9.8,False
7909,20112513,2020,11,25,13,284.0,1.0,4.0,3.0,67.0,-15.9,28.1,-11.0,False
7910,20112514,2020,11,25,14,299.0,0.0,6.0,5.0,69.0,-15.1,25.3,-10.5,False
7911,20112515,2020,11,25,15,293.0,1.0,9.0,4.0,75.0,-13.7,20.3,-10.1,False
7912,20112516,2020,11,25,16,334.0,4.0,142.0,91.0,63.0,-14.6,30.0,-8.8,False
7913,20112517,2020,11,25,17,346.0,2.0,196.0,126.0,62.0,-14.8,30.0,-8.8,False
7914,20112518,2020,11,25,18,0.0,0.0,216.0,101.0,64.0,-15.5,28.1,-10.0,False
7915,20112519,2020,11,25,19,102.0,0.0,187.0,106.0,74.0,-16.0,19.4,-12.3,False
7916,20112520,2020,11,25,20,139.0,1.0,11.0,1.0,72.0,-17.2,27.2,-13.2,False
7917,20112521,2020,11,25,21,155.0,3.0,182.0,106.0,66.0,-16.9,30.0,-11.8,False
7918,20112522,2020,11,25,22,82.0,1.0,6.0,1.0,68.0,-17.1,29.2,-12.4,False
7919,20112523,2020,11,25,23,75.0,1.0,5.0,1.0,54.0,-19.5,30.0,-12.1,False
7920,20112600,2020,11,26,0,106.0,0.0,3.0,1.0,54.0,-20.1,30.0,-12.7,False
7921,20112601,2020,11,26,1,110.0,1.0,157.0,87.0,62.0,-18.7,30.0,-13.0,False
7922,20112602,2020,11,26,2,93.0,2.0,144.0,87.0,53.0,-19.6,30.0,-12.0,False
7923,20112603,2020,11,26,3,110.0,1.0,6.0,1.0,45.0,-21.4,30.0,-11.9,False
7924,20112604,2020,11,26,4,102.0,2.0,4.0,1.0,33.0,-24.0,30.0,-10.8,False
7925,20112605,2020,11,26,5,146.0,2.0,78.0,71.0,43.0,-22.0,30.0,-12.0,False
7926,20112606,2020,11,26,6,83.0,2.0,1.0,1.0,39.0,-22.3,30.0,-11.1,False
7927,20112607,2020,11,26,7,83.0,2.0,1.0,1.0,39.0,-22.3,30.0,-11.1,False
7928,20112608,2020,11,26,8,158.0,2.0,98.0,81.0,46.0,-21.6,30.0,-12.3,False
7929,20112609,2020,11,26,9,96.0,3.0,2.0,2.0,40.0,-21.8,30.0,-10.8,False
7930,20112610,2020,11,26,10,169.0,3.0,6.0,1.0,41.0,-22.0,30.0,-11.4,False
7931,20112611,2020,11,26,11,182.0,2.0,5.0,1.0,34.0,-20.8,30.0,-7.7,False
7932,20112612,2020,11,26,12,0.0,0.0,180.0,124.0,32.0,-18.5,30.0,-4.3,False
7933,20112613,2020,11,26,13,317.0,2.0,176.0,124.0,35.0,-18.5,30.0,-5.5,False
7934,20112614,2020,11,26,14,317.0,2.0,176.0,124.0,35.0,-18.5,30.0,-5.5,False
7935,20112615,2020,11,26,15,349.0,1.0,198.0,123.0,28.0,-19.7,30.0,-3.8,False
7936,20112616,2020,11,26,16,328.0,2.0,5.0,5.0,37.0,-16.0,30.0,-3.4,False
7937,20112617,2020,11,26,17,201.0,2.0,8.0,7.0,45.0,-15.1,30.0,-5.0,False
7938,20112618,2020,11,26,18,167.0,2.0,14.0,13.0,56.0,-14.8,30.0,-7.5,False
7939,20112619,2020,11,26,19,159.0,3.0,20.0,19.0,61.0,-15.3,15.9,-9.2,False
7940,20112620,2020,11,26,20,139.0,1.0,11.0,1.0,72.0,-17.2,27.2,-13.2,False
7941,20112621,2020,11,26,21,155.0,3.0,182.0,106.0,66.0,-16.9,30.0,-11.8,False
7942,20112622,2020,11,26,22,82.0,1.0,6.0,1.0,68.0,-17.1,29.2,-12.4,False
7943,20112623,2020,11,26,23,183.0,2.0,22.0,17.0,53.0,-16.8,30.0,-9.0,False
7944,20112700,2020,11,27,0,106.0,0.0,3.0,1.0,54.0,-20.1,30.0,-12.7,False
7945,20112701,2020,11,27,1,55.0,1.0,24.0,22.0,48.0,-16.2,30.0,-7.0,False
7946,20112702,2020,11,27,2,126.0,3.0,33.0,28.0,53.0,-15.3,30.0,-7.4,False
7947,20112703,2020,11,27,3,68.0,1.0,6.0,1.0,45.0,-15.3,12.8,-9.2,False
7948,20112704,2020,11,27,4,45.0,1.0,43.0,34.0,51.0,-15.8,30.0,-7.4,False
7949,20112705,2020,11,27,5,273.0,1.0,42.0,32.0,65.0,-15.2,30.0,-9.9,False
7950,20112706,2020,11,27,6,337.0,1.0,40.0,30.0,70.0,-16.7,30.0,-12.4,False
7951,20112707,2020,11,27,7,337.0,1.0,40.0,30.0,70.0,-16.7,30.0,-12.4,False
7952,20112708,2020,11,27,8,270.0,1.0,32.0,19.0,66.0,-16.8,30.0,-11.7,False
7953,20112709,2020,11,27,9,247.0,3.0,26.0,14.0,72.0,-15.5,14.6,-11.5,False
7954,20112710,2020,11,27,10,47.0,2.0,58.0,46.0,81.0,-14.6,5.6,-12.0,False
7955,20112711,2020,11,27,11,1.0,2.0,56.0,47.0,81.0,-14.1,9.8,-11.5,False
7956,20112712,2020,11,27,12,34.0,1.0,59.0,54.0,80.0,-14.0,2.5,-11.2,False
7957,20112713,2020,11,27,13,341.0,1.0,67.0,50.0,75.0,-13.9,8.0,-10.3,False
7958,20112714,2020,11,27,14,27.0,3.0,67.0,52.0,74.0,-13.6,16.1,-9.8,False
7959,20112715,2020,11,27,15,42.0,2.0,74.0,54.0,76.0,-12.5,25.1,-9.0,False
7960,20112716,2020,11,27,16,328.0,2.0,5.0,5.0,37.0,-16.0,30.0,-3.4,False
7961,20112717,2020,11,27,17,209.0,4.0,117.0,72.0,80.0,-10.7,5.7,-7.9,False
7962,20112718,2020,11,27,18,210.0,2.0,172.0,80.0,75.0,-12.0,16.3,-8.4,False
7963,20112719,2020,11,27,19,200.0,3.0,171.0,68.0,69.0,-15.6,29.8,-11.0,False
7964,20112720,2020,11,27,20,80.0,1.0,115.0,61.0,73.0,-15.3,28.1,-11.4,False
7965,20112721,2020,11,27,21,76.0,3.0,100.0,58.0,75.0,-14.9,26.0,-11.4,False
7966,20112722,2020,11,27,22,93.0,3.0,120.0,51.0,71.0,-15.4,30.0,-11.2,False
7967,20112723,2020,11,27,23,101.0,2.0,68.0,48.0,70.0,-16.4,27.4,-12.1,False
7968,20112800,2020,11,28,0,88.0,3.0,55.0,46.0,65.0,-16.7,30.0,-11.4,False
7969,20112801,2020,11,28,1,86.0,3.0,62.0,46.0,64.0,-16.5,30.0,-11.0,False
7970,20112802,2020,11,28,2,126.0,3.0,33.0,28.0,53.0,-15.3,30.0,-7.4,False
7971,20112803,2020,11,28,3,95.0,2.0,62.0,45.0,65.0,-16.6,29.2,-11.3,False
7972,20112804,2020,11,28,4,92.0,2.0,55.0,44.0,63.0,-16.9,30.0,-11.3,False
7973,20112805,2020,11,28,5,141.0,1.0,53.0,43.0,59.0,-18.8,30.0,-12.4,False
7974,20112806,2020,11,28,6,134.0,2.0,59.0,43.0,65.0,-17.6,30.0,-12.4,False
7975,20112807,2020,11,28,7,134.0,2.0,59.0,43.0,65.0,-17.6,30.0,-12.4,False
7976,20112808,2020,11,28,8,84.0,1.0,59.0,43.0,60.0,-17.7,30.0,-11.5,False
7977,20112809,2020,11,28,9,132.0,1.0,67.0,57.0,67.0,-17.6,29.1,-12.8,False
7978,20112810,2020,11,28,10,140.0,1.0,114.0,66.0,62.0,-17.6,30.0,-11.8,False
7979,20112811,2020,11,28,11,75.0,3.0,125.0,69.0,54.0,-16.7,30.0,-9.1,False
7980,20112812,2020,11,28,12,0.0,0.0,129.0,76.0,44.0,-15.9,30.0,-5.6,False
7981,20112813,2020,11,28,13,0.0,0.0,107.0,64.0,46.0,-15.1,30.0,-5.3,False
7982,20112814,2020,11,28,14,281.0,1.0,109.0,78.0,43.0,-14.7,30.0,-4.0,False
7983,20112815,2020,11,28,15,352.0,1.0,121.0,92.0,45.0,-14.2,30.0,-4.0,False
7984,20112816,2020,11,28,16,341.0,1.0,192.0,145.0,45.0,-13.7,30.0,-3.5,False
7985,20112817,2020,11,28,17,234.0,0.0,289.0,158.0,49.0,-13.0,30.0,-3.9,False
7986,20112818,2020,11,28,18,193.0,1.0,216.0,130.0,61.0,-13.2,9.5,-6.9,False
7987,20112819,2020,11,28,19,129.0,1.0,200.0,132.0,56.0,-15.5,30.0,-8.3,False
7988,20112820,2020,11,28,20,39.0,1.0,176.0,125.0,50.0,-16.1,30.0,-7.5,False
7989,20112821,2020,11,28,21,139.0,1.0,173.0,127.0,57.0,-16.3,30.0,-9.4,False
7990,20112822,2020,11,28,22,155.0,2.0,127.0,86.0,57.0,-16.1,30.0,-9.1,False
7991,20112823,2020,11,28,23,144.0,1.0,94.0,83.0,50.0,-17.8,30.0,-9.3,False
7992,20112900,2020,11,29,0,190.0,3.0,93.0,84.0,57.0,-16.0,30.0,-9.0,False
7993,20112901,2020,11,29,1,179.0,2.0,52.0,11.0,58.0,-15.8,30.0,-9.0,False
7994,20112902,2020,11,29,2,209.0,3.0,79.0,48.0,58.0,-16.4,30.0,-9.7,False
7995,20112903,2020,11,29,3,174.0,3.0,91.0,73.0,59.0,-16.3,30.0,-9.8,False
7996,20112904,2020,11,29,4,191.0,2.0,88.0,76.0,57.0,-15.6,30.0,-8.6,False
7997,20112905,2020,11,29,5,162.0,1.0,68.0,60.0,63.0,-14.4,30.0,-8.6,False
7998,20112906,2020,11,29,6,201.0,1.0,45.0,39.0,68.0,-13.4,18.6,-8.6,False
7999,20112907,2020,11,29,7,201.0,1.0,45.0,39.0,68.0,-13.4,18.6,-8.6,False
8000,20112908,2020,11,29,8,204.0,2.0,19.0,19.0,84.0,-11.4,4.3,-9.2,False
8001,20112909,2020,11,29,9,194.0,2.0,107.0,96.0,87.0,-11.0,2.5,-9.2,False
8002,20112910,2020,11,29,10,173.0,3.0,104.0,104.0,87.0,-10.8,6.8,-9.0,False
8003,20112911,2020,11,29,11,186.0,3.0,120.0,107.0,81.0,-11.0,19.3,-8.3,False
8004,20112912,2020,11,29,12,201.0,4.0,112.0,107.0,82.0,-10.5,5.6,-8.0,False
8005,20112913,2020,11,29,13,224.0,4.0,109.0,104.0,86.0,-10.4,3.2,-8.5,False
8006,20112914,2020,11,29,14,226.0,3.0,111.0,105.0,86.0,-10.7,7.9,-8.8,False
8007,20112915,2020,11,29,15,255.0,2.0,8.0,6.0,88.0,-10.7,3.3,-9.1,False
8008,20112916,2020,11,29,16,263.0,2.0,7.0,4.0,86.0,-11.2,3.0,-9.3,False
8009,20112917,2020,11,29,17,232.0,2.0,6.0,3.0,88.0,-11.7,2.3,-10.1,False
8010,20112918,2020,11,29,18,193.0,1.0,9.0,4.0,88.0,-12.0,4.3,-10.4,False
8011,20112919,2020,11,29,19,205.0,1.0,13.0,7.0,87.0,-12.7,12.3,-11.0,False
8012,20112920,2020,11,29,20,183.0,1.0,17.0,14.0,90.0,-11.7,6.5,-10.4,False
8013,20112921,2020,11,29,21,226.0,0.0,27.0,25.0,90.0,-11.6,5.3,-10.3,False
8014,20112922,2020,11,29,22,299.0,0.0,35.0,32.0,92.0,-11.5,0.2,-10.5,False
8015,20112923,2020,11,29,23,321.0,0.0,36.0,33.0,92.0,-11.5,0.1,-10.5,False
8016,20113000,2020,11,30,0,351.0,1.0,33.0,31.0,91.0,-11.8,0.1,-10.6,False
8017,20113001,2020,11,30,1,81.0,1.0,30.0,26.0,89.0,-12.7,0.2,-11.2,False
8018,20113002,2020,11,30,2,26.0,1.0,25.0,20.0,86.0,-12.4,30.0,-10.5,False
8019,20113003,2020,11,30,3,333.0,1.0,21.0,18.0,86.0,-13.1,30.0,-11.2,False
8020,20113004,2020,11,30,4,86.0,0.0,19.0,17.0,87.0,-12.5,24.0,-10.8,False
8021,20113005,2020,11,30,5,81.0,1.0,15.0,13.0,85.0,-13.2,29.3,-11.2,False
8022,20113006,2020,11,30,6,90.0,2.0,11.0,9.0,83.0,-14.0,30.0,-11.7,False
8023,20113007,2020,11,30,7,90.0,2.0,11.0,9.0,83.0,-14.0,30.0,-11.7,False
8024,20113008,2020,11,30,8,88.0,2.0,105.0,78.0,71.0,-16.7,30.0,-12.5,False
8025,20113009,2020,11,30,9,83.0,2.0,4.0,1.0,67.0,-17.5,30.0,-12.6,False
8026,20113010,2020,11,30,10,92.0,2.0,4.0,2.0,65.0,-17.8,30.0,-12.6,False
8027,20113011,2020,11,30,11,78.0,2.0,3.0,3.0,60.0,-17.3,30.0,-11.1,False
8028,20113012,2020,11,30,12,13.0,0.0,121.0,94.0,57.0,-15.4,30.0,-8.4,False
8029,20113013,2020,11,30,13,21.0,0.0,129.0,96.0,60.0,-15.2,30.0,-8.8,False
8030,20113014,2020,11,30,14,308.0,0.0,134.0,98.0,59.0,-15.2,30.0,-8.6,False
8031,20113015,2020,11,30,15,52.0,0.0,6.0,4.0,58.0,-15.4,30.0,-8.6,False
8032,20113016,2020,11,30,16,320.0,1.0,7.0,6.0,51.0,-16.7,30.0,-8.4,False
8033,20113017,2020,11,30,17,259.0,0.0,9.0,9.0,55.0,-16.2,30.0,-8.8,False
8034,20113018,2020,11,30,18,32.0,1.0,13.0,12.0,59.0,-17.2,30.0,-10.7,False
8035,20113019,2020,11,30,19,77.0,1.0,94.0,78.0,63.0,-17.7,30.0,-12.1,False
8036,20113020,2020,11,30,20,87.0,2.0,137.0,96.0,62.0,-18.7,30.0,-12.9,False
8037,20113021,2020,11,30,21,104.0,1.0,169.0,94.0,61.0,-19.1,30.0,-13.2,False
8038,20113022,2020,11,30,22,82.0,1.0,19.0,19.0,61.0,-19.4,30.0,-13.5,False
8039,20113023,2020,11,30,23,88.0,2.0,16.0,15.0,60.0,-19.3,30.0,-13.2,False
8040,20120100,2020,12,1,0,86.0,1.0,13.0,10.0,59.0,-19.8,30.0,-13.5,False
8041,20120101,2020,12,1,1,87.0,2.0,12.0,9.0,62.0,-19.1,30.0,-13.4,False
8042,20120102,2020,12,1,2,93.0,2.0,8.0,8.0,61.0,-19.4,30.0,-13.5,False
8043,20120103,2020,12,1,3,89.0,2.0,8.0,6.0,59.0,-20.1,30.0,-13.8,False
8044,20120104,2020,12,1,4,24.0,1.0,8.0,6.0,74.0,-20.3,4.6,-16.8,False
8045,20120105,2020,12,1,5,9.0,0.0,6.0,3.0,83.0,-20.7,1.7,-18.5,False
8046,20120106,2020,12,1,6,183.0,0.0,4.0,3.0,83.0,-20.3,0.5,-18.1,False
8047,20120107,2020,12,1,7,183.0,0.0,4.0,3.0,83.0,-20.3,0.5,-18.1,False
8048,20120108,2020,12,1,8,59.0,1.0,79.0,59.0,64.0,-20.4,30.0,-15.1,False
8049,20120109,2020,12,1,9,121.0,1.0,155.0,100.0,62.0,-21.2,30.0,-15.6,False
8050,20120110,2020,12,1,10,142.0,1.0,4.0,4.0,62.0,-21.2,30.0,-15.6,False
8051,20120111,2020,12,1,11,162.0,1.0,4.0,4.0,52.0,-20.0,30.0,-12.1,False
8052,20120112,2020,12,1,12,217.0,0.0,3.0,2.0,55.0,-18.1,30.0,-10.8,False
8053,20120113,2020,12,1,13,189.0,0.0,63.0,47.0,55.0,-17.5,30.0,-10.2,False
8054,20120114,2020,12,1,14,349.0,1.0,56.0,43.0,58.0,-17.1,20.2,-10.4,False
8055,20120115,2020,12,1,15,85.0,0.0,57.0,48.0,71.0,-14.6,17.2,-10.4,False
8056,20120116,2020,12,1,16,129.0,0.0,4.0,3.0,70.0,-14.6,12.6,-10.2,False
8057,20120117,2020,12,1,17,178.0,1.0,90.0,68.0,72.0,-15.2,15.6,-11.2,False
8058,20120118,2020,12,1,18,149.0,2.0,102.0,79.0,72.0,-16.6,30.0,-12.6,False
8059,20120119,2020,12,1,19,178.0,0.0,92.0,63.0,75.0,-17.2,21.2,-13.7,False
8060,20120120,2020,12,1,20,119.0,2.0,73.0,72.0,60.0,-19.3,26.9,-13.2,False
8061,20120121,2020,12,1,21,58.0,1.0,8.0,3.0,51.0,-20.9,30.0,-12.9,False
8062,20120122,2020,12,1,22,90.0,1.0,6.0,4.0,48.0,-21.5,30.0,-12.8,False
8063,20120123,2020,12,1,23,119.0,1.0,3.0,3.0,44.0,-22.9,30.0,-13.2,False
8064,20120200,2020,12,2,0,91.0,2.0,146.0,86.0,44.0,-21.8,30.0,-12.0,False
8065,20120201,2020,12,2,1,101.0,1.0,130.0,88.0,43.0,-22.8,30.0,-12.8,False
8066,20120202,2020,12,2,2,82.0,3.0,142.0,91.0,41.0,-23.1,30.0,-12.6,False
8067,20120203,2020,12,2,3,90.0,2.0,138.0,87.0,44.0,-22.7,30.0,-13.0,False
8068,20120204,2020,12,2,4,193.0,0.0,111.0,83.0,50.0,-23.6,30.0,-15.5,False
8069,20120205,2020,12,2,5,162.0,2.0,94.0,81.0,47.0,-23.7,30.0,-14.9,False
8070,20120206,2020,12,2,6,156.0,0.0,100.0,82.0,46.0,-23.4,30.0,-14.3,False
8071,20120207,2020,12,2,7,96.0,3.0,108.0,83.0,44.0,-23.3,30.0,-13.7,False
8072,20120208,2020,12,2,8,88.0,3.0,111.0,84.0,42.0,-23.5,30.0,-13.3,False
8073,20120209,2020,12,2,9,96.0,2.0,111.0,82.0,42.0,-23.8,30.0,-13.6,False
8074,20120210,2020,12,2,10,109.0,2.0,91.0,71.0,41.0,-23.3,30.0,-12.8,False
8075,20120211,2020,12,2,11,102.0,1.0,93.0,88.0,35.0,-23.3,30.0,-10.8,False
8076,20120212,2020,12,2,12,154.0,1.0,118.0,80.0,40.0,-20.9,30.0,-9.8,False
8077,20120213,2020,12,2,13,271.0,0.0,81.0,74.0,28.0,-23.1,30.0,-7.7,False
8078,20120214,2020,12,2,14,335.0,0.0,79.0,76.0,32.0,-22.4,30.0,-8.7,False
8079,20120215,2020,12,2,15,246.0,0.0,82.0,69.0,34.0,-21.6,30.0,-8.5,False
8080,20120216,2020,12,2,16,267.0,0.0,3.0,3.0,34.0,-20.8,30.0,-7.6,False
8081,20120217,2020,12,2,17,204.0,0.0,79.0,68.0,37.0,-20.4,30.0,-8.3,False
8082,20120218,2020,12,2,18,175.0,0.0,9.0,9.0,39.0,-21.4,30.0,-10.1,False
8083,20120219,2020,12,2,19,88.0,1.0,19.0,7.0,53.0,-20.8,25.0,-13.2,False
8084,20120220,2020,12,2,20,88.0,2.0,18.0,4.0,51.0,-21.0,30.0,-13.0,False
8085,20120221,2020,12,2,21,84.0,2.0,11.0,2.0,52.0,-21.1,30.0,-13.3,False
8086,20120222,2020,12,2,22,109.0,1.0,7.0,3.0,55.0,-22.1,30.0,-15.1,False
8087,20120223,2020,12,2,23,142.0,2.0,6.0,3.0,56.0,-21.4,30.0,-14.6,False
8088,20120300,2020,12,3,0,81.0,3.0,4.0,4.0,52.0,-21.0,28.5,-13.2,False
8089,20120301,2020,12,3,1,87.0,0.0,5.0,3.0,48.0,-23.8,30.0,-15.2,False
8090,20120302,2020,12,3,2,158.0,2.0,4.0,1.0,48.0,-22.9,30.0,-14.3,False
8091,20120303,2020,12,3,3,118.0,1.0,107.0,64.0,45.0,-23.5,30.0,-14.1,False
8092,20120304,2020,12,3,4,122.0,2.0,101.0,62.0,45.0,-23.7,30.0,-14.4,False
8093,20120305,2020,12,3,5,61.0,0.0,80.0,54.0,43.0,-24.2,30.0,-14.3,False
8094,20120306,2020,12,3,6,91.0,2.0,52.0,50.0,41.0,-23.8,30.0,-13.3,False
8095,20120307,2020,12,3,7,148.0,3.0,72.0,65.0,44.0,-24.5,30.0,-15.0,False
8096,20120308,2020,12,3,8,141.0,1.0,110.0,69.0,44.0,-24.5,30.0,-15.0,False
8097,20120309,2020,12,3,9,135.0,1.0,104.0,70.0,42.0,-25.0,30.0,-14.9,False
8098,20120310,2020,12,3,10,151.0,2.0,3.0,2.0,43.0,-24.4,30.0,-14.6,False
8099,20120311,2020,12,3,11,162.0,2.0,4.0,3.0,38.0,-22.9,30.0,-11.4,False
8100,20120312,2020,12,3,12,228.0,0.0,4.0,4.0,30.0,-23.0,30.0,-8.5,False
8101,20120313,2020,12,3,13,55.0,1.0,5.0,5.0,37.0,-21.5,30.0,-9.5,False
8102,20120314,2020,12,3,14,350.0,2.0,112.0,68.0,40.0,-20.1,30.0,-8.9,False
8103,20120315,2020,12,3,15,8.0,2.0,138.0,77.0,39.0,-20.1,30.0,-8.6,False
8104,20120316,2020,12,3,16,7.0,2.0,115.0,81.0,40.0,-19.3,30.0,-8.1,False
8105,20120317,2020,12,3,17,345.0,1.0,130.0,89.0,48.0,-18.1,30.0,-9.1,False
8106,20120318,2020,12,3,18,16.0,0.0,4.0,2.0,45.0,-19.6,30.0,-9.9,False
8107,20120319,2020,12,3,19,76.0,1.0,9.0,1.0,48.0,-20.9,23.8,-12.1,False
8108,20120320,2020,12,3,20,91.0,1.0,9.0,1.0,49.0,-21.4,30.0,-12.9,False
8109,20120321,2020,12,3,21,82.0,2.0,5.0,1.0,49.0,-21.8,30.0,-13.4,False
8110,20120322,2020,12,3,22,61.0,1.0,202.0,158.0,47.0,-22.3,30.0,-13.4,False
8111,20120323,2020,12,3,23,151.0,2.0,9.0,1.0,55.0,-22.7,30.0,-15.7,False
8112,20120400,2020,12,4,0,145.0,1.0,307.0,184.0,53.0,-23.0,30.0,-15.6,False
8113,20120401,2020,12,4,1,117.0,1.0,261.0,174.0,51.0,-22.8,30.0,-14.9,False
8114,20120402,2020,12,4,2,83.0,1.0,244.0,184.0,46.0,-23.6,30.0,-14.5,False
8115,20120403,2020,12,4,3,153.0,1.0,237.0,185.0,51.0,-23.6,30.0,-15.8,False
8116,20120404,2020,12,4,4,187.0,1.0,259.0,171.0,54.0,-24.2,30.0,-17.1,False
8117,20120405,2020,12,4,5,73.0,0.0,5.0,2.0,47.0,-24.4,30.0,-15.7,False
8118,20120406,2020,12,4,6,80.0,4.0,5.0,1.0,44.0,-23.9,30.0,-14.3,False
8119,20120407,2020,12,4,7,162.0,2.0,163.0,147.0,48.0,-24.8,30.0,-16.3,False
8120,20120408,2020,12,4,8,169.0,1.0,179.0,159.0,50.0,-24.2,16.9,-16.2,False
8121,20120409,2020,12,4,9,148.0,1.0,234.0,216.0,46.0,-24.7,30.0,-15.7,False
8122,20120410,2020,12,4,10,117.0,1.0,4.0,2.0,36.0,-26.1,30.0,-14.3,False
8123,20120411,2020,12,4,11,75.0,1.0,6.0,3.0,33.0,-24.4,30.0,-11.3,False
8124,20120412,2020,12,4,12,0.0,0.0,5.0,3.0,33.0,-22.6,30.0,-9.3,False
8125,20120413,2020,12,4,13,0.0,0.0,4.0,2.0,35.0,-22.0,30.0,-9.4,False
8126,20120414,2020,12,4,14,345.0,0.0,262.0,146.0,38.0,-21.5,30.0,-9.9,False
8127,20120415,2020,12,4,15,342.0,1.0,222.0,149.0,46.0,-18.5,30.0,-9.0,False
8128,20120416,2020,12,4,16,359.0,1.0,189.0,154.0,39.0,-19.4,30.0,-7.9,False
8129,20120417,2020,12,4,17,26.0,0.0,194.0,149.0,40.0,-20.1,30.0,-8.9,False
8130,20120418,2020,12,4,18,49.0,0.0,182.0,150.0,44.0,-20.4,17.7,-10.5,False
8131,20120419,2020,12,4,19,228.0,0.0,4.0,4.0,50.0,-19.8,19.9,-11.5,False
8132,20120420,2020,12,4,20,214.0,1.0,7.0,3.0,60.0,-18.7,30.0,-12.5,False
8133,20120421,2020,12,4,21,65.0,0.0,6.0,2.0,59.0,-18.5,30.0,-12.1,False
8134,20120422,2020,12,4,22,221.0,0.0,6.0,2.0,60.0,-18.7,30.0,-12.5,False
8135,20120423,2020,12,4,23,226.0,0.0,6.0,3.0,64.0,-18.4,20.1,-13.0,False
8136,20120500,2020,12,5,0,94.0,1.0,6.0,4.0,67.0,-17.7,28.7,-12.9,False
8137,20120501,2020,12,5,1,137.0,0.0,6.0,4.0,67.0,-19.0,30.0,-14.2,False
8138,20120502,2020,12,5,2,103.0,1.0,7.0,4.0,70.0,-17.9,30.0,-13.6,False
8139,20120503,2020,12,5,3,46.0,1.0,5.0,3.0,70.0,-17.2,5.5,-12.9,False
8140,20120504,2020,12,5,4,77.0,2.0,3.0,3.0,67.0,-18.0,22.0,-13.2,False
8141,20120505,2020,12,5,5,64.0,1.0,3.0,3.0,73.0,-17.1,23.0,-13.3,False
8142,20120506,2020,12,5,6,76.0,2.0,4.0,3.0,70.0,-17.3,30.0,-13.0,False
8143,20120507,2020,12,5,7,87.0,0.0,5.0,2.0,78.0,-15.8,17.3,-12.8,False
8144,20120508,2020,12,5,8,103.0,1.0,147.0,119.0,81.0,-16.7,15.9,-14.2,False
8145,20120509,2020,12,5,9,183.0,1.0,181.0,118.0,81.0,-18.0,29.1,-15.5,False
8146,20120510,2020,12,5,10,140.0,1.0,174.0,126.0,79.0,-17.3,30.0,-14.5,False
8147,20120511,2020,12,5,11,133.0,0.0,194.0,123.0,71.0,-16.1,29.8,-11.9,False
8148,20120512,2020,12,5,12,25.0,0.0,313.0,135.0,66.0,-14.9,30.0,-9.7,False
8149,20120513,2020,12,5,13,315.0,1.0,323.0,137.0,64.0,-15.1,30.0,-9.6,False
8150,20120514,2020,12,5,14,1.0,2.0,181.0,128.0,56.0,-16.2,30.0,-9.0,False
8151,20120515,2020,12,5,15,355.0,3.0,4.0,4.0,57.0,-16.2,30.0,-9.2,False
8152,20120516,2020,12,5,16,355.0,2.0,5.0,3.0,55.0,-16.3,30.0,-8.9,False
8153,20120517,2020,12,5,17,11.0,1.0,236.0,162.0,55.0,-16.7,30.0,-9.3,False
8154,20120518,2020,12,5,18,155.0,1.0,186.0,121.0,62.0,-17.9,30.0,-12.1,False
8155,20120519,2020,12,5,19,162.0,1.0,3.0,2.0,69.0,-18.6,30.0,-14.2,False
8156,20120520,2020,12,5,20,81.0,2.0,94.0,94.0,61.0,-18.6,30.0,-12.6,False
8157,20120521,2020,12,5,21,243.0,1.0,5.0,5.0,61.0,-19.7,30.0,-13.8,False
8158,20120522,2020,12,5,22,153.0,2.0,6.0,4.0,69.0,-19.1,25.3,-14.7,False
8159,20120523,2020,12,5,23,135.0,0.0,5.0,4.0,70.0,-19.0,26.4,-14.7,False
8160,20120600,2020,12,6,0,61.0,1.0,5.0,4.0,57.0,-20.4,30.0,-13.7,False
8161,20120601,2020,12,6,1,88.0,0.0,4.0,4.0,74.0,-19.3,30.0,-15.7,False
8162,20120602,2020,12,6,2,77.0,2.0,193.0,125.0,62.0,-19.4,30.0,-13.7,False
8163,20120603,2020,12,6,3,62.0,2.0,2.0,1.0,33.0,-25.4,30.0,-12.4,False
8164,20120604,2020,12,6,4,152.0,3.0,280.0,182.0,38.0,-25.5,30.0,-14.3,False
8165,20120605,2020,12,6,5,176.0,2.0,3.0,2.0,45.0,-24.5,30.0,-15.2,False
8166,20120606,2020,12,6,6,133.0,0.0,3.0,3.0,49.0,-23.1,30.0,-14.7,False
8167,20120607,2020,12,6,7,84.0,3.0,296.0,160.0,37.0,-24.8,30.0,-13.2,False
8168,20120608,2020,12,6,8,190.0,1.0,5.0,4.0,42.0,-24.7,23.1,-14.6,False
8169,20120609,2020,12,6,9,127.0,0.0,6.0,1.0,47.0,-23.5,30.0,-14.7,False
8170,20120610,2020,12,6,10,176.0,1.0,6.0,1.0,49.0,-22.6,30.0,-14.2,False
8171,20120611,2020,12,6,11,148.0,0.0,4.0,2.0,38.0,-22.1,22.4,-10.5,False
8172,20120612,2020,12,6,12,0.0,0.0,276.0,185.0,31.0,-22.1,30.0,-7.9,False
8173,20120613,2020,12,6,13,0.0,0.0,248.0,187.0,37.0,-19.8,30.0,-7.6,False
8174,20120614,2020,12,6,14,221.0,0.0,7.0,7.0,36.0,-19.2,30.0,-6.6,False
8175,20120615,2020,12,6,15,264.0,1.0,8.0,7.0,44.0,-17.6,30.0,-7.4,False
8176,20120616,2020,12,6,16,193.0,2.0,6.0,5.0,45.0,-17.2,30.0,-7.3,False
8177,20120617,2020,12,6,17,175.0,1.0,7.0,4.0,52.0,-16.6,27.9,-8.5,False
8178,20120618,2020,12,6,18,189.0,1.0,10.0,5.0,59.0,-17.8,17.4,-11.4,False
8179,20120619,2020,12,6,19,80.0,1.0,9.0,5.0,56.0,-18.4,13.8,-11.4,False
8180,20120620,2020,12,6,20,0.0,0.0,9.0,5.0,45.0,-21.9,23.1,-12.4,False
8181,20120621,2020,12,6,21,94.0,1.0,9.0,3.0,49.0,-20.9,30.0,-12.4,False
8182,20120622,2020,12,6,22,43.0,0.0,4.0,3.0,41.0,-22.2,30.0,-11.6,False
8183,20120623,2020,12,6,23,90.0,1.0,3.0,3.0,42.0,-22.4,30.0,-12.1,False
8184,20120700,2020,12,7,0,88.0,0.0,221.0,128.0,50.0,-21.3,28.4,-13.1,False
8185,20120701,2020,12,7,1,79.0,2.0,204.0,126.0,43.0,-21.8,30.0,-11.7,False
8186,20120702,2020,12,7,2,159.0,0.0,190.0,127.0,48.0,-22.8,12.4,-14.2,False
8187,20120703,2020,12,7,3,88.0,1.0,203.0,142.0,44.0,-22.1,30.0,-12.3,False
8188,20120704,2020,12,7,4,111.0,1.0,252.0,174.0,44.0,-22.2,30.0,-12.5,False
8189,20120705,2020,12,7,5,0.0,0.0,4.0,2.0,43.0,-22.3,30.0,-12.3,False
8190,20120706,2020,12,7,6,139.0,0.0,6.0,3.0,52.0,-22.2,30.0,-14.5,False
8191,20120707,2020,12,7,7,119.0,1.0,5.0,1.0,47.0,-21.7,30.0,-12.7,False
8192,20120708,2020,12,7,8,108.0,2.0,7.0,1.0,52.0,-20.3,30.0,-12.5,False
8193,20120709,2020,12,7,9,142.0,1.0,9.0,2.0,48.0,-21.6,6.1,-12.9,False
8194,20120710,2020,12,7,10,101.0,2.0,9.0,4.0,46.0,-21.4,30.0,-12.1,False
8195,20120711,2020,12,7,11,76.0,2.0,6.0,4.0,41.0,-20.2,30.0,-9.4,False
8196,20120712,2020,12,7,12,7.0,1.0,389.0,258.0,29.0,-22.1,30.0,-7.1,False
8197,20120713,2020,12,7,13,286.0,0.0,352.0,242.0,24.0,-23.1,30.0,-5.7,False
8198,20120714,2020,12,7,14,21.0,0.0,376.0,266.0,48.0,-17.6,30.0,-8.6,False
8199,20120715,2020,12,7,15,185.0,0.0,478.0,283.0,50.0,-16.6,30.0,-8.0,False
8200,20120716,2020,12,7,16,224.0,0.0,335.0,203.0,57.0,-16.7,30.0,-9.8,False
8201,20120717,2020,12,7,17,201.0,1.0,13.0,2.0,42.0,-18.1,30.0,-7.4,False
8202,20120718,2020,12,7,18,167.0,0.0,14.0,2.0,46.0,-19.3,30.0,-9.9,False
8203,20120719,2020,12,7,19,137.0,0.0,10.0,4.0,55.0,-19.8,5.2,-12.6,False
8204,20120720,2020,12,7,20,82.0,1.0,8.0,5.0,53.0,-19.5,30.0,-11.8,False
8205,20120721,2020,12,7,21,96.0,1.0,8.0,4.0,51.0,-19.6,30.0,-11.5,False
8206,20120722,2020,12,7,22,84.0,2.0,9.0,4.0,57.0,-18.1,30.0,-11.3,False
8207,20120723,2020,12,7,23,67.0,1.0,7.0,5.0,56.0,-18.8,30.0,-11.8,False
8208,20120800,2020,12,8,0,69.0,2.0,227.0,193.0,57.0,-18.9,30.0,-12.1,False
8209,20120801,2020,12,8,1,81.0,2.0,214.0,187.0,55.0,-19.3,30.0,-12.1,False
8210,20120802,2020,12,8,2,80.0,2.0,241.0,192.0,56.0,-19.7,30.0,-12.8,False
8211,20120803,2020,12,8,3,82.0,2.0,237.0,191.0,54.0,-20.9,30.0,-13.6,False
8212,20120804,2020,12,8,4,64.0,2.0,247.0,195.0,51.0,-21.9,30.0,-14.0,False
8213,20120805,2020,12,8,5,74.0,3.0,5.0,5.0,56.0,-20.3,30.0,-13.4,False
8214,20120806,2020,12,8,6,78.0,3.0,5.0,4.0,59.0,-19.8,30.0,-13.5,False
8215,20120807,2020,12,8,7,68.0,2.0,4.0,3.0,60.0,-19.7,30.0,-13.6,False
8216,20120808,2020,12,8,8,72.0,2.0,5.0,2.0,59.0,-20.5,30.0,-14.2,False
8217,20120809,2020,12,8,9,26.0,0.0,5.0,2.0,59.0,-20.8,30.0,-14.6,False
8218,20120810,2020,12,8,10,98.0,1.0,337.0,220.0,63.0,-20.9,30.0,-15.5,False
8219,20120811,2020,12,8,11,177.0,1.0,333.0,206.0,57.0,-19.9,30.0,-13.2,False
8220,20120812,2020,12,8,12,188.0,0.0,6.0,4.0,51.0,-19.1,30.0,-10.9,False
8221,20120813,2020,12,8,13,315.0,1.0,11.0,3.0,37.0,-21.8,30.0,-9.8,False
8222,20120814,2020,12,8,14,206.0,0.0,11.0,4.0,38.0,-20.8,30.0,-9.1,False
8223,20120815,2020,12,8,15,347.0,0.0,10.0,4.0,44.0,-18.7,30.0,-8.6,False
8224,20120816,2020,12,8,16,343.0,0.0,7.0,3.0,54.0,-17.1,30.0,-9.5,False
8225,20120817,2020,12,8,17,294.0,0.0,8.0,4.0,59.0,-15.4,30.0,-8.8,False
8226,20120818,2020,12,8,18,9.0,0.0,9.0,5.0,67.0,-15.6,30.0,-10.7,False
8227,20120819,2020,12,8,19,98.0,1.0,6.0,5.0,78.0,-14.7,17.5,-11.6,False
8228,20120820,2020,12,8,20,79.0,2.0,6.0,4.0,79.0,-15.5,27.1,-12.6,False
8229,20120821,2020,12,8,21,99.0,2.0,4.0,3.0,79.0,-15.7,30.0,-12.8,False
8230,20120822,2020,12,8,22,0.0,0.0,3.0,2.0,74.0,-17.5,30.0,-13.9,False
8231,20120823,2020,12,8,23,113.0,0.0,3.0,3.0,77.0,-16.2,17.6,-13.0,False
8232,20120900,2020,12,9,0,120.0,0.0,3.0,2.0,77.0,-17.0,30.0,-13.8,False
8233,20120901,2020,12,9,1,130.0,1.0,387.0,265.0,78.0,-17.2,30.0,-14.2,False
8234,20120902,2020,12,9,2,97.0,1.0,375.0,262.0,81.0,-17.2,30.0,-14.7,False
8235,20120903,2020,12,9,3,223.0,0.0,401.0,299.0,77.0,-18.5,30.0,-15.4,False
8236,20120904,2020,12,9,4,261.0,0.0,502.0,282.0,85.0,-17.0,29.8,-15.0,False
8237,20120905,2020,12,9,5,135.0,0.0,457.0,280.0,84.0,-17.8,21.3,-15.7,False
8238,20120906,2020,12,9,6,127.0,2.0,2.0,2.0,84.0,-17.5,26.9,-15.4,False
8239,20120907,2020,12,9,7,162.0,2.0,226.0,160.0,81.0,-16.4,30.0,-13.8,False
8240,20120908,2020,12,9,8,176.0,3.0,449.0,297.0,76.0,-18.0,30.0,-14.7,False
8241,20120909,2020,12,9,9,180.0,3.0,377.0,228.0,75.0,-18.6,30.0,-15.2,False
8242,20120910,2020,12,9,10,163.0,3.0,286.0,238.0,72.0,-18.4,30.0,-14.5,False
8243,20120911,2020,12,9,11,186.0,1.0,299.0,236.0,61.0,-17.2,30.0,-11.2,False
8244,20120912,2020,12,9,12,213.0,1.0,316.0,232.0,57.0,-16.9,30.0,-10.0,False
8245,20120913,2020,12,9,13,221.0,1.0,336.0,282.0,62.0,-15.7,30.0,-9.8,False
8246,20120914,2020,12,9,14,177.0,3.0,319.0,267.0,56.0,-15.1,30.0,-7.9,False
8247,20120915,2020,12,9,15,266.0,2.0,300.0,258.0,65.0,-14.5,30.0,-9.1,False
8248,20120916,2020,12,9,16,264.0,1.0,302.0,248.0,72.0,-14.1,30.0,-10.0,False
8249,20120917,2020,12,9,17,0.0,0.0,320.0,254.0,69.0,-14.1,24.6,-9.5,False
8250,20120918,2020,12,9,18,328.0,0.0,318.0,255.0,65.0,-15.2,30.0,-9.9,False
8251,20120919,2020,12,9,19,148.0,1.0,301.0,263.0,72.0,-16.5,30.0,-12.5,False
8252,20120920,2020,12,9,20,161.0,1.0,752.0,246.0,56.0,-19.1,30.0,-12.1,False
8253,20120921,2020,12,9,21,121.0,1.0,324.0,229.0,57.0,-20.3,30.0,-13.6,False
8254,20120922,2020,12,9,22,227.0,0.0,5.0,4.0,54.0,-20.4,30.0,-13.0,False
8255,20120923,2020,12,9,23,186.0,1.0,6.0,5.0,64.0,-20.5,30.0,-15.2,False
8256,20121000,2020,12,10,0,192.0,1.0,5.0,4.0,63.0,-20.6,30.0,-15.1,False
8257,20121001,2020,12,10,1,156.0,0.0,5.0,2.0,65.0,-20.4,30.0,-15.3,False
8258,20121002,2020,12,10,2,334.0,0.0,354.0,241.0,63.0,-19.5,30.0,-14.0,False
8259,20121003,2020,12,10,3,105.0,1.0,354.0,240.0,62.0,-19.7,30.0,-14.0,False
8260,20121004,2020,12,10,4,84.0,1.0,1.0,1.0,62.0,-18.9,30.0,-13.2,False
8261,20121005,2020,12,10,5,94.0,2.0,2.0,1.0,69.0,-17.2,30.0,-12.7,False
8262,20121006,2020,12,10,6,70.0,1.0,432.0,261.0,73.0,-15.7,30.0,-11.8,False
8263,20121007,2020,12,10,7,105.0,1.0,436.0,243.0,76.0,-16.0,30.0,-12.7,False
8264,20121008,2020,12,10,8,61.0,1.0,425.0,233.0,72.0,-17.7,30.0,-13.7,False
8265,20121009,2020,12,10,9,135.0,1.0,2.0,2.0,68.0,-19.1,30.0,-14.5,False
8266,20121010,2020,12,10,10,147.0,1.0,4.0,3.0,60.0,-19.2,30.0,-13.1,False
8267,20121011,2020,12,10,11,156.0,1.0,323.0,170.0,56.0,-18.0,30.0,-10.9,False
8268,20121012,2020,12,10,12,176.0,1.0,276.0,181.0,51.0,-17.8,30.0,-9.6,False
8269,20121013,2020,12,10,13,196.0,2.0,292.0,215.0,52.0,-16.4,30.0,-8.3,False
8270,20121014,2020,12,10,14,193.0,3.0,273.0,220.0,58.0,-15.2,30.0,-8.4,False
8271,20121015,2020,12,10,15,198.0,3.0,274.0,236.0,49.0,-16.5,30.0,-7.6,False
8272,20121016,2020,12,10,16,225.0,3.0,312.0,265.0,60.0,-15.5,30.0,-9.2,False
8273,20121017,2020,12,10,17,219.0,3.0,388.0,317.0,76.0,-13.2,4.7,-9.8,False
8274,20121018,2020,12,10,18,165.0,1.0,6.0,4.0,82.0,-12.2,6.5,-9.7,False
8275,20121019,2020,12,10,19,181.0,1.0,6.0,6.0,83.0,-12.9,26.4,-10.6,False
8276,20121020,2020,12,10,20,155.0,2.0,7.0,5.0,78.0,-13.9,30.0,-10.8,False
8277,20121021,2020,12,10,21,175.0,3.0,8.0,2.0,63.0,-15.3,30.0,-9.6,False
8278,20121022,2020,12,10,22,221.0,3.0,5.0,1.0,63.0,-14.8,30.0,-9.1,False
8279,20121023,2020,12,10,23,181.0,5.0,4.0,2.0,72.0,-13.8,30.0,-9.7,False
8280,20121100,2020,12,11,0,201.0,5.0,330.0,272.0,55.0,-16.9,30.0,-9.5,False
8281,20121101,2020,12,11,1,215.0,6.0,345.0,266.0,60.0,-16.1,30.0,-9.8,False
8282,20121102,2020,12,11,2,200.0,6.0,6.0,2.0,65.0,-16.3,30.0,-11.0,False
8283,20121103,2020,12,11,3,188.0,5.0,5.0,3.0,79.0,-15.5,17.9,-12.6,False
8284,20121104,2020,12,11,4,170.0,4.0,3.0,2.0,63.0,-18.1,30.0,-12.5,False
8285,20121105,2020,12,11,5,184.0,3.0,328.0,254.0,59.0,-18.0,30.0,-11.6,False
8286,20121106,2020,12,11,6,170.0,3.0,362.0,249.0,65.0,-16.1,30.0,-10.8,False
8287,20121107,2020,12,11,7,199.0,4.0,1.0,1.0,68.0,-15.4,30.0,-10.6,False
8288,20121108,2020,12,11,8,218.0,6.0,359.0,271.0,74.0,-14.9,19.3,-11.2,False
8289,20121109,2020,12,11,9,261.0,4.0,400.0,302.0,84.0,-16.0,6.7,-13.9,False
8290,20121110,2020,12,11,10,241.0,2.0,446.0,282.0,84.0,-17.0,3.6,-14.9,False
8291,20121111,2020,12,11,11,171.0,0.0,305.0,149.0,83.0,-17.1,2.4,-14.9,False
8292,20121112,2020,12,11,12,229.0,0.0,5.0,2.0,80.0,-16.0,8.0,-13.3,False
8293,20121113,2020,12,11,13,284.0,1.0,5.0,1.0,76.0,-16.5,14.4,-13.2,False
8294,20121114,2020,12,11,14,284.0,1.0,5.0,1.0,76.0,-16.5,14.4,-13.2,False
8295,20121115,2020,12,11,15,284.0,1.0,5.0,1.0,76.0,-16.5,14.4,-13.2,False
8296,20121116,2020,12,11,16,225.0,3.0,312.0,265.0,60.0,-15.5,30.0,-9.2,False
8297,20121117,2020,12,11,17,219.0,3.0,388.0,317.0,76.0,-13.2,4.7,-9.8,False
8298,20121118,2020,12,11,18,4.0,2.0,11.0,9.0,77.0,-19.1,10.9,-16.0,False
8299,20121119,2020,12,11,19,24.0,3.0,13.0,13.0,75.0,-19.8,25.0,-16.4,False
8300,20121120,2020,12,11,20,25.0,2.0,122.0,117.0,78.0,-19.8,7.2,-16.9,False
8301,20121121,2020,12,11,21,66.0,1.0,150.0,131.0,75.0,-21.2,30.0,-17.8,False
8302,20121122,2020,12,11,22,323.0,1.0,174.0,136.0,80.0,-21.4,6.9,-18.8,False
8303,20121123,2020,12,11,23,337.0,1.0,10.0,9.0,78.0,-22.9,11.0,-20.1,False
8304,20121200,2020,12,12,0,82.0,1.0,7.0,6.0,77.0,-23.2,4.8,-20.2,False
8305,20121201,2020,12,12,1,94.0,0.0,6.0,5.0,77.0,-23.6,2.7,-20.6,False
8306,20121202,2020,12,12,2,28.0,1.0,5.0,5.0,75.0,-24.3,1.9,-21.0,False
8307,20121203,2020,12,12,3,58.0,1.0,6.0,6.0,77.0,-24.7,18.7,-21.8,False
8308,20121204,2020,12,12,4,21.0,1.0,6.0,4.0,78.0,-25.1,16.7,-22.3,False
8309,20121205,2020,12,12,5,4.0,1.0,3.0,2.0,80.0,-24.7,18.9,-22.2,False
8310,20121206,2020,12,12,6,113.0,0.0,201.0,168.0,80.0,-24.4,17.4,-21.9,False
8311,20121207,2020,12,12,7,54.0,0.0,206.0,152.0,79.0,-25.6,14.0,-23.0,False
8312,20121208,2020,12,12,8,75.0,3.0,3.0,1.0,49.0,-27.8,30.0,-19.8,False
8313,20121209,2020,12,12,9,90.0,2.0,4.0,4.0,40.0,-29.1,26.8,-18.8,False
8314,20121210,2020,12,12,10,90.0,2.0,4.0,4.0,40.0,-29.1,26.8,-18.8,False
8315,20121211,2020,12,12,11,91.0,1.0,4.0,4.0,29.0,-30.9,30.0,-17.1,False
8316,20121212,2020,12,12,12,153.0,3.0,279.0,196.0,30.0,-30.3,30.0,-16.8,False
8317,20121213,2020,12,12,13,224.0,0.0,258.0,208.0,38.0,-26.7,30.0,-15.6,False
8318,20121214,2020,12,12,14,1.0,0.0,316.0,216.0,28.0,-29.4,30.0,-14.9,False
8319,20121215,2020,12,12,15,7.0,0.0,261.0,213.0,31.0,-27.0,30.0,-13.5,False
8320,20121216,2020,12,12,16,7.0,1.0,298.0,244.0,34.0,-25.8,30.0,-13.2,False
8321,20121217,2020,12,12,17,0.0,0.0,313.0,244.0,35.0,-25.4,30.0,-13.1,False
8322,20121218,2020,12,12,18,322.0,0.0,6.0,1.0,30.0,-27.8,30.0,-14.0,False
8323,20121219,2020,12,12,19,149.0,0.0,228.0,183.0,43.0,-28.4,30.0,-18.9,False
8324,20121220,2020,12,12,20,81.0,2.0,212.0,181.0,42.0,-27.3,30.0,-17.5,False
8325,20121221,2020,12,12,21,157.0,4.0,221.0,182.0,47.0,-28.2,30.0,-19.7,False
8326,20121222,2020,12,12,22,166.0,3.0,216.0,179.0,43.0,-28.0,30.0,-18.5,False
8327,20121223,2020,12,12,23,168.0,1.0,215.0,174.0,46.0,-28.3,15.5,-19.6,False
8328,20121300,2020,12,13,0,168.0,1.0,215.0,174.0,46.0,-28.3,15.5,-19.6,False
8329,20121301,2020,12,13,1,84.0,3.0,221.0,187.0,38.0,-29.4,30.0,-18.6,False
8330,20121302,2020,12,13,2,78.0,4.0,250.0,182.0,34.0,-30.0,30.0,-17.9,False
8331,20121303,2020,12,13,3,81.0,2.0,242.0,184.0,30.0,-31.8,30.0,-18.5,False
8332,20121304,2020,12,13,4,143.0,4.0,234.0,173.0,32.0,-32.2,30.0,-19.7,False
8333,20121305,2020,12,13,5,145.0,3.0,188.0,160.0,34.0,-31.1,30.0,-19.2,False
8334,20121306,2020,12,13,6,93.0,2.0,189.0,161.0,28.0,-32.4,30.0,-18.3,False
8335,20121307,2020,12,13,7,133.0,0.0,206.0,152.0,33.0,-32.5,30.0,-20.4,False
8336,20121308,2020,12,13,8,120.0,1.0,175.0,155.0,33.0,-31.7,30.0,-19.5,False
8337,20121309,2020,12,13,9,102.0,1.0,215.0,169.0,29.0,-32.9,30.0,-19.3,False
8338,20121310,2020,12,13,10,102.0,2.0,221.0,169.0,26.0,-33.3,30.0,-18.5,False
8339,20121311,2020,12,13,11,102.0,1.0,216.0,166.0,24.0,-31.9,23.0,-15.9,False
8340,20121312,2020,12,13,12,91.0,0.0,210.0,181.0,20.0,-32.1,30.0,-14.0,False
8341,20121313,2020,12,13,13,289.0,0.0,257.0,192.0,15.0,-33.8,30.0,-12.4,False
8342,20121314,2020,12,13,14,0.0,0.0,258.0,194.0,18.0,-31.6,30.0,-12.1,False
8343,20121315,2020,12,13,15,345.0,1.0,266.0,191.0,29.0,-27.5,30.0,-13.2,False
8344,20121316,2020,12,13,16,256.0,0.0,253.0,188.0,17.0,-31.6,30.0,-11.3,False
8345,20121317,2020,12,13,17,200.0,1.0,5.0,1.0,33.0,-26.4,30.0,-13.6,False
8346,20121318,2020,12,13,18,190.0,2.0,233.0,188.0,32.0,-29.7,30.0,-16.9,False
8347,20121319,2020,12,13,19,161.0,1.0,256.0,214.0,38.0,-28.9,30.0,-18.0,False
8348,20121320,2020,12,13,20,151.0,0.0,296.0,232.0,37.0,-29.4,30.0,-18.3,False
8349,20121321,2020,12,13,21,128.0,1.0,343.0,237.0,40.0,-29.1,30.0,-18.8,False
8350,20121322,2020,12,13,22,142.0,1.0,315.0,231.0,40.0,-30.0,30.0,-19.8,False
8351,20121323,2020,12,13,23,97.0,0.0,305.0,233.0,40.0,-29.3,30.0,-19.1,False
8352,20121400,2020,12,14,0,95.0,2.0,305.0,226.0,32.0,-31.1,30.0,-18.4,False
8353,20121401,2020,12,14,1,87.0,1.0,2.0,1.0,34.0,-30.9,30.0,-18.9,False
8354,20121402,2020,12,14,2,71.0,1.0,330.0,216.0,25.0,-33.7,30.0,-18.5,False
8355,20121403,2020,12,14,3,87.0,2.0,303.0,205.0,25.0,-33.8,30.0,-18.6,False
8356,20121404,2020,12,14,4,85.0,3.0,296.0,202.0,26.0,-33.2,30.0,-18.4,False
8357,20121405,2020,12,14,5,96.0,2.0,282.0,196.0,27.0,-32.8,30.0,-18.4,False
8358,20121406,2020,12,14,6,77.0,2.0,274.0,181.0,30.0,-32.3,30.0,-19.0,False
8359,20121407,2020,12,14,7,80.0,1.0,258.0,176.0,27.0,-32.3,30.0,-17.8,False
8360,20121408,2020,12,14,8,79.0,2.0,253.0,174.0,24.0,-33.5,30.0,-17.8,False
8361,20121409,2020,12,14,9,79.0,2.0,286.0,219.0,25.0,-33.5,30.0,-18.3,False
8362,20121410,2020,12,14,10,79.0,2.0,362.0,238.0,24.0,-33.5,30.0,-17.8,False
8363,20121411,2020,12,14,11,63.0,2.0,338.0,197.0,27.0,-30.5,30.0,-15.7,False
8364,20121412,2020,12,14,12,25.0,1.0,290.0,208.0,21.0,-31.5,30.0,-13.8,False
8365,20121413,2020,12,14,13,351.0,1.0,356.0,233.0,20.0,-31.8,30.0,-13.6,False
8366,20121414,2020,12,14,14,2.0,2.0,494.0,255.0,28.0,-27.1,30.0,-12.3,False
8367,20121415,2020,12,14,15,344.0,1.0,388.0,269.0,32.0,-25.9,30.0,-12.6,False
8368,20121416,2020,12,14,16,349.0,1.0,377.0,262.0,27.0,-28.6,30.0,-13.6,False
8369,20121417,2020,12,14,17,66.0,1.0,2.0,2.0,32.0,-26.3,30.0,-13.1,False
8370,20121418,2020,12,14,18,19.0,0.0,3.0,1.0,57.0,-21.0,30.0,-14.3,False
8371,20121419,2020,12,14,19,40.0,0.0,319.0,236.0,66.0,-21.3,30.0,-16.4,False
8372,20121420,2020,12,14,20,78.0,2.0,327.0,235.0,38.0,-26.2,30.0,-15.1,False
8373,20121421,2020,12,14,21,84.0,3.0,369.0,240.0,40.0,-24.9,30.0,-14.2,False
8374,20121422,2020,12,14,22,82.0,2.0,1.0,1.0,47.0,-23.2,30.0,-14.4,False
8375,20121423,2020,12,14,23,92.0,2.0,285.0,263.0,49.0,-22.7,30.0,-14.3,False
8376,20121500,2020,12,15,0,81.0,3.0,1.0,1.0,42.0,-24.0,30.0,-13.9,False
8377,20121501,2020,12,15,1,86.0,3.0,359.0,244.0,49.0,-22.2,30.0,-13.8,False
8378,20121502,2020,12,15,2,83.0,2.0,374.0,244.0,55.0,-20.7,30.0,-13.6,False
8379,20121503,2020,12,15,3,84.0,2.0,363.0,240.0,56.0,-20.9,30.0,-14.0,False
8380,20121504,2020,12,15,4,81.0,3.0,2.0,2.0,56.0,-20.8,30.0,-13.9,False
8381,20121505,2020,12,15,5,76.0,3.0,2.0,2.0,58.0,-20.3,30.0,-13.8,False
8382,20121506,2020,12,15,6,79.0,3.0,363.0,213.0,59.0,-19.9,30.0,-13.6,False
8383,20121507,2020,12,15,7,86.0,3.0,345.0,199.0,60.0,-20.3,30.0,-14.2,False
8384,20121508,2020,12,15,8,80.0,2.0,1.0,1.0,58.0,-20.2,24.4,-13.7,False
8385,20121509,2020,12,15,9,82.0,2.0,267.0,170.0,57.0,-20.2,30.0,-13.5,False
8386,20121510,2020,12,15,10,70.0,2.0,259.0,166.0,60.0,-19.4,30.0,-13.3,False
8387,20121511,2020,12,15,11,59.0,1.0,248.0,163.0,52.0,-19.2,30.0,-11.3,False
8388,20121512,2020,12,15,12,350.0,0.0,290.0,208.0,44.0,-19.2,30.0,-9.2,False
8389,20121513,2020,12,15,13,293.0,0.0,86.0,78.0,27.0,-24.7,30.0,-9.1,False
8390,20121514,2020,12,15,14,341.0,1.0,272.0,211.0,17.0,-29.7,30.0,-9.1,False
8391,20121515,2020,12,15,15,35.0,2.0,304.0,263.0,18.0,-29.4,30.0,-9.4,False
8392,20121516,2020,12,15,16,4.0,2.0,278.0,240.0,31.0,-22.9,30.0,-8.8,False
8393,20121517,2020,12,15,17,340.0,1.0,415.0,294.0,37.0,-20.6,30.0,-8.5,False
8394,20121518,2020,12,15,18,305.0,1.0,422.0,293.0,43.0,-20.3,30.0,-10.1,False
8395,20121519,2020,12,15,19,26.0,0.0,435.0,292.0,53.0,-21.3,30.0,-13.8,False
8396,20121520,2020,12,15,20,71.0,0.0,438.0,296.0,48.0,-22.0,30.0,-13.3,False
8397,20121521,2020,12,15,21,105.0,1.0,414.0,271.0,55.0,-21.9,30.0,-14.9,False
8398,20121522,2020,12,15,22,83.0,1.0,395.0,252.0,56.0,-20.8,30.0,-13.9,False
8399,20121523,2020,12,15,23,103.0,2.0,4.0,1.0,57.0,-19.9,30.0,-13.2,False
8400,20121600,2020,12,16,0,110.0,0.0,350.0,253.0,63.0,-19.4,30.0,-13.9,False
8401,20121601,2020,12,16,1,114.0,1.0,2.0,1.0,63.0,-19.8,10.3,-14.3,False
8402,20121602,2020,12,16,2,96.0,2.0,3.0,2.0,61.0,-19.2,30.0,-13.3,False
8403,20121603,2020,12,16,3,100.0,2.0,4.0,3.0,63.0,-18.9,30.0,-13.4,False
8404,20121604,2020,12,16,4,101.0,2.0,3.0,3.0,61.0,-19.6,30.0,-13.7,False
8405,20121605,2020,12,16,5,83.0,2.0,3.0,2.0,63.0,-19.1,30.0,-13.6,False
8406,20121606,2020,12,16,6,86.0,3.0,406.0,272.0,65.0,-18.9,30.0,-13.7,False
8407,20121607,2020,12,16,7,87.0,2.0,230.0,77.0,64.0,-18.9,30.0,-13.6,False
8408,20121608,2020,12,16,8,89.0,3.0,414.0,300.0,63.0,-19.3,30.0,-13.8,False
8409,20121609,2020,12,16,9,88.0,2.0,502.0,343.0,62.0,-19.4,30.0,-13.7,False
8410,20121610,2020,12,16,10,90.0,3.0,518.0,319.0,60.0,-19.9,30.0,-13.8,False
8411,20121611,2020,12,16,11,86.0,2.0,438.0,332.0,54.0,-19.3,30.0,-11.9,False
8412,20121612,2020,12,16,12,34.0,1.0,489.0,307.0,51.0,-18.0,30.0,-9.8,False
8413,20121613,2020,12,16,13,3.0,1.0,57.0,52.0,49.0,-17.9,30.0,-9.1,False
8414,20121614,2020,12,16,14,2.0,1.0,569.0,329.0,51.0,-17.4,30.0,-9.1,False
8415,20121615,2020,12,16,15,11.0,1.0,498.0,347.0,52.0,-17.3,30.0,-9.3,False
8416,20121616,2020,12,16,16,2.0,1.0,278.0,240.0,51.0,-17.4,30.0,-9.1,False
8417,20121617,2020,12,16,17,16.0,1.0,493.0,374.0,53.0,-17.9,30.0,-10.1,False
8418,20121618,2020,12,16,18,16.0,1.0,493.0,374.0,53.0,-17.9,30.0,-10.1,False
8419,20121619,2020,12,16,19,79.0,2.0,572.0,413.0,59.0,-19.1,30.0,-12.8,False
8420,20121620,2020,12,16,20,79.0,2.0,438.0,296.0,60.0,-19.5,30.0,-13.4,False
8421,20121621,2020,12,16,21,83.0,3.0,594.0,418.0,61.0,-19.3,30.0,-13.4,False
8422,20121622,2020,12,16,22,83.0,2.0,593.0,399.0,63.0,-19.3,30.0,-13.8,False
8423,20121623,2020,12,16,23,87.0,2.0,600.0,390.0,62.0,-19.4,30.0,-13.7,False
8424,20121700,2020,12,17,0,86.0,2.0,1.0,1.0,63.0,-19.1,30.0,-13.6,False
8425,20121701,2020,12,17,1,85.0,2.0,572.0,384.0,62.0,-19.4,30.0,-13.7,False
8426,20121702,2020,12,17,2,102.0,2.0,587.0,375.0,62.0,-19.8,30.0,-14.1,False
8427,20121703,2020,12,17,3,81.0,3.0,557.0,389.0,64.0,-19.2,30.0,-13.9,False
8428,20121704,2020,12,17,4,83.0,2.0,567.0,376.0,62.0,-19.7,30.0,-14.0,False
8429,20121705,2020,12,17,5,83.0,2.0,2.0,1.0,63.0,-19.7,30.0,-14.2,False
8430,20121706,2020,12,17,6,82.0,3.0,566.0,387.0,62.0,-19.9,30.0,-14.2,False
8431,20121707,2020,12,17,7,80.0,2.0,577.0,399.0,63.0,-19.9,30.0,-14.4,False
8432,20121708,2020,12,17,8,73.0,2.0,559.0,391.0,65.0,-19.5,30.0,-14.4,False
8433,20121709,2020,12,17,9,76.0,1.0,627.0,400.0,67.0,-19.5,30.0,-14.7,False
8434,20121710,2020,12,17,10,76.0,1.0,614.0,392.0,68.0,-18.7,30.0,-14.1,False
8435,20121711,2020,12,17,11,58.0,0.0,438.0,332.0,66.0,-17.3,30.0,-12.3,False
8436,20121712,2020,12,17,12,324.0,0.0,584.0,393.0,60.0,-17.3,30.0,-11.1,False
8437,20121713,2020,12,17,13,328.0,0.0,547.0,385.0,58.0,-17.3,30.0,-10.6,False
8438,20121714,2020,12,17,14,322.0,1.0,5.0,4.0,58.0,-17.5,30.0,-10.9,False
8439,20121715,2020,12,17,15,345.0,2.0,7.0,4.0,55.0,-17.1,30.0,-9.8,False
8440,20121716,2020,12,17,16,341.0,1.0,6.0,4.0,55.0,-17.0,30.0,-9.7,False
8441,20121717,2020,12,17,17,359.0,0.0,533.0,412.0,53.0,-17.9,30.0,-10.1,False
8442,20121718,2020,12,17,18,2.0,1.0,560.0,422.0,54.0,-18.8,30.0,-11.3,False
8443,20121719,2020,12,17,19,58.0,1.0,545.0,446.0,61.0,-19.1,30.0,-13.2,False
8444,20121720,2020,12,17,20,78.0,2.0,609.0,416.0,69.0,-17.4,30.0,-12.9,False
8445,20121721,2020,12,17,21,58.0,1.0,8.0,1.0,62.0,-18.7,30.0,-13.0,False
8446,20121722,2020,12,17,22,79.0,2.0,6.0,1.0,65.0,-18.3,30.0,-13.1,False
8447,20121723,2020,12,17,23,80.0,2.0,461.0,372.0,64.0,-18.6,30.0,-13.2,False
8448,20121800,2020,12,18,0,62.0,1.0,581.0,420.0,62.0,-19.4,30.0,-13.7,False
8449,20121801,2020,12,18,1,84.0,2.0,677.0,392.0,61.0,-19.3,27.9,-13.4,False
8450,20121802,2020,12,18,2,84.0,2.0,692.0,402.0,64.0,-19.2,30.0,-13.9,False
8451,20121803,2020,12,18,3,86.0,3.0,619.0,376.0,64.0,-19.2,30.0,-13.9,False
8452,20121804,2020,12,18,4,87.0,2.0,567.0,376.0,62.0,-19.1,30.0,-13.8,False
8453,20121805,2020,12,18,5,87.0,2.0,2.0,1.0,63.0,-19.1,30.0,-13.8,False
8454,20121806,2020,12,18,6,89.0,2.0,590.0,383.0,61.0,-19.8,30.0,-13.9,False
8455,20121807,2020,12,18,7,106.0,1.0,525.0,376.0,60.0,-21.3,30.0,-15.3,False
8456,20121808,2020,12,18,8,108.0,1.0,503.0,366.0,66.0,-20.5,30.0,-15.6,False
8457,20121809,2020,12,18,9,148.0,0.0,480.0,367.0,60.0,-22.8,30.0,-16.9,False
8458,20121810,2020,12,18,10,49.0,0.0,491.0,378.0,62.0,-21.3,30.0,-15.7,False
8459,20121811,2020,12,18,11,105.0,0.0,585.0,437.0,48.0,-21.2,30.0,-12.4,False
8460,20121812,2020,12,18,12,0.0,0.0,752.0,450.0,40.0,-19.5,30.0,-8.3,False
8461,20121813,2020,12,18,13,0.0,0.0,797.0,449.0,42.0,-18.6,30.0,-7.9,False
8462,20121814,2020,12,18,14,0.0,0.0,759.0,438.0,44.0,-18.8,30.0,-8.8,False
8463,20121815,2020,12,18,15,216.0,0.0,641.0,424.0,46.0,-18.6,30.0,-9.1,False
8464,20121816,2020,12,18,16,205.0,1.0,554.0,360.0,40.0,-18.9,30.0,-7.6,False
8465,20121817,2020,12,18,17,205.0,1.0,380.0,264.0,43.0,-18.8,30.0,-8.5,False
8466,20121818,2020,12,18,18,165.0,1.0,322.0,268.0,53.0,-19.6,30.0,-12.0,False
8467,20121819,2020,12,18,19,151.0,2.0,351.0,270.0,59.0,-20.0,24.4,-13.7,False
8468,20121820,2020,12,18,20,125.0,3.0,341.0,256.0,51.0,-20.3,30.0,-12.2,False
8469,20121821,2020,12,18,21,125.0,3.0,341.0,256.0,51.0,-20.3,30.0,-12.2,False
8470,20121822,2020,12,18,22,168.0,0.0,4.0,3.0,54.0,-22.1,30.0,-14.9,False
8471,20121823,2020,12,18,23,76.0,2.0,4.0,1.0,50.0,-21.2,30.0,-12.9,False
8472,20121900,2020,12,19,0,80.0,1.0,234.0,206.0,50.0,-21.8,30.0,-13.6,False
8473,20121901,2020,12,19,1,92.0,1.0,275.0,228.0,47.0,-23.0,30.0,-14.1,False
8474,20121902,2020,12,19,2,103.0,1.0,320.0,249.0,52.0,-21.7,30.0,-14.0,False
8475,20121903,2020,12,19,3,37.0,0.0,328.0,258.0,52.0,-22.8,30.0,-15.1,False
8476,20121904,2020,12,19,4,90.0,1.0,335.0,258.0,53.0,-22.1,30.0,-14.6,False
8477,20121905,2020,12,19,5,83.0,1.0,339.0,270.0,50.0,-22.1,30.0,-13.9,False
8478,20121906,2020,12,19,6,143.0,2.0,377.0,269.0,52.0,-22.8,30.0,-15.2,False
8479,20121907,2020,12,19,7,151.0,1.0,380.0,283.0,54.0,-22.7,30.0,-15.5,False
8480,20121908,2020,12,19,8,156.0,2.0,431.0,309.0,56.0,-21.8,30.0,-15.0,False
8481,20121909,2020,12,19,9,147.0,4.0,414.0,284.0,55.0,-22.0,26.3,-15.0,False
8482,20121910,2020,12,19,10,138.0,2.0,435.0,324.0,53.0,-22.4,30.0,-15.0,False
8483,20121911,2020,12,19,11,82.0,1.0,457.0,305.0,36.0,-23.5,30.0,-11.4,False
8484,20121912,2020,12,19,12,64.0,1.0,519.0,299.0,35.0,-21.6,21.8,-8.9,False
8485,20121913,2020,12,19,13,348.0,1.0,493.0,314.0,37.0,-20.4,30.0,-8.3,False
8486,20121914,2020,12,19,14,274.0,1.0,784.0,390.0,39.0,-19.5,30.0,-8.0,False
8487,20121915,2020,12,19,15,171.0,0.0,613.0,428.0,34.0,-20.0,30.0,-6.8,False
8488,20121916,2020,12,19,16,298.0,1.0,574.0,415.0,36.0,-19.5,30.0,-6.9,False
8489,20121917,2020,12,19,17,0.0,0.0,7.0,2.0,35.0,-18.7,30.0,-5.7,False
8490,20121918,2020,12,19,18,0.0,0.0,14.0,3.0,42.0,-19.1,30.0,-8.5,False
8491,20121919,2020,12,19,19,59.0,1.0,12.0,2.0,47.0,-20.2,30.0,-11.1,False
8492,20121920,2020,12,19,20,85.0,2.0,532.0,433.0,47.0,-20.6,30.0,-11.5,False
8493,20121921,2020,12,19,21,145.0,4.0,565.0,420.0,53.0,-20.6,30.0,-13.0,False
8494,20121922,2020,12,19,22,143.0,2.0,582.0,426.0,49.0,-21.8,30.0,-13.3,False
8495,20121923,2020,12,19,23,94.0,1.0,592.0,393.0,44.0,-22.2,30.0,-12.4,False
8496,20122000,2020,12,20,0,178.0,0.0,546.0,363.0,40.0,-24.4,30.0,-13.7,False
8497,20122001,2020,12,20,1,136.0,2.0,531.0,370.0,43.0,-23.3,30.0,-13.4,False
8498,20122002,2020,12,20,2,152.0,1.0,543.0,392.0,42.0,-23.3,30.0,-13.1,False
8499,20122003,2020,12,20,3,131.0,2.0,565.0,391.0,35.0,-24.8,30.0,-12.5,False
8500,20122004,2020,12,20,4,86.0,2.0,535.0,391.0,27.0,-26.6,30.0,-11.3,False
8501,20122005,2020,12,20,5,95.0,3.0,555.0,388.0,23.0,-27.4,30.0,-10.2,False
8502,20122006,2020,12,20,6,121.0,1.0,591.0,410.0,29.0,-27.1,30.0,-12.8,False
8503,20122007,2020,12,20,7,165.0,2.0,574.0,396.0,27.0,-27.6,30.0,-12.4,False
8504,20122008,2020,12,20,8,149.0,2.0,575.0,437.0,26.0,-27.8,30.0,-12.2,False
8505,20122009,2020,12,20,9,162.0,0.0,566.0,414.0,30.0,-28.1,30.0,-14.3,False
8506,20122010,2020,12,20,10,122.0,0.0,525.0,373.0,32.0,-27.9,30.0,-14.8,False
8507,20122011,2020,12,20,11,178.0,1.0,452.0,330.0,25.0,-26.9,30.0,-10.7,False
8508,20122012,2020,12,20,12,196.0,0.0,423.0,316.0,25.0,-23.8,30.0,-7.1,False
8509,20122013,2020,12,20,13,340.0,0.0,501.0,336.0,17.0,-26.8,30.0,-5.6,False
8510,20122014,2020,12,20,14,0.0,0.0,484.0,327.0,23.0,-23.0,30.0,-5.1,False
8511,20122015,2020,12,20,15,0.0,0.0,484.0,327.0,23.0,-23.0,30.0,-5.1,False
8512,20122016,2020,12,20,16,218.0,1.0,404.0,313.0,34.0,-18.8,29.5,-5.4,False
8513,20122017,2020,12,20,17,301.0,1.0,362.0,269.0,32.0,-20.2,30.0,-6.2,False
8514,20122018,2020,12,20,18,141.0,4.0,5.0,1.0,44.0,-20.0,30.0,-10.1,False
8515,20122019,2020,12,20,19,116.0,1.0,6.0,2.0,41.0,-20.8,17.4,-10.0,False
8516,20122020,2020,12,20,20,28.0,2.0,4.0,2.0,43.0,-21.0,30.0,-10.9,False
8517,20122021,2020,12,20,21,101.0,1.0,345.0,303.0,40.0,-23.6,30.0,-12.8,False
8518,20122022,2020,12,20,22,48.0,1.0,3.0,1.0,37.0,-23.1,30.0,-11.3,False
8519,20122023,2020,12,20,23,266.0,0.0,464.0,346.0,46.0,-22.8,30.0,-13.6,False
8520,20122100,2020,12,21,0,101.0,2.0,500.0,350.0,44.0,-22.9,30.0,-13.2,False
8521,20122101,2020,12,21,1,66.0,0.0,499.0,328.0,38.0,-24.1,30.0,-12.7,False
8522,20122102,2020,12,21,2,58.0,2.0,445.0,301.0,40.0,-23.2,30.0,-12.4,False
8523,20122103,2020,12,21,3,87.0,1.0,409.0,300.0,37.0,-24.1,30.0,-12.4,False
8524,20122104,2020,12,21,4,146.0,2.0,427.0,297.0,45.0,-23.4,30.0,-14.0,False
8525,20122105,2020,12,21,5,133.0,1.0,463.0,334.0,44.0,-22.9,30.0,-13.2,False
8526,20122106,2020,12,21,6,80.0,1.0,515.0,349.0,38.0,-23.5,30.0,-12.1,False
8527,20122107,2020,12,21,7,74.0,2.0,487.0,361.0,40.0,-23.6,30.0,-12.8,False
8528,20122108,2020,12,21,8,74.0,2.0,487.0,361.0,40.0,-23.6,30.0,-12.8,False
8529,20122109,2020,12,21,9,89.0,3.0,522.0,358.0,40.0,-23.4,30.0,-12.6,False
8530,20122110,2020,12,21,10,70.0,2.0,479.0,349.0,41.0,-22.0,30.0,-11.4,False
8531,20122111,2020,12,21,11,12.0,1.0,5.0,4.0,44.0,-20.7,30.0,-10.8,False
8532,20122112,2020,12,21,12,354.0,1.0,8.0,7.0,43.0,-20.1,30.0,-9.9,False
8533,20122113,2020,12,21,13,328.0,5.0,363.0,202.0,52.0,-19.7,30.0,-11.8,False
8534,20122114,2020,12,21,14,74.0,0.0,14.0,12.0,53.0,-19.8,30.0,-12.2,False
8535,20122115,2020,12,21,15,314.0,3.0,20.0,13.0,62.0,-18.9,30.0,-13.2,False
8536,20122116,2020,12,21,16,269.0,0.0,25.0,15.0,66.0,-18.1,4.7,-13.1,False
8537,20122117,2020,12,21,17,294.0,0.0,31.0,12.0,82.0,-16.6,2.2,-14.2,False
8538,20122118,2020,12,21,18,192.0,0.0,24.0,4.0,81.0,-17.4,2.4,-14.9,False
8539,20122119,2020,12,21,19,133.0,1.0,174.0,112.0,80.0,-17.2,6.9,-14.5,False
8540,20122120,2020,12,21,20,144.0,0.0,34.0,6.0,82.0,-17.7,9.0,-15.3,False
8541,20122121,2020,12,21,21,229.0,3.0,34.0,11.0,84.0,-17.3,2.5,-15.2,False
8542,20122122,2020,12,21,22,244.0,4.0,26.0,14.0,82.0,-18.0,2.1,-15.6,False
8543,20122123,2020,12,21,23,266.0,2.0,17.0,11.0,80.0,-20.2,0.9,-17.6,False
8544,20122200,2020,12,22,0,146.0,3.0,10.0,6.0,79.0,-20.8,3.1,-18.1,False
8545,20122201,2020,12,22,1,183.0,1.0,6.0,5.0,76.0,-23.2,9.7,-20.1,False
8546,20122202,2020,12,22,2,0.0,0.0,207.0,118.0,82.0,-20.8,14.2,-18.5,False
8547,20122203,2020,12,22,3,127.0,0.0,184.0,152.0,78.0,-22.4,20.3,-19.5,False
8548,20122204,2020,12,22,4,80.0,1.0,6.0,2.0,80.0,-21.4,30.0,-18.8,False
8549,20122205,2020,12,22,5,119.0,1.0,3.0,2.0,73.0,-23.3,30.0,-19.7,False
8550,20122206,2020,12,22,6,87.0,0.0,119.0,113.0,69.0,-22.0,30.0,-17.7,False
8551,20122207,2020,12,22,7,85.0,2.0,119.0,103.0,67.0,-23.0,30.0,-18.4,False
8552,20122208,2020,12,22,8,59.0,3.0,4.0,3.0,58.0,-24.1,30.0,-17.8,False
8553,20122209,2020,12,22,9,69.0,2.0,134.0,79.0,57.0,-24.6,30.0,-18.2,False
8554,20122210,2020,12,22,10,36.0,0.0,132.0,116.0,59.0,-24.3,29.9,-18.2,False
8555,20122211,2020,12,22,11,82.0,2.0,134.0,129.0,55.0,-23.9,30.0,-17.0,False
8556,20122212,2020,12,22,12,46.0,1.0,148.0,110.0,54.0,-23.5,30.0,-16.3,False
8557,20122213,2020,12,22,13,78.0,2.0,136.0,116.0,56.0,-22.7,20.2,-15.9,False
8558,20122214,2020,12,22,14,345.0,1.0,168.0,118.0,53.0,-22.2,30.0,-14.7,False
8559,20122215,2020,12,22,15,345.0,1.0,137.0,113.0,59.0,-21.6,30.0,-15.4,False
8560,20122216,2020,12,22,16,75.0,1.0,138.0,119.0,62.0,-21.1,30.0,-15.5,False
8561,20122217,2020,12,22,17,67.0,1.0,175.0,110.0,60.0,-22.1,30.0,-16.1,False
8562,20122218,2020,12,22,18,71.0,1.0,10.0,7.0,63.0,-22.8,30.0,-17.4,False
8563,20122219,2020,12,22,19,55.0,1.0,9.0,4.0,60.0,-24.5,30.0,-18.7,False
8564,20122220,2020,12,22,20,83.0,3.0,5.0,1.0,49.0,-26.1,30.0,-18.0,False
8565,20122221,2020,12,22,21,72.0,2.0,3.0,1.0,42.0,-27.9,30.0,-18.1,False
8566,20122222,2020,12,22,22,72.0,0.0,2.0,1.0,52.0,-26.5,30.0,-19.1,False
8567,20122223,2020,12,22,23,60.0,2.0,143.0,117.0,45.0,-28.0,30.0,-19.0,False
8568,20122300,2020,12,23,0,69.0,1.0,171.0,128.0,44.0,-27.7,30.0,-18.4,False
8569,20122301,2020,12,23,1,175.0,0.0,4.0,1.0,53.0,-28.2,30.0,-21.1,False
8570,20122302,2020,12,23,2,131.0,1.0,208.0,141.0,57.0,-26.8,30.0,-20.5,False
8571,20122303,2020,12,23,3,140.0,1.0,170.0,128.0,62.0,-26.6,30.0,-21.2,False
8572,20122304,2020,12,23,4,142.0,1.0,162.0,133.0,61.0,-26.2,30.0,-20.6,False
8573,20122305,2020,12,23,5,0.0,0.0,204.0,162.0,54.0,-27.8,30.0,-20.9,False
8574,20122306,2020,12,23,6,80.0,1.0,233.0,189.0,66.0,-25.1,30.0,-20.4,False
8575,20122307,2020,12,23,7,0.0,0.0,272.0,209.0,68.0,-25.6,30.0,-21.3,False
8576,20122308,2020,12,23,8,120.0,1.0,271.0,184.0,54.0,-24.7,30.0,-17.6,False
8577,20122309,2020,12,23,9,0.0,0.0,298.0,222.0,42.0,-28.0,30.0,-18.2,False
8578,20122310,2020,12,23,10,171.0,1.0,314.0,202.0,47.0,-27.4,30.0,-18.9,False
8579,20122311,2020,12,23,11,94.0,1.0,261.0,189.0,36.0,-26.8,30.0,-15.0,False
8580,20122312,2020,12,23,12,94.0,1.0,235.0,184.0,28.0,-26.5,30.0,-11.6,False
8581,20122313,2020,12,23,13,335.0,1.0,203.0,178.0,22.0,-28.0,30.0,-10.3,False
8582,20122314,2020,12,23,14,292.0,0.0,231.0,203.0,20.0,-28.3,30.0,-9.5,False
8583,20122315,2020,12,23,15,47.0,0.0,275.0,234.0,29.0,-24.9,30.0,-10.3,False
8584,20122316,2020,12,23,16,0.0,0.0,321.0,254.0,27.0,-25.6,30.0,-10.1,False
8585,20122317,2020,12,23,17,193.0,0.0,303.0,228.0,34.0,-23.8,30.0,-11.0,False
8586,20122318,2020,12,23,18,165.0,2.0,265.0,222.0,32.0,-25.5,30.0,-12.2,False
8587,20122319,2020,12,23,19,69.0,1.0,292.0,223.0,44.0,-21.9,20.5,-12.1,False
8588,20122320,2020,12,23,20,135.0,2.0,285.0,216.0,56.0,-21.0,30.0,-14.1,False
8589,20122321,2020,12,23,21,142.0,0.0,2.0,1.0,59.0,-18.6,30.0,-12.2,False
8590,20122322,2020,12,23,22,160.0,1.0,238.0,185.0,59.0,-19.3,30.0,-13.0,False
8591,20122323,2020,12,23,23,199.0,1.0,228.0,200.0,60.0,-18.8,30.0,-12.7,False
8592,20122400,2020,12,24,0,170.0,2.0,294.0,228.0,59.0,-19.0,30.0,-12.7,False
8593,20122401,2020,12,24,1,156.0,2.0,277.0,205.0,58.0,-19.4,30.0,-12.9,False
8594,20122402,2020,12,24,2,130.0,3.0,266.0,198.0,56.0,-20.7,30.0,-13.8,False
8595,20122403,2020,12,24,3,140.0,1.0,240.0,183.0,60.0,-19.9,30.0,-13.8,False
8596,20122404,2020,12,24,4,137.0,1.0,219.0,180.0,64.0,-19.0,30.0,-13.7,False
8597,20122405,2020,12,24,5,96.0,2.0,230.0,183.0,59.0,-18.2,30.0,-11.8,False
8598,20122406,2020,12,24,6,91.0,2.0,225.0,180.0,60.0,-17.6,30.0,-11.4,False
8599,20122407,2020,12,24,7,85.0,3.0,214.0,178.0,62.0,-17.8,30.0,-12.0,False
8600,20122408,2020,12,24,8,93.0,3.0,234.0,174.0,60.0,-17.3,30.0,-11.1,False
8601,20122409,2020,12,24,9,94.0,2.0,227.0,172.0,60.0,-17.7,30.0,-11.5,False
8602,20122410,2020,12,24,10,110.0,0.0,221.0,176.0,61.0,-18.7,30.0,-12.8,False
8603,20122411,2020,12,24,11,147.0,1.0,223.0,172.0,52.0,-18.2,30.0,-10.2,False
8604,20122412,2020,12,24,12,92.0,2.0,209.0,180.0,42.0,-17.5,30.0,-6.7,False
8605,20122413,2020,12,24,13,41.0,2.0,206.0,180.0,34.0,-19.0,30.0,-5.6,False
8606,20122414,2020,12,24,14,355.0,1.0,222.0,182.0,34.0,-18.1,30.0,-4.6,False
8607,20122415,2020,12,24,15,352.0,1.0,235.0,184.0,36.0,-17.1,30.0,-4.3,False
8608,20122416,2020,12,24,16,10.0,2.0,218.0,170.0,36.0,-17.5,30.0,-4.7,False
8609,20122417,2020,12,24,17,25.0,2.0,194.0,168.0,34.0,-18.9,30.0,-5.5,False
8610,20122418,2020,12,24,18,73.0,1.0,198.0,166.0,33.0,-19.5,30.0,-5.8,False
8611,20122419,2020,12,24,19,152.0,1.0,197.0,172.0,46.0,-19.0,4.3,-9.5,False
8612,20122420,2020,12,24,20,212.0,0.0,2.0,2.0,46.0,-20.2,30.0,-10.8,False
8613,20122421,2020,12,24,21,87.0,2.0,8.0,1.0,53.0,-18.8,30.0,-11.1,False
8614,20122422,2020,12,24,22,140.0,1.0,7.0,1.0,50.0,-20.0,30.0,-11.7,False
8615,20122423,2020,12,24,23,126.0,1.0,6.0,2.0,52.0,-18.9,23.9,-11.0,False
8616,20122500,2020,12,25,0,137.0,2.0,2.0,1.0,50.0,-20.8,30.0,-12.5,False
8617,20122501,2020,12,25,1,0.0,0.0,310.0,207.0,48.0,-19.5,30.0,-10.6,False
8618,20122502,2020,12,25,2,82.0,1.0,287.0,210.0,51.0,-18.9,30.0,-10.7,False
8619,20122503,2020,12,25,3,71.0,1.0,282.0,211.0,49.0,-19.0,30.0,-10.3,False
8620,20122504,2020,12,25,4,87.0,1.0,255.0,201.0,51.0,-19.7,30.0,-11.6,False
8621,20122505,2020,12,25,5,101.0,0.0,253.0,209.0,49.0,-21.6,30.0,-13.1,False
8622,20122506,2020,12,25,6,81.0,1.0,259.0,197.0,40.0,-22.2,30.0,-11.3,False
8623,20122507,2020,12,25,7,82.0,1.0,253.0,195.0,28.0,-26.0,30.0,-11.1,False
8624,20122508,2020,12,25,8,75.0,1.0,256.0,197.0,27.0,-26.2,30.0,-10.8,False
8625,20122509,2020,12,25,9,99.0,1.0,2.0,1.0,28.0,-25.2,30.0,-10.1,False
8626,20122510,2020,12,25,10,93.0,2.0,258.0,209.0,31.0,-23.6,30.0,-9.6,False
8627,20122511,2020,12,25,11,52.0,1.0,340.0,240.0,30.0,-22.6,30.0,-8.1,False
8628,20122512,2020,12,25,12,104.0,0.0,209.0,180.0,28.0,-21.6,30.0,-6.0,False
8629,20122513,2020,12,25,13,31.0,1.0,221.0,188.0,26.0,-21.3,30.0,-4.7,False
8630,20122514,2020,12,25,14,286.0,0.0,333.0,239.0,19.0,-24.2,30.0,-3.9,False
8631,20122515,2020,12,25,15,301.0,0.0,284.0,244.0,14.0,-29.1,30.0,-5.8,False
8632,20122516,2020,12,25,16,325.0,0.0,322.0,245.0,13.0,-30.1,30.0,-6.1,False
8633,20122517,2020,12,25,17,76.0,0.0,315.0,243.0,14.0,-29.2,30.0,-5.9,False
8634,20122518,2020,12,25,18,135.0,0.0,296.0,242.0,35.0,-20.4,30.0,-7.6,False
8635,20122519,2020,12,25,19,25.0,0.0,299.0,243.0,41.0,-20.8,30.0,-10.0,False
8636,20122520,2020,12,25,20,0.0,0.0,293.0,236.0,46.0,-21.4,30.0,-12.1,False
8637,20122521,2020,12,25,21,108.0,1.0,268.0,214.0,51.0,-20.0,30.0,-11.9,False
8638,20122522,2020,12,25,22,114.0,2.0,2.0,2.0,48.0,-20.4,30.0,-11.6,False
8639,20122523,2020,12,25,23,137.0,1.0,237.0,191.0,48.0,-20.0,30.0,-11.1,False
8640,20122600,2020,12,26,0,87.0,2.0,220.0,191.0,47.0,-20.5,14.4,-11.4,False
8641,20122601,2020,12,26,1,118.0,2.0,231.0,188.0,46.0,-20.4,30.0,-11.1,False
8642,20122602,2020,12,26,2,87.0,1.0,227.0,186.0,43.0,-20.7,30.0,-10.5,False
8643,20122603,2020,12,26,3,69.0,1.0,230.0,193.0,45.0,-21.2,30.0,-11.6,False
8644,20122604,2020,12,26,4,84.0,2.0,276.0,214.0,41.0,-21.7,30.0,-11.0,False
8645,20122605,2020,12,26,5,82.0,2.0,315.0,255.0,40.0,-22.0,30.0,-11.1,False
8646,20122606,2020,12,26,6,78.0,2.0,282.0,221.0,41.0,-21.6,30.0,-10.9,False
8647,20122607,2020,12,26,7,82.0,2.0,309.0,233.0,44.0,-20.8,30.0,-10.9,False
8648,20122608,2020,12,26,8,87.0,2.0,341.0,234.0,43.0,-20.7,30.0,-10.5,False
8649,20122609,2020,12,26,9,90.0,1.0,296.0,215.0,45.0,-20.6,30.0,-11.0,False
8650,20122610,2020,12,26,10,92.0,1.0,274.0,210.0,47.0,-20.2,30.0,-11.1,False
8651,20122611,2020,12,26,11,185.0,0.0,274.0,208.0,47.0,-19.3,29.3,-10.1,False
8652,20122612,2020,12,26,12,180.0,0.0,297.0,213.0,47.0,-16.8,30.0,-7.4,False
8653,20122613,2020,12,26,13,166.0,0.0,301.0,231.0,48.0,-15.3,30.0,-6.1,False
8654,20122614,2020,12,26,14,278.0,0.0,3.0,3.0,49.0,-15.3,30.0,-6.3,False
8655,20122615,2020,12,26,15,331.0,0.0,239.0,206.0,41.0,-16.3,30.0,-5.1,False
8656,20122616,2020,12,26,16,308.0,0.0,3.0,2.0,43.0,-16.1,30.0,-5.5,False
8657,20122617,2020,12,26,17,336.0,1.0,289.0,237.0,42.0,-16.7,30.0,-5.9,False
8658,20122618,2020,12,26,18,0.0,0.0,2.0,2.0,50.0,-16.4,30.0,-7.8,False
8659,20122619,2020,12,26,19,176.0,1.0,286.0,230.0,62.0,-18.4,28.7,-12.6,False
8660,20122620,2020,12,26,20,0.0,0.0,6.0,5.0,65.0,-19.4,30.0,-14.3,False
8661,20122621,2020,12,26,21,77.0,1.0,5.0,5.0,65.0,-17.5,30.0,-12.3,False
8662,20122622,2020,12,26,22,92.0,2.0,235.0,199.0,67.0,-16.8,30.0,-11.9,False
8663,20122623,2020,12,26,23,85.0,2.0,241.0,204.0,64.0,-17.3,30.0,-11.9,False
8664,20122700,2020,12,27,0,101.0,2.0,8.0,6.0,60.0,-18.7,30.0,-12.5,False
8665,20122701,2020,12,27,1,82.0,0.0,6.0,3.0,67.0,-17.8,30.0,-13.0,False
8666,20122702,2020,12,27,2,21.0,0.0,6.0,2.0,72.0,-17.0,30.0,-13.0,False
8667,20122703,2020,12,27,3,34.0,0.0,5.0,1.0,65.0,-19.0,30.0,-13.8,False
8668,20122704,2020,12,27,4,73.0,0.0,9.0,3.0,59.0,-20.6,30.0,-14.3,False
8669,20122705,2020,12,27,5,339.0,0.0,9.0,4.0,65.0,-18.9,30.0,-13.7,False
8670,20122706,2020,12,27,6,342.0,1.0,6.0,5.0,74.0,-17.5,30.0,-13.9,False
8671,20122707,2020,12,27,7,0.0,0.0,6.0,6.0,81.0,-17.4,30.0,-14.9,False
8672,20122708,2020,12,27,8,138.0,1.0,7.0,5.0,74.0,-19.6,28.4,-16.0,False
8673,20122709,2020,12,27,9,205.0,0.0,5.0,4.0,68.0,-20.4,30.0,-15.9,False
8674,20122710,2020,12,27,10,178.0,1.0,6.0,6.0,59.0,-23.5,30.0,-17.4,False
8675,20122711,2020,12,27,11,344.0,1.0,7.0,6.0,35.0,-28.0,30.0,-16.1,False
8676,20122712,2020,12,27,12,9.0,1.0,236.0,210.0,46.0,-25.1,30.0,-16.1,False
8677,20122713,2020,12,27,13,64.0,1.0,252.0,220.0,42.0,-25.4,30.0,-15.4,False
8678,20122714,2020,12,27,14,312.0,2.0,290.0,250.0,65.0,-21.3,30.0,-16.3,False
8679,20122715,2020,12,27,15,4.0,2.0,323.0,269.0,60.0,-21.9,30.0,-15.9,False
8680,20122716,2020,12,27,16,326.0,3.0,3.0,2.0,59.0,-22.2,30.0,-16.0,False
8681,20122717,2020,12,27,17,3.0,2.0,4.0,3.0,66.0,-21.3,30.0,-16.4,False
8682,20122718,2020,12,27,18,5.0,1.0,6.0,3.0,81.0,-20.1,30.0,-17.6,False
8683,20122719,2020,12,27,19,29.0,2.0,6.0,4.0,79.0,-21.1,25.1,-18.4,False
8684,20122720,2020,12,27,20,5.0,1.0,6.0,5.0,76.0,-21.7,28.7,-18.5,False
8685,20122721,2020,12,27,21,329.0,1.0,7.0,4.0,71.0,-22.9,30.0,-19.0,False
8686,20122722,2020,12,27,22,331.0,4.0,6.0,1.0,57.0,-25.4,30.0,-19.0,False
8687,20122723,2020,12,27,23,20.0,0.0,4.0,1.0,59.0,-26.1,30.0,-20.1,False
8688,20122800,2020,12,28,0,64.0,0.0,263.0,204.0,62.0,-26.0,30.0,-20.6,False
8689,20122801,2020,12,28,1,91.0,0.0,297.0,208.0,65.0,-26.0,30.0,-21.2,False
8690,20122802,2020,12,28,2,39.0,2.0,4.0,2.0,63.0,-26.4,30.0,-21.2,False
8691,20122803,2020,12,28,3,71.0,3.0,293.0,217.0,62.0,-26.7,30.0,-21.3,False
8692,20122804,2020,12,28,4,350.0,1.0,246.0,213.0,65.0,-27.1,30.0,-22.3,False
8693,20122805,2020,12,28,5,325.0,1.0,234.0,208.0,66.0,-26.9,30.0,-22.3,False
8694,20122806,2020,12,28,6,33.0,0.0,256.0,229.0,71.0,-27.0,30.0,-23.2,False
8695,20122807,2020,12,28,7,98.0,1.0,302.0,232.0,64.0,-24.5,30.0,-19.4,False
8696,20122808,2020,12,28,8,82.0,2.0,4.0,2.0,54.0,-25.4,30.0,-18.4,False
8697,20122809,2020,12,28,9,87.0,1.0,6.0,2.0,49.0,-28.2,24.2,-20.2,False
8698,20122810,2020,12,28,10,117.0,2.0,12.0,1.0,51.0,-27.5,30.0,-19.9,False
8699,20122811,2020,12,28,11,97.0,2.0,297.0,278.0,37.0,-27.9,30.0,-16.6,False
8700,20122812,2020,12,28,12,127.0,1.0,6.0,1.0,34.0,-27.5,30.0,-15.1,False
8701,20122813,2020,12,28,13,197.0,2.0,329.0,236.0,33.0,-27.0,30.0,-14.2,False
8702,20122814,2020,12,28,14,198.0,2.0,306.0,228.0,21.0,-31.2,30.0,-13.5,False
8703,20122815,2020,12,28,15,202.0,2.0,255.0,226.0,42.0,-24.6,30.0,-14.5,False
8704,20122816,2020,12,28,16,199.0,1.0,171.0,125.0,30.0,-27.8,30.0,-14.0,False
8705,20122817,2020,12,28,17,200.0,1.0,96.0,83.0,19.0,-32.8,30.0,-14.1,False
8706,20122818,2020,12,28,18,164.0,2.0,6.0,3.0,31.0,-30.8,30.0,-17.7,False
8707,20122819,2020,12,28,19,162.0,2.0,6.0,1.0,27.0,-33.7,30.0,-19.4,False
8708,20122820,2020,12,28,20,157.0,1.0,4.0,1.0,26.0,-34.7,30.0,-20.1,False
8709,20122821,2020,12,28,21,150.0,1.0,144.0,110.0,28.0,-34.1,30.0,-20.3,False
8710,20122822,2020,12,28,22,142.0,2.0,122.0,116.0,31.0,-33.9,30.0,-21.2,False
8711,20122823,2020,12,28,23,127.0,2.0,143.0,125.0,30.0,-33.7,30.0,-20.6,False
8712,20122900,2020,12,29,0,93.0,2.0,178.0,136.0,23.0,-34.9,30.0,-18.9,False
8713,20122901,2020,12,29,1,135.0,1.0,212.0,162.0,25.0,-35.7,30.0,-20.8,False
8714,20122902,2020,12,29,2,92.0,2.0,231.0,174.0,20.0,-36.4,30.0,-19.0,False
8715,20122903,2020,12,29,3,137.0,2.0,277.0,180.0,29.0,-33.9,30.0,-20.5,False
8716,20122904,2020,12,29,4,117.0,2.0,231.0,173.0,26.0,-34.1,30.0,-19.4,False
8717,20122905,2020,12,29,5,117.0,2.0,1.0,1.0,24.0,-34.6,30.0,-19.1,False
8718,20122906,2020,12,29,6,149.0,2.0,290.0,215.0,27.0,-34.5,30.0,-20.3,False
8719,20122907,2020,12,29,7,91.0,2.0,319.0,207.0,24.0,-33.9,30.0,-18.3,False
8720,20122908,2020,12,29,8,84.0,2.0,292.0,198.0,22.0,-34.7,30.0,-18.1,False
8721,20122909,2020,12,29,9,92.0,1.0,268.0,181.0,17.0,-36.7,30.0,-17.5,False
8722,20122910,2020,12,29,10,148.0,2.0,247.0,176.0,22.0,-35.2,30.0,-18.7,False
8723,20122911,2020,12,29,11,79.0,1.0,225.0,171.0,18.0,-34.4,30.0,-15.4,False
8724,20122912,2020,12,29,12,91.0,0.0,244.0,191.0,13.0,-34.6,30.0,-11.7,False
8725,20122913,2020,12,29,13,278.0,0.0,293.0,189.0,14.0,-33.6,30.0,-11.3,False
8726,20122914,2020,12,29,14,211.0,1.0,294.0,198.0,26.0,-28.1,30.0,-12.5,False
8727,20122915,2020,12,29,15,195.0,0.0,273.0,204.0,14.0,-32.7,30.0,-10.2,False
8728,20122916,2020,12,29,16,355.0,0.0,384.0,225.0,17.0,-30.6,30.0,-10.2,False
8729,20122917,2020,12,29,17,152.0,0.0,237.0,207.0,14.0,-32.1,30.0,-9.5,False
8730,20122918,2020,12,29,18,72.0,0.0,295.0,215.0,15.0,-32.9,30.0,-11.3,False
8731,20122919,2020,12,29,19,109.0,1.0,6.0,6.0,24.0,-31.7,25.0,-15.7,False
8732,20122920,2020,12,29,20,142.0,0.0,5.0,3.0,24.0,-32.4,28.3,-16.5,False
8733,20122921,2020,12,29,21,88.0,2.0,2.0,2.0,17.0,-33.8,30.0,-14.0,False
8734,20122922,2020,12,29,22,91.0,2.0,3.0,2.0,18.0,-33.1,30.0,-13.8,False
8735,20122923,2020,12,29,23,85.0,1.0,3.0,1.0,16.0,-33.9,30.0,-13.4,False
8736,20123000,2020,12,30,0,0.0,0.0,271.0,215.0,21.0,-33.1,30.0,-15.7,False
8737,20123001,2020,12,30,1,231.0,1.0,302.0,217.0,23.0,-33.1,30.0,-16.8,False
8738,20123002,2020,12,30,2,152.0,1.0,108.0,67.0,24.0,-32.5,30.0,-16.6,False
8739,20123003,2020,12,30,3,105.0,1.0,257.0,236.0,18.0,-34.5,30.0,-15.5,False
8740,20123004,2020,12,30,4,140.0,1.0,44.0,42.0,21.0,-33.8,30.0,-16.6,False
8741,20123005,2020,12,30,5,165.0,0.0,291.0,214.0,19.0,-34.1,30.0,-15.7,False
8742,20123006,2020,12,30,6,172.0,0.0,249.0,237.0,25.0,-33.4,21.4,-18.2,False
8743,20123007,2020,12,30,7,19.0,0.0,12.0,12.0,21.0,-33.9,30.0,-16.7,False
8744,20123008,2020,12,30,8,64.0,1.0,13.0,12.0,22.0,-32.6,30.0,-15.7,False
8745,20123009,2020,12,30,9,16.0,1.0,106.0,66.0,25.0,-33.6,30.0,-18.4,False
8746,20123010,2020,12,30,10,55.0,2.0,199.0,173.0,23.0,-33.1,30.0,-16.8,False
8747,20123011,2020,12,30,11,96.0,0.0,120.0,89.0,15.0,-35.9,30.0,-15.0,False
8748,20123012,2020,12,30,12,293.0,1.0,110.0,58.0,20.0,-33.0,30.0,-15.0,False
8749,20123013,2020,12,30,13,54.0,1.0,227.0,167.0,22.0,-31.7,30.0,-14.6,False
8750,20123014,2020,12,30,14,314.0,1.0,286.0,167.0,14.0,-35.0,30.0,-13.0,False
8751,20123015,2020,12,30,15,314.0,1.0,286.0,167.0,14.0,-35.0,30.0,-13.0,False
8752,20123016,2020,12,30,16,231.0,0.0,8.0,8.0,23.0,-29.2,30.0,-12.3,False
8753,20123017,2020,12,30,17,188.0,1.0,11.0,7.0,25.0,-28.1,30.0,-12.0,False
8754,20123018,2020,12,30,18,255.0,0.0,13.0,6.0,30.0,-27.7,30.0,-13.8,False
8755,20123019,2020,12,30,19,270.0,0.0,7.0,7.0,36.0,-28.6,12.1,-17.1,False
8756,20123020,2020,12,30,20,86.0,1.0,95.0,78.0,41.0,-28.3,30.0,-18.3,False
8757,20123021,2020,12,30,21,41.0,1.0,5.0,4.0,41.0,-28.2,14.5,-18.2,False
8758,20123022,2020,12,30,22,38.0,2.0,306.0,288.0,37.0,-28.4,30.0,-17.2,False
8759,20123023,2020,12,30,23,29.0,1.0,325.0,235.0,38.0,-28.2,30.0,-17.3,False
8760,20123100,2020,12,31,0,83.0,2.0,2.0,2.0,38.0,-28.6,30.0,-17.7,False
8761,20123101,2020,12,31,1,99.0,2.0,216.0,206.0,36.0,-29.6,30.0,-18.2,False
8762,20123102,2020,12,31,2,37.0,1.0,210.0,202.0,38.0,-28.4,30.0,-17.5,False
8763,20123103,2020,12,31,3,64.0,2.0,234.0,230.0,44.0,-27.5,30.0,-18.2,False
8764,20123104,2020,12,31,4,81.0,2.0,230.0,217.0,48.0,-26.0,30.0,-17.6,False
8765,20123105,2020,12,31,5,0.0,0.0,137.0,136.0,55.0,-26.2,30.0,-19.4,False
8766,20123106,2020,12,31,6,306.0,1.0,38.0,29.0,55.0,-25.7,30.0,-18.9,False
8767,20123107,2020,12,31,7,64.0,1.0,5.0,2.0,50.0,-26.5,30.0,-18.6,False
8768,20123108,2020,12,31,8,187.0,4.0,4.0,2.0,61.0,-24.2,30.0,-18.5,False
8769,20123109,2020,12,31,9,235.0,2.0,4.0,1.0,58.0,-24.3,30.0,-18.1,False
8770,20123110,2020,12,31,10,170.0,4.0,5.0,2.0,60.0,-22.6,30.0,-16.7,False
8771,20123111,2020,12,31,11,206.0,4.0,6.0,5.0,58.0,-22.8,30.0,-16.5,False
8772,20123112,2020,12,31,12,211.0,5.0,51.0,37.0,51.0,-21.2,30.0,-13.2,False
8773,20123113,2020,12,31,13,192.0,4.0,164.0,132.0,51.0,-19.7,29.9,-11.6,False
8774,20123114,2020,12,31,14,182.0,4.0,145.0,138.0,46.0,-19.2,30.0,-9.7,False
8775,20123115,2020,12,31,15,223.0,5.0,148.0,115.0,52.0,-18.9,30.0,-11.0,False
8776,20123116,2020,12,31,16,202.0,3.0,171.0,104.0,52.0,-19.5,30.0,-11.6,False
8777,20123117,2020,12,31,17,214.0,5.0,17.0,14.0,55.0,-20.3,26.2,-13.2,False
8778,20123118,2020,12,31,18,202.0,4.0,26.0,17.0,60.0,-20.7,25.1,-14.7,False
8779,20123119,2020,12,31,19,181.0,3.0,23.0,16.0,62.0,-20.8,27.3,-15.2,False
8780,20123120,2020,12,31,20,172.0,4.0,17.0,14.0,61.0,-20.6,30.0,-14.7,False
8781,20123121,2020,12,31,21,175.0,4.0,12.0,12.0,63.0,-21.1,30.0,-15.7,False
8782,20123122,2020,12,31,22,183.0,4.0,8.0,8.0,54.0,-23.0,30.0,-15.8,False
8783,20123123,2020,12,31,23,183.0,5.0,5.0,5.0,64.0,-22.0,30.0,-16.8,False
